   1.0708823297125303E-003   5.84949274E-03   1.2670850267877121E-003   2.23283023E-02
   3.2126468229147775E-003   9.54877958E-03   3.8012548836856563E-003   3.29329967E-02
   5.3544114823398381E-003   1.32480906E-02   6.3354249372610805E-003   4.34685908E-02
   7.4961761417648987E-003   1.69469807E-02   8.8695949908365046E-003   5.39352335E-02
   9.6379411336355858E-003   2.06450038E-02   1.1403765437766888E-002   6.43330663E-02
   1.1779705460615020E-002   2.43417230E-02   1.3937935097987353E-002   7.46622160E-02
   1.3921470452485707E-002   2.80367080E-02   1.6472105544917737E-002   8.49228427E-02
   1.6063235444356394E-002   3.17295305E-02   1.9006275991848121E-002   9.51150879E-02
   1.8204999106444575E-002   3.54197659E-02   2.1540444865358666E-002  0.105239078    
   2.0346764098315262E-002   3.91069986E-02   2.4074615312289049E-002  0.115294978    
   2.2488529090185949E-002   4.27908190E-02   2.6608785759219433E-002  0.125282913    
   2.4630292752274130E-002   4.64708135E-02   2.9142954632729978E-002  0.135203049    
   2.6772059073927323E-002   5.01465946E-02   3.1677126653080201E-002  0.145055518    
   2.8913822736015504E-002   5.38177453E-02   3.4211295526590746E-002  0.154840469    
   3.1055586398103685E-002   5.74838854E-02   3.6745464400101291E-002  0.164558038    
   3.3197352719756879E-002   6.11446314E-02   3.9279636420451514E-002  0.174208403    
   3.5339116381845059E-002   6.47995844E-02   4.1813805293962059E-002  0.183791667    
   3.7480880043933240E-002   6.84483871E-02   4.4347974167472604E-002  0.193308011    
   3.9622646365586434E-002   7.20906556E-02   4.6882146187822826E-002  0.202757582    
   4.1764410027674614E-002   7.57260174E-02   4.9416315061333371E-002  0.212140515    
   4.3906176349327808E-002   7.93541297E-02   5.1950487081683594E-002  0.221456975    
   4.6047937351850976E-002   8.29746053E-02   5.4484652808354461E-002  0.230707079    
   4.8189706333069182E-002   8.65871161E-02   5.7018827975544362E-002  0.239891037    
   5.0331469995157363E-002   9.01912898E-02   5.9552996849054907E-002  0.249008939    
   5.2473233657245544E-002   9.37868059E-02   6.2087165722565452E-002  0.258060962    
   5.4614997319333725E-002   9.73732993E-02   6.4621334596075997E-002  0.267047256    
   5.6756760981421905E-002  0.100950457       6.7155503469586542E-002  0.275967985    
   5.8898529962640112E-002  0.104517952       6.9689678636776442E-002  0.284823298    
   6.1040293624728292E-002  0.108075432       7.2223847510286987E-002  0.293613344    
   6.3182057286816473E-002  0.111622587       7.4758016383797532E-002  0.302338243    
   6.5323820948904654E-002  0.115159109       7.7292185257308077E-002  0.310998201    
   6.7465584610992835E-002  0.118684679       7.9826354130818622E-002  0.319593370    
   6.9607348273081016E-002  0.122198984       8.2360523004329167E-002  0.328123868    
   7.1749117254299222E-002  0.125701740       8.4894698171519067E-002  0.336589903    
   7.3890880916387403E-002  0.129192621       8.7428867045029612E-002  0.344991565    
   7.6032644578475583E-002  0.132671341       8.9963035918540157E-002  0.353329033    
   7.8174408240563764E-002  0.136137620       9.2497204792050702E-002  0.361602515    
   8.0316171902651945E-002  0.139591157       9.5031373665561247E-002  0.369812101    
   8.2457940883870151E-002  0.143031687       9.7565548832751148E-002  0.377958000    
   8.4599704545958332E-002  0.146458909      0.10009971770626169       0.386040330    
   8.6741468208046513E-002  0.149872571      0.10263388657977224       0.394059271    
   8.8883231870134694E-002  0.153272390      0.10516805545328278       0.402014971    
   9.1024995532222874E-002  0.156658113      0.10770222432679333       0.409907609    
   9.3166764513441080E-002  0.160029471      0.11023639949398323       0.417737335    
   9.5308522856399236E-002  0.163386196      0.11277056207381442       0.425504267    
   9.7450291837617442E-002  0.166728064      0.11530473724100432       0.433208674    
   9.9592060818835648E-002  0.170054808      0.11783891240819422       0.440850616    
  0.10173381916179380       0.173366159      0.12037307498802541       0.448430270    
  0.10387558814301201       0.176661924      0.12290725015521531       0.455947846    
  0.10601734648597017       0.179941833      0.12544141273504650       0.463403434    
  0.10815911546718837       0.183205679      0.12797558790223640       0.470797300    
  0.11030087381014653       0.186453193      0.13050975048206759       0.478129506    
  0.11244264279136473       0.189684197      0.13304392564925749       0.485400259    
  0.11458441177258294       0.192898437      0.13557810081644739       0.492609769    
  0.11672617011554109       0.196095705      0.13811226339627858       0.499758095    
  0.11886793909675930       0.199275807      0.14064643856346848       0.506845474    
  0.12100969743971746       0.202438489      0.14318060114329967       0.513872027    
  0.12315146642093566       0.205583587      0.14571477631048957       0.520838022    
  0.12529323540215387       0.208710894      0.14824895147767947       0.527743518    
  0.12743499374511202       0.211820185      0.15078311405751066       0.534588695    
  0.12957676272633023       0.214911297      0.15331728922470056       0.541373789    
  0.13171852106928839       0.217983991      0.15585145180453175       0.548098862    
  0.13386029005050659       0.221038148      0.15838562697172165       0.554764211    
  0.13600205903172480       0.224073544      0.16091980213891155       0.561369896    
  0.13814381737468295       0.227089986      0.16345396471874274       0.567916095    
  0.14028558635590116       0.230087325      0.16598813988593264       0.574403048    
  0.14242734469885932       0.233065382      0.16852230246576383       0.580830812    
  0.14456911368007752       0.236023977      0.17105647763295373       0.587199688    
  0.14671088266129573       0.238962963      0.17359065280014363       0.593509793    
  0.14885264100425388       0.241882160      0.17612481537997482       0.599761188    
  0.15099440998547209       0.244781420      0.17865899054716472       0.605954230    
  0.15313616832843024       0.247660562      0.18119315312699591       0.612088978    
  0.15527793730964845       0.250519484      0.18372732829418581       0.618165612    
  0.15741970629086666       0.253358006      0.18626150346137571       0.624184370    
  0.15956146463382481       0.256175965      0.18879566604120690       0.630145311    
  0.16170323361504302       0.258973241      0.19132984120839680       0.636048734    
  0.16384499195800117       0.261749685      0.19386400378822799       0.641894639    
  0.16598676093921938       0.264505208      0.19639817895541789       0.647683382    
  0.16812851928217754       0.267239600      0.19893234153524908       0.653415024    
  0.17027028826339574       0.269952804      0.20146651670243898       0.659089804    
  0.17241205724461395       0.272644639      0.20400069186962888       0.664707899    
  0.17455381558757210       0.275315017      0.20653485444946007       0.670269370    
  0.17669558456879031       0.277963817      0.20906902961664997       0.675774574    
  0.17883734291174846       0.280590892      0.21160319219648116       0.681223512    
  0.18097912253122672       0.283196181      0.21413737995102977       0.686616421    
  0.18312088087418488       0.285779506      0.21667154253086096       0.691953540    
  0.18526263921714303       0.288340807      0.21920570511069215       0.697234929    
  0.18740439756010119       0.290879995      0.22173986769052334       0.702460825    
  0.18954617717957944       0.293396950      0.22427405544507195       0.707631469    
  0.19168793552253760       0.295891523      0.22680821802490314       0.712746918    
  0.19382969386549576       0.298363686      0.22934238060473433       0.717807412    
  0.19597147348497401       0.300813377      0.23187656835928294       0.722813189    
  0.19811323182793217       0.303240389      0.23441073093911413       0.727764308    
  0.20025499017089032       0.305644751      0.23694489351894532       0.732661009    
  0.20239674851384848       0.308026314      0.23947905609877651       0.737503409    
  0.20453852813332674       0.310385019      0.24201324385332512       0.742291808    
  0.20668028647628489       0.312720805      0.24454740643315631       0.747026265    
  0.20882204481924305       0.315033555      0.24708156901298750       0.751707017    
  0.21096382443872130       0.317323238      0.24961575676753611       0.756334305    
  0.21310558278167946       0.319589764      0.25214991934736730       0.760908127    
  0.21524734112463761       0.321833074      0.25468408192719849       0.765428841    
  0.21738912074411587       0.324053138      0.25721826968174710       0.769896567    
  0.21953087908707403       0.326249808      0.25975243226157829       0.774311423    
  0.22167263743003218       0.328423083      0.26228659484140948       0.778673649    
  0.22381439577299034       0.330572933      0.26482075742124067       0.782983422    
  0.22595617539246859       0.332699269      0.26735494517578928       0.787240982    
  0.22809793373542675       0.334802061      0.26988910775562047       0.791446447    
  0.23023969207838491       0.336881220      0.27242327033545166       0.795599937    
  0.23238147169786316       0.338936776      0.27495745809000027       0.799701750    
  0.23452323004082132       0.340968579      0.27749162066983146       0.803752005    
  0.23666498838377947       0.342976689      0.28002578324966265       0.807750881    
  0.23880676800325773       0.344961047      0.28255997100421126       0.811698616    
  0.24094852634621589       0.346921563      0.28509413358404245       0.815595269    
  0.24309028468917404       0.348858267      0.28762829616387364       0.819441140    
  0.24523204303213220       0.350771099      0.29016245874370483       0.823236406    
  0.24737382265161045       0.352660060      0.29269664649825344       0.826981246    
  0.24951558099456861       0.354525089      0.29523080907808463       0.830675781    
  0.25165733933752676       0.356366187      0.29776497165791582       0.834320247    
  0.25379911895700502       0.358183324      0.30029915941246443       0.837914824    
  0.25594087729996318       0.359976500      0.30283332199229562       0.841459692    
  0.25808263564292133       0.361745656      0.30536748457212681       0.844954967    
  0.26022439398587949       0.363490820      0.30790164715195800       0.848400950    
  0.26236617360535774       0.365211964      0.31043583490650661       0.851797819    
  0.26450793194831590       0.366909087      0.31296999748633780       0.855145693    
  0.26664969029127406       0.368582189      0.31550416006616899       0.858444750    
  0.26879146991075231       0.370231271      0.31803834782071760       0.861695230    
  0.27093322825371047       0.371856302      0.32057251040054879       0.864897251    
  0.27307498659666862       0.373457283      0.32310667298037998       0.868051112    
  0.27521676621614688       0.375034243      0.32564086073492859       0.871156871    
  0.27735852455910504       0.376587182      0.32817502331475978       0.874214828    
  0.27950028290206319       0.378116071      0.33070918589459097       0.877225041    
  0.28164204124502135       0.379620969      0.33324334847442216       0.880187809    
  0.28378382086449960       0.381101876      0.33577753622897077       0.883103311    
  0.28592557920745776       0.382558793      0.33831169880880196       0.885971665    
  0.28806733755041591       0.383991718      0.34084586138863315       0.888793111    
  0.29020911716989417       0.385400712      0.34338004914318176       0.891567826    
  0.29235087551285233       0.386785746      0.34591421172301295       0.894295990    
  0.29449263385581048       0.388146847      0.34844837430284414       0.896977842    
  0.29663439219876864       0.389484078      0.35098253688267533       0.899613440    
  0.29877617181824689       0.390797466      0.35351672463722394       0.902203143    
  0.30091793016120505       0.392086983      0.35605088721705513       0.904746950    
  0.30305968850416320       0.393352687      0.35858504979688632       0.907245219    
  0.30520146812364146       0.394594640      0.36111923755143494       0.909698069    
  0.30734322646659962       0.395812809      0.36365340013126612       0.912105680    
  0.30948498480955777       0.397007257      0.36618756271109731       0.914468229    
  0.31162676442903603       0.398178071      0.36872175046564593       0.916786015    
  0.31376852277199418       0.399325192      0.37125591304547712       0.919059038    
  0.31591028111495234       0.400448740      0.37379007562530830       0.921287656    
  0.31805203945791050       0.401548743      0.37632423820513949       0.923471928    
  0.32019381907738875       0.402625203      0.37885842595968811       0.925612152    
  0.32233557742034691       0.403678209      0.38139258853951929       0.927708507    
  0.32447733576330506       0.404707789      0.38392675111935048       0.929761052    
  0.32661911538278332       0.405714005      0.38646093887389910       0.931770146    
  0.32876087372574148       0.406696886      0.38899510145373029       0.933735907    
  0.33090263206869963       0.407656491      0.39152926403356147       0.935658514    
  0.33304441168817789       0.408592880      0.39406345178811009       0.937538207    
  0.33518617003113604       0.409506112      0.39659761436794128       0.939375043    
  0.33732792837409420       0.410396218      0.39913177694777247       0.941169381    
  0.33946968671705235       0.411263287      0.40166593952760365       0.942921340    
  0.34161146633653061       0.412107378      0.40420012728215227       0.944631100    
  0.34375322467948877       0.412928522      0.40673428986198346       0.946298838    
  0.34589498302244692       0.413726807      0.40926845244181465       0.947924793    
  0.34803676264192518       0.414502293      0.41180264019636326       0.949509144    
  0.35017852098488333       0.415255040      0.41433680277619445       0.951052010    
  0.35232027932784149       0.415985137      0.41687096535602564       0.952553689    
  0.35446203767079965       0.416692615      0.41940512793585683       0.954014301    
  0.35660381729027790       0.417377561      0.42193931569040544       0.955434144    
  0.35874557563323606       0.418040067      0.42447347827023663       0.956813216    
  0.36088735525271431       0.418680191      0.42700766602478524       0.958151877    
  0.36302909231915237       0.419297993      0.42954180342989901       0.959450245    
  0.36517087193863063       0.419893593      0.43207599118444762       0.960708559    
  0.36731265155810888       0.420467019      0.43461017893899623       0.961926997    
  0.36945438862454694       0.421018362      0.43714431634411000       0.963105679    
  0.37159616824402519       0.421547711      0.43967850409865861       0.964244902    
  0.37373794786350345       0.422055155      0.44221269185320722       0.965344787    
  0.37587968492994150       0.422540754      0.44474682925832099       0.966405511    
  0.37802146454941976       0.423004627      0.44728101701286960       0.967427373    
  0.38016324416889802       0.423446804      0.44981520476741821       0.968410492    
  0.38230498123533607       0.423867434      0.45234934217253198       0.969354987    
  0.38444676085481433       0.424266547      0.45488352992708059       0.970261216    
  0.38658849792125238       0.424644262      0.45741766733219436       0.971129239    
  0.38873027754073064       0.425000668      0.45995185508674297       0.971959293    
  0.39087205716020890       0.425335884      0.46248604284129158       0.972751558    
  0.39301379422664695       0.425649941      0.46502018024640535       0.973506272    
  0.39515557384612521       0.425942957      0.46755436800095396       0.974223554    
  0.39729735346560346       0.426215053      0.47008855575550257       0.974903703    
  0.39943909053204152       0.426466286      0.47262269316061634       0.975546777    
  0.40158087015151978       0.426696777      0.47515688091516495       0.976153076    
  0.40372264977099803       0.426906615      0.47769106866971356       0.976722777    
  0.40586438683743609       0.427095890      0.48022520607482733       0.977256000    
  0.40800616645691434       0.427264750      0.48275939382937594       0.977752984    
  0.41014794607639260       0.427413225      0.48529358158392455       0.978213966    
  0.41228968314283065       0.427541465      0.48782771898903832       0.978639066    
  0.41443146276230891       0.427649558      0.49036190674358693       0.979028523    
  0.41657324238178717       0.427737594      0.49289609449813554       0.979382515    
  0.41871497944822522       0.427805692      0.49543023190324931       0.979701281    
  0.42085675906770348       0.427853972      0.49796441965779792       0.979984879    
  0.42299849613414153       0.427882493      0.50049855706291169       0.980233669    
  0.42514027575361979       0.427891433      0.50303274481746030       0.980447710    
  0.42728205537309805       0.427880853      0.50556693257200891       0.980627298    
  0.42942379243953610       0.427850842      0.50810106997712268       0.980772555    
  0.43156557205901436       0.427801579      0.51063525773167129       0.980883718    
  0.43370735167849261       0.427733123      0.51316944548621990       0.980960965    
  0.43584908874493067       0.427645594      0.51570358289133367       0.981004417    
  0.43799086836440893       0.427539110      0.51823777064588228       0.981014431    
  0.44013264798388718       0.427413762      0.52077195840043089       0.980991006    
  0.44227438505032524       0.427269697      0.52330609580554466       0.980934501    
  0.44441616466980349       0.427107036      0.52584028356009327       0.980845034    
  0.44655794428928175       0.426925868      0.52837447131464188       0.980722785    
  0.44869968135571980       0.426726311      0.53090860871975565       0.980567932    
  0.45084146097519806       0.426508486      0.53344279647430426       0.980380714    
  0.45298324059467632       0.426272511      0.53597698422885287       0.980161369    
  0.45512497766111437       0.426018536      0.53851112163396664       0.979909956    
  0.45726675728059263       0.425746620      0.54104530938851525       0.979626775    
  0.45940849434703068       0.425456911      0.54357944679362902       0.979312003    
  0.46155027396650894       0.425149560      0.54611363454817763       0.978965819    
  0.46369205358598720       0.424824655      0.54864782230272624       0.978588343    
  0.46583379065242525       0.424482316      0.55118195970784001       0.978179872    
  0.46797557027190351       0.424122661      0.55371614746238862       0.977740586    
  0.47011734989138176       0.423745841      0.55625033521693723       0.977270603    
  0.47225908695781982       0.423351973      0.55878447262205100       0.976770222    
  0.47440086657729807       0.422941148      0.56131866037659961       0.976239562    
  0.47654264619677633       0.422513515      0.56385284813114822       0.975678802    
  0.47868438326321439       0.422069222      0.56638698553626199       0.975088179    
  0.48082616288269264       0.421608359      0.56892117329081060       0.974467874    
  0.48296794250217090       0.421131074      0.57145536104535921       0.973818064    
  0.48510967956860895       0.420637459      0.57398949845047298       0.973138988    
  0.48725145918808721       0.420127690      0.57652368620502159       0.972430766    
  0.48939323880756547       0.419601858      0.57905787395957020       0.971693635    
  0.49153497587400352       0.419060141      0.58159201136468397       0.970927775    
  0.49367675549348178       0.418502599      0.58412619911923258       0.970133305    
  0.49581853511296003       0.417929381      0.58666038687378119       0.969310582    
  0.49796027217939809       0.417340636      0.58919452427889496       0.968459666    
  0.50010205179887635       0.416736513      0.59172871203344357       0.967580795    
  0.50224378886531440       0.416117102      0.59426284943855734       0.966674149    
  0.50438556848479266       0.415482521      0.59679703719310595       0.965739906    
  0.50652734810427091       0.414832950      0.59933122494765456       0.964778304    
  0.50866908517070897       0.414168507      0.60186536235276833       0.963789463    
  0.51081086479018722       0.413489312      0.60439955010731694       0.962773621    
  0.51295264440966548       0.412795484      0.60693373786186555       0.961730957    
  0.51509438147610354       0.412087172      0.60946787526697932       0.960661709    
  0.51723616109558179       0.411364526      0.61200206302152793       0.959565997    
  0.51937794071506005       0.410627633      0.61453625077607654       0.958443999    
  0.52151967778149810       0.409876674      0.61707038818119031       0.957295954    
  0.52366145740097636       0.409111768      0.61960457593573892       0.956122041    
  0.52580323702045462       0.408333033      0.62213876369028753       0.954922497    
  0.52794497408689267       0.407540619      0.62467290109540130       0.953697443    
  0.53008675370637093       0.406734645      0.62720708884994991       0.952447057    
  0.53222853332584918       0.405915231      0.62974127660449852       0.951171517    
  0.53437027039228724       0.405082583      0.63227541400961229       0.949871123    
  0.53651205001176550       0.404236764      0.63480960176416090       0.948545992    
  0.53865378707820355       0.403377920      0.63734373916927467       0.947196305    
  0.54079556669768181       0.402506202      0.63987792692382328       0.945822299    
  0.54293734631716006       0.401621759      0.64241211467837189       0.944424093    
  0.54507908338359812       0.400724709      0.64494625208348566       0.943001866    
  0.54722086300307637       0.399815172      0.64748043983803427       0.941555917    
  0.54936264262255463       0.398893297      0.65001462759258288       0.940086305    
  0.55150437968899269       0.397959262      0.65254876499769665       0.938593328    
  0.55364615930847094       0.397013098      0.65508295275224526       0.937077105    
  0.55578793892794920       0.396055043      0.65761714050679387       0.935537815    
  0.55792967599438725       0.395085216      0.66015127791190764       0.933975756    
  0.56007145561386551       0.394103706      0.66268546566645625       0.932390928    
  0.56221323523334377       0.393110663      0.66521965342100486       0.930783689    
  0.56435497229978182       0.392106265      0.66775379082611863       0.929154158    
  0.56649675191926008       0.391090602      0.67028797858066724       0.927502513    
  0.56863853153873833       0.390063822      0.67282216633521585       0.925828934    
  0.57078026860517639       0.389026076      0.67535630374032962       0.924133658    
  0.57292204822465465       0.387977511      0.67789049149487823       0.922416806    
  0.57506378529109270       0.386918217      0.68042462889999200       0.920678616    
  0.57720556491057096       0.385848373      0.68295881665454061       0.918919206    
  0.57934734453004921       0.384768069      0.68549300440908922       0.917138875    
  0.58148908159648727       0.383677512      0.68802714181420299       0.915337682    
  0.58363086121596552       0.382576764      0.69056132956875160       0.913515925    
  0.58577264083544378       0.381466001      0.69309551732330021       0.911673665    
  0.58791437790188183       0.380345345      0.69562965472841398       0.909811258    
  0.59005615752136009       0.379214942      0.69816384248296259       0.907928705    
  0.59219793714083835       0.378074914      0.70069803023751120       0.906026304    
  0.59433967420727640       0.376925439      0.70323216764262497       0.904104233    
  0.59648145382675466       0.375766605      0.70576635539717358       0.902162611    
  0.59862323344623292       0.374598533      0.70830054315172220       0.900201619    
  0.60076497051267097       0.373421431      0.71083468055683596       0.898221552    
  0.60290675013214923       0.372235358      0.71336886831138457       0.896222532    
  0.60504852975162748       0.371040493      0.71590305606593319       0.894204676    
  0.60719026681806554       0.369836986      0.71843719347104695       0.892168283    
  0.60933204643754380       0.368624896      0.72097138122559556       0.890113473    
  0.61147382605702205       0.367404431      0.72350556898014418       0.888040364    
  0.61361556312346011       0.366175711      0.72603970638525794       0.885949314    
  0.61575734274293836       0.364938825      0.72857389413980655       0.883840322    
  0.61789907980937642       0.363693982      0.73110803154492032       0.881713688    
  0.62004085942885467       0.362441242      0.73364221929946893       0.879569530    
  0.62218263904833293       0.361180753      0.73617640705401755       0.877408028    
  0.62432437611477098       0.359912694      0.73871054445913131       0.875229418    
  0.62646615573424924       0.358637154      0.74124473221367992       0.873033822    
  0.62860793535372750       0.357354283      0.74377891996822854       0.870821416    
  0.63074967242016555       0.356064230      0.74631305737334230       0.868592441    
  0.63289145203964381       0.354767084      0.74884724512789091       0.866347075    
  0.63503323165912207       0.353462994      0.75138143288243953       0.864085436    
  0.63717496872556012       0.352152139      0.75391557028755329       0.861807764    
  0.63931674834503838       0.350834578      0.75644975804210191       0.859514117    
  0.64145852796451663       0.349510461      0.75898394579665052       0.857204854    
  0.64360026503095469       0.348179966      0.76151808320176428       0.854880035    
  0.64574204465043294       0.346843153      0.76405227095631290       0.852539837    
  0.64788382426991120       0.345500171      0.76658645871086151       0.850184500    
  0.65002556133634926       0.344151199      0.76912059611597527       0.847814202    
  0.65216734095582751       0.342796296      0.77165478387052389       0.845429003    
  0.65430907802226557       0.341435671      0.77418892127563765       0.843029261    
  0.65645085764174382       0.340069383      0.77672310903018627       0.840614974    
  0.65859263726122208       0.338697553      0.77925729678473488       0.838186443    
  0.66073437432766013       0.337320387      0.78179143418984864       0.835743785    
  0.66287615394713839       0.335937917      0.78432562194439726       0.833287179    
  0.66501793356661665       0.334550351      0.78685980969894587       0.830816805    
  0.66715967063305470       0.333157778      0.78939394710405963       0.828332901    
  0.66930145025253296       0.331760287      0.79192813485860825       0.825835526    
  0.67144322987201122       0.330358088      0.79446232261315686       0.823324919    
  0.67358496693844927       0.328951240      0.79699646001827062       0.820801318    
  0.67572674655792753       0.327539891      0.79953064777281924       0.818264782    
  0.67786852617740578       0.326124132      0.80206483552736785       0.815715492    
  0.68001026324384384       0.324704170      0.80459897293248162       0.813153744    
  0.68215204286332209       0.323280036      0.80713316068703023       0.810579538    
  0.68429382248280035       0.321851909      0.80966734844157884       0.807993174    
  0.68643555954923841       0.320419878      0.81220148584669261       0.805394769    
  0.68857733916871666       0.318984091      0.81473567360124122       0.802784503    
  0.69071907623515472       0.317544669      0.81726981100635498       0.800162613    
  0.69286085585463297       0.316101700      0.81980399876090360       0.797529161    
  0.69500263547411123       0.314655304      0.82233818651545221       0.794884384    
  0.69714437254054928       0.313205689      0.82487232392056598       0.792228460    
  0.69928615216002754       0.311752856      0.82740651167511459       0.789561450    
  0.70142793177950580       0.310296953      0.82994069942966320       0.786883652    
  0.70356966884594385       0.308838189      0.83247483683477697       0.784195244    
  0.70571144846542211       0.307376564      0.83500902458932558       0.781496286    
  0.70785322808490037       0.305912226      0.83754321234387419       0.778787017    
  0.70999496515133842       0.304445356      0.84007734974898796       0.776067674    
  0.71213674477081668       0.302975982      0.84261153750353657       0.773338199    
  0.71427848183725473       0.301504314      0.84514567490865034       0.770599008    
  0.71642026145673299       0.300030351      0.84767986266319895       0.767850101    
  0.71856204107621124       0.298554271      0.85021405041774756       0.765091717    
  0.72070382069568950       0.297076195      0.85274823817229617       0.762324035    
  0.72284560031516776       0.295596242      0.85528242592684478       0.759547174    
  0.72498729482856561       0.294114530      0.85781651298252370       0.756761432    
  0.72712907444804387       0.292631119      0.86035070073707232       0.753966749    
  0.72927085406752212       0.291146129      0.86288488849162093       0.751163423    
  0.73141263368700038       0.289659709      0.86541907624616954       0.748351574    
  0.73355441330647864       0.288171947      0.86795326400071815       0.745531440    
  0.73569619292595689       0.286682934      0.87048745175526676       0.742703080    
  0.73783788743935474       0.285192877      0.87302153881094569       0.739866853    
  0.73997966705883300       0.283701718      0.87555572656549430       0.737022698    
  0.74212144667831126       0.282209694      0.87808991432004291       0.734170854    
  0.74426322629778952       0.280716836      0.88062410207459152       0.731311440    
  0.74640500591726777       0.279223323      0.88315828982914013       0.728444755    
  0.74854670043066562       0.277729243      0.88569237688481905       0.725570917    
  0.75068848005014388       0.276234627      0.88822656463936767       0.722689986    
  0.75283025966962214       0.274739653      0.89076075239391628       0.719802141    
  0.75497203928910039       0.273244381      0.89329494014846489       0.716907561    
  0.75711381890857865       0.271748930      0.89582912790301350       0.714006484    
  0.75925559852805691       0.270253420      0.89836331565756211       0.711098969    
  0.76139729304145476       0.268757999      0.90089740271324104       0.708185375    
  0.76353907266093302       0.267262638      0.90343159046778965       0.705265522    
  0.76568085228041127       0.265767485      0.90596577822233826       0.702339828    
  0.76782263189988953       0.264272690      0.90849996597688687       0.699408293    
  0.76996441151936779       0.262778312      0.91103415373143548       0.696471214    
  0.77210619113884604       0.261284471      0.91356834148598409       0.693528652    
  0.77424788565224389       0.259791285      0.91610242854166302       0.690580904    
  0.77638966527172215       0.258298755      0.91863661629621163       0.687627912    
  0.77853144489120041       0.256807059      0.92117080405076024       0.684669912    
  0.78067322451067866       0.255316257      0.92370499180530885       0.681707084    
  0.78281500413015692       0.253826469      0.92623917955985746       0.678739607    
  0.78495669864355477       0.252337813      0.92877326661553639       0.675767720    
  0.78709847826303303       0.250850290      0.93130745437008500       0.672791302    
  0.78924025788251129       0.249364033      0.93384164212463361       0.669810712    
  0.79138203750198954       0.247879162      0.93637582987918222       0.666826069    
  0.79352381712146780       0.246395737      0.93891001763373083       0.663837433    
  0.79566559674094606       0.244913876      0.94144420538827944       0.660845101    
  0.79780729125434391       0.243433699      0.94397829244395837       0.657849252    
  0.79994907087382217       0.241955176      0.94651248019850698       0.654849887    
  0.80209085049330042       0.240478486      0.94904666795305559       0.651847124    
  0.80423263011277868       0.239003673      0.95158085570760420       0.648841262    
  0.80637440973225694       0.237530857      0.95411504346215281       0.645832300    
  0.80851618935173519       0.236060098      0.95664923121670142       0.642820537    
  0.81065788386513304       0.234591559      0.95918331827238035       0.639806211    
  0.81279966348461130       0.233125195      0.96171750602692896       0.636789143    
  0.81494144310408956       0.231661141      0.96425169378147757       0.633769631    
  0.81708322272356781       0.230199501      0.96678588153602618       0.630747855    
  0.81922500234304607       0.228740320      0.96932006929057479       0.627723992    
  0.82136678196252433       0.227283716      0.97185425704512340       0.624698102    
  0.82350847647592218       0.225829795      0.97438834410080233       0.621670485    
  0.82565025609540044       0.224378541      0.97692253185535094       0.618641078    
  0.82779203571487869       0.222930074      0.97945671960989955       0.615610123    
  0.82993381533435695       0.221484482      0.98199090736444816       0.612577736    
  0.83207559495383521       0.220041841      0.98452509511899677       0.609544039    
  0.83421728946723306       0.218602270      0.98705918217467570       0.606509387    
  0.83635906908671132       0.217165738      0.98959336992922431       0.603473663    
  0.83850084870618957       0.215732381      0.99212755768377292       0.600437045    
  0.84064262832566783       0.214302272      0.99466174543832153       0.597399712    
  0.84278440794514609       0.212875456      0.99719593319287014       0.594361842    
  0.84492618756462434       0.211452037      0.99973012094741875       0.591323555    
  0.84706788207802219       0.210032135       1.0022642080030977       0.588285089    
  0.84920966169750045       0.208615690       1.0047983957576463       0.585246384    
  0.85135144131697871       0.207202852       1.0073325835121949       0.582207620    
  0.85349322093645696       0.205793664       1.0098667712667435       0.579169035    
  0.85563500055593522       0.204388201       1.0124009590212921       0.576130688    
  0.85777678017541348       0.202986538       1.0149351467758407       0.573092759    
  0.85991847468881133       0.201588780       1.0174692338315197       0.570055485    
  0.86206025430828959       0.200194895       1.0200034215860683       0.567018747    
  0.86420203392776784       0.198804989       1.0225376093406169       0.563982785    
  0.86634381354724610       0.197419137       1.0250717970951655       0.560947835    
  0.86848559316672436       0.196037382       1.0276059848497141       0.557913899    
  0.87062728768012221       0.194659859       1.0301400719053930       0.554881334    
  0.87276906729960047       0.193286523       1.0326742596599416       0.551849961    
  0.87491084691907872       0.191917464       1.0352084474144903       0.548820078    
  0.87705262653855698       0.190552756       1.0377426351690389       0.545791805    
  0.87919440615803524       0.189192444       1.0402768229235875       0.542765260    
  0.88133618577751349       0.187836602       1.0428110106781361       0.539740562    
  0.88347788029091134       0.186485320       1.0453450977338150       0.536717951    
  0.88561965991038960       0.185138568       1.0478792854883636       0.533697367    
  0.88776143952986786       0.183796436       1.0504134732429122       0.530678988    
  0.88990321914934611       0.182458982       1.0529476609974608       0.527663052    
  0.89204499876882437       0.181126267       1.0554818487520095       0.524649560    
  0.89418677838830263       0.179798320       1.0580160365065581       0.521638751    
  0.89632847290170048       0.178475261       1.0605501235622370       0.518630803    
  0.89847025252117874       0.177157044       1.0630843113167856       0.515625596    
  0.90061203214065699       0.175843745       1.0656184990713342       0.512623370    
  0.90275381176013525       0.174535438       1.0681526868258828       0.509624302    
  0.90489559137961351       0.173232138       1.0706868745804314       0.506628454    
  0.90703728589301136       0.171933979       1.0732209616361104       0.503636122    
  0.90917906551248961       0.170640871       1.0757551493906590       0.500647187    
  0.91132084513196787       0.169352934       1.0782893371452076       0.497661829    
  0.91346262475144613       0.168070197       1.0808235248997562       0.494680226    
  0.91560440437092439       0.166792706       1.0833577126543048       0.491702467    
  0.91774618399040264       0.165520519       1.0858919004088534       0.488728702    
  0.91988787850380049       0.164253697       1.0884259874645323       0.485759139    
  0.92202965812327875       0.162992194       1.0909601752190810       0.482793659    
  0.92417143774275701       0.161736116       1.0934943629736296       0.479832530    
  0.92631321736223526       0.160485476       1.0960285507281782       0.476875842    
  0.92845499698171352       0.159240320       1.0985627384827268       0.473923713    
  0.93059677660119178       0.158000693       1.1010969262372754       0.470976263    
  0.93273847111458963       0.156766668       1.1036310132929543       0.468033701    
  0.93488025073406789       0.155538186       1.1061652010475029       0.465095967    
  0.93702203035354614       0.154315338       1.1086993888020515       0.462163210    
  0.93916380997302440       0.153098136       1.1112335765566002       0.459235638    
  0.94130558959250266       0.151886642       1.1137677643111488       0.456313282    
  0.94344728410590051       0.150680900       1.1163018513668277       0.453396410    
  0.94558906372537876       0.149480879       1.1188360391213763       0.450484872    
  0.94773084334485702       0.148286641       1.1213702268759249       0.447578937    
  0.94987262296433528       0.147098213       1.1239044146304735       0.444678664    
  0.95201440258381353       0.145915627       1.1264386023850221       0.441784203    
  0.95415618220329179       0.144738913       1.1289727901395707       0.438895643    
  0.95629787671668964       0.143568143       1.1315068771952497       0.436013222    
  0.95843965633616790       0.142403230       1.1340410649497983       0.433136791    
  0.96058143595564616       0.141244277       1.1365752527043469       0.430266589    
  0.96272321557512441       0.140091285       1.1391094404588955       0.427402735    
  0.96486499519460267       0.138944298       1.1416436282134441       0.424545288    
  0.96700677481408093       0.137803301       1.1441778159679927       0.421694398    
  0.96914846932747878       0.136668399       1.1467119030236717       0.418850273    
  0.97129024894695704       0.135539502       1.1492460907782203       0.416012764    
  0.97343202856643529       0.134416685       1.1517802785327689       0.413182110    
  0.97557380818591355       0.133299962       1.1543144662873175       0.410358399    
  0.97771558780539181       0.132189333       1.1568486540418661       0.407541752    
  0.97985728231878966       0.131084889       1.1593827410975450       0.404732347    
  0.98199906193826791       0.129986554       1.1619169288520936       0.401930094    
  0.98414084155774617       0.128894374       1.1644511166066422       0.399135172    
  0.98628262117722443       0.127808362       1.1669853043611909       0.396347702    
  0.98842440079670268       0.126728535       1.1695194921157395       0.393567771    
  0.99056618041618094       0.125654921       1.1720536798702881       0.390795469    
  0.99270787492957879       0.124587551       1.1745877669259670       0.388031006    
  0.99484965454905705       0.123526372       1.1771219546805156       0.385274291    
  0.99699143416853531       0.122471422       1.1796561424350642       0.382525474    
  0.99913321378801356       0.121422715       1.1821903301896128       0.379784673    
   1.0012749934074918       0.120380268       1.1847245179441614       0.377051979    
   1.0034167730269701       0.119344078       1.1872587056987101       0.374327481    
   1.0055584675403679       0.118314199       1.1897927927543890       0.371611357    
   1.0077002471598462       0.117290556       1.1923269805089376       0.368903548    
   1.0098420267793244       0.116273195       1.1948611682634862       0.366204172    
   1.0119838063988027       0.115262121       1.1973953560180348       0.363513380    
   1.0141255860182810       0.114257328       1.1999295437725834       0.360831231    
   1.0162672805316788       0.113258876       1.2024636308282624       0.358157903    
   1.0184090601511571       0.112266675       1.2049978185828110       0.355493307    
   1.0205508397706353       0.111280777       1.2075320063373596       0.352837592    
   1.0226926193901136       0.110301174       1.2100661940919082       0.350190878    
   1.0248343990095918       0.109327868       1.2126003818464568       0.347553253    
   1.0269761786290701       0.108360864       1.2151345696010054       0.344924778    
   1.0291178731424679       0.107400194       1.2176686566566843       0.342305630    
   1.0312596527619462       0.106445774       1.2202028444112329       0.339695722    
   1.0334014323814245       0.105497651       1.2227370321657816       0.337095201    
   1.0355432120009027       0.104555815       1.2252712199203302       0.334504157    
   1.0376849916203810       0.103620268       1.2278054076748788       0.331922680    
   1.0398267712398592       0.102690995       1.2303395954294274       0.329350859    
   1.0419684657532571       0.101768032       1.2328736824851063       0.326788843    
   1.0441102453727353       0.100851297       1.2354078702396549       0.324236512    
   1.0462520249922136        9.99408215E-02   1.2379420579942035       0.321694076    
   1.0483938046116918        9.90365967E-02   1.2404762457487521       0.319161564    
   1.0505355842311701        9.81386155E-02   1.2430104335033008       0.316639096    
   1.0526772787445680        9.72469002E-02   1.2455445205589797       0.314126819    
   1.0548190583640462        9.63613689E-02   1.2480787083135283       0.311624587    
   1.0569608379835245        9.54820514E-02   1.2506128960680769       0.309132606    
   1.0591026176030027        9.46089327E-02   1.2531470838226255       0.306650937    
   1.0612443972224810        9.37420055E-02   1.2556812715771741       0.304179668    
   1.0633861768419592        9.28812549E-02   1.2582154593317227       0.301718831    
   1.0655278713553571        9.20266882E-02   1.2607495463874017       0.299268633    
   1.0676696509748353        9.11782384E-02   1.2632837341419503       0.296828896    
   1.0698114305943136        9.03359205E-02   1.2658179218964989       0.294399828    
   1.0719532102137919        8.94997194E-02   1.2683521096510475       0.291981488    
   1.0740949898332701        8.86696205E-02   1.2708862974055961       0.289573938    
   1.0762367694527484        8.78455937E-02   1.2734204851601447       0.287177235    
   1.0783784639661462        8.70276690E-02   1.2759545722158236       0.284791529    
   1.0805202435856245        8.62157568E-02   1.2784887599703723       0.282416731    
   1.0826620232051027        8.54098722E-02   1.2810229477249209       0.280052960    
   1.0848038028245810        8.46100003E-02   1.2835571354794695       0.277700305    
   1.0869455824440593        8.38161036E-02   1.2860913232340181       0.275358826    
   1.0890873620635375        8.30281749E-02   1.2886255109885667       0.273028553    
   1.0912290565769354        8.22462291E-02   1.2911595980442456       0.270709634    
   1.0933708361964136        8.14701691E-02   1.2936937857987942       0.268401980    
   1.0955126158158919        8.07000026E-02   1.2962279735533428       0.266105741    
   1.0976543954353701        7.99357146E-02   1.2987621613078915       0.263820916    
   1.0997961750548484        7.91772828E-02   1.3012963490624401       0.261547625    
   1.1019378695682462        7.84246996E-02   1.3038304361181190       0.259285986    
   1.1040796491877245        7.76778907E-02   1.3063646238726676       0.257035881    
   1.1062214288072028        7.69368634E-02   1.3088988116272162       0.254797429    
   1.1083632084266810        7.62015805E-02   1.3114329993817648       0.252570689    
   1.1105049880461593        7.54720196E-02   1.3139671871363134       0.250355750    
   1.1126467676656375        7.47481510E-02   1.3165013748908621       0.248152614    
   1.1147884621790354        7.40299821E-02   1.3190354619465410       0.245961443    
   1.1169302417985136        7.33174160E-02   1.3215696497010896       0.243782103    
   1.1190720214179919        7.26104602E-02   1.3241038374556382       0.241614714    
   1.1212138010374701        7.19090849E-02   1.3266380252101868       0.239459351    
   1.1233555806569484        7.12132603E-02   1.3291722129647354       0.237316057    
   1.1254973602764267        7.05229491E-02   1.3317064007192840       0.235184848    
   1.1276390547898245        6.98381513E-02   1.3342404877749630       0.233065873    
   1.1297808344093028        6.91587850E-02   1.3367746755295116       0.230959013    
   1.1319226140287810        6.84848353E-02   1.3393088632840602       0.228864372    
   1.1340643936482593        6.78162724E-02   1.3418430510386088       0.226782009    
   1.1362061732677375        6.71530738E-02   1.3443772387931574       0.224711955    
   1.1383478677811354        6.64952174E-02   1.3469113258488363       0.222654343    
   1.1404896474006136        6.58426210E-02   1.3494455136033849       0.220609039    
   1.1426314270200919        6.51952848E-02   1.3519797013579335       0.218576148    
   1.1447732066395702        6.45531565E-02   1.3545138891124822       0.216555730    
   1.1469149862590484        6.39162138E-02   1.3570480768670308       0.214547813    
   1.1490567658785267        6.32844195E-02   1.3595822646215794       0.212552428    
   1.1511984603919245        6.26577511E-02   1.3621163516772583       0.210569695    
   1.1533402400114028        6.20361380E-02   1.3646505394318069       0.208599478    
   1.1554820196308810        6.14195578E-02   1.3671847271863555       0.206641883    
   1.1576237992503593        6.08079694E-02   1.3697189149409041       0.204696953    
   1.1597655788698376        6.02013431E-02   1.3722531026954528       0.202764720    
   1.1619073584893158        5.95996343E-02   1.3747872904500014       0.200845212    
   1.1640490530027137        5.90028316E-02   1.3773213775056803       0.198938534    
   1.1661908326221919        5.84108420E-02   1.3798555652602289       0.197044536    
   1.1683326122416702        5.78236580E-02   1.3823897530147775       0.195163354    
   1.1704743918611484        5.72412312E-02   1.3849239407693261       0.193295002    
   1.1726161714806267        5.66635244E-02   1.3874581285238747       0.191439494    
   1.1747578659940245        5.60905226E-02   1.3899922155795537       0.189596921    
   1.1768996456135028        5.55221327E-02   1.3925264033341023       0.187767193    
   1.1790414252329811        5.49583398E-02   1.3950605910886509       0.185950369    
   1.1811832048524593        5.43991029E-02   1.3975947788431995       0.184146479    
   1.1833249844719376        5.38443737E-02   1.4001289665977481       0.182355553    
   1.1854667640914158        5.32941185E-02   1.4026631543522967       0.180577606    
   1.1876084586048137        5.27483076E-02   1.4051972414079756       0.178812712    
   1.1897502382242919        5.22068627E-02   1.4077314291625243       0.177060768    
   1.1918920178437702        5.16697541E-02   1.4102656169170729       0.175321847    
   1.1940337974632484        5.11369407E-02   1.4127998046716215       0.173595950    
   1.1961755770827267        5.06083816E-02   1.4153339924261701       0.171883106    
   1.1983173567022050        5.00840321E-02   1.4178681801807187       0.170183346    
   1.2004590512156028        4.95638624E-02   1.4204022672363976       0.168496713    
   1.2026008308350811        4.90477942E-02   1.4229364549909462       0.166823089    
   1.2047426104545593        4.85357977E-02   1.4254706427454948       0.165162578    
   1.2068843900740376        4.80278283E-02   1.4280048305000435       0.163515151    
   1.2090261696935158        4.75238413E-02   1.4305390182545921       0.161880851    
   1.2111678642069137        4.70238142E-02   1.4330731053102710       0.160259724    
   1.2133096438263919        4.65276577E-02   1.4356072930648196       0.158651650    
   1.2154514234458702        4.60353456E-02   1.4381414808193682       0.157056704    
   1.2175932030653485        4.55468334E-02   1.4406756685739168       0.155474901    
   1.2197349826848267        4.50620726E-02   1.4432098563284654       0.153906211    
   1.2218767623043050        4.45810221E-02   1.4457440440830140       0.152350664    
   1.2240184568177028        4.41036485E-02   1.4482781311386930       0.150808305    
   1.2261602364371811        4.36298661E-02   1.4508123188932416       0.149279013    
   1.2283020160566593        4.31596525E-02   1.4533465066477902       0.147762850    
   1.2304437956761376        4.26929593E-02   1.4558806944023388       0.146259829    
   1.2325855752956159        4.22297381E-02   1.4584148821568874       0.144769922    
   1.2347273549150941        4.17699404E-02   1.4609490699114360       0.143293127    
   1.2368690494284920        4.13135402E-02   1.4634831569671150       0.141829506    
   1.2390108290479702        4.08604518E-02   1.4660173447216636       0.140378922    
   1.2411526086674485        4.04106453E-02   1.4685515324762122       0.138941437    
   1.2432943882869267        3.99640761E-02   1.4710857202307608       0.137517050    
   1.2454361679064050        3.95206921E-02   1.4736199079853094       0.136105731    
   1.2475778624198028        3.90804671E-02   1.4761539950409883       0.134707540    
   1.2497196420392811        3.86433192E-02   1.4786881827955369       0.133322328    
   1.2518614216587594        3.82092148E-02   1.4812223705500855       0.131950170    
   1.2540032012782376        3.77781093E-02   1.4837565583046342       0.130591035    
   1.2561449808977159        3.73499542E-02   1.4862907460591828       0.129244909    
   1.2582867605171941        3.69247049E-02   1.4888249338137314       0.127911761    
   1.2604284550305920        3.65023240E-02   1.4913590208694103       0.126591653    
   1.2625702346500702        3.60827371E-02   1.4938932086239589       0.125284448    
   1.2647120142695485        3.56659070E-02   1.4964273963785075       0.123990178    
   1.2668537938890267        3.52517925E-02   1.4989615841330561       0.122708820    
   1.2689955735085050        3.48403454E-02   1.5014957718876047       0.121440351    
   1.2711373531279833        3.44315171E-02   1.5040299596421534       0.120184757    
   1.2732790476413811        3.40252742E-02   1.5065640466978323       0.118942052    
   1.2754208272608594        3.36215459E-02   1.5090982344523809       0.117712118    
   1.2775626068803376        3.32202911E-02   1.5116324222069295       0.116494976    
   1.2797043864998159        3.28214690E-02   1.5141666099614781       0.115290597    
   1.2818461661192941        3.24250348E-02   1.5167007977160267       0.114098951    
   1.2839878606326920        3.20309550E-02   1.5192348847717057       0.112920068    
   1.2861296402521702        3.16391513E-02   1.5217690725262543       0.111753806    
   1.2882714198716485        3.12495939E-02   1.5243032602808029       0.110600188    
   1.2904131994911268        3.08622383E-02   1.5268374480353515       0.109459184    
   1.2925549791106050        3.04770395E-02   1.5293716357899001       0.108330749    
   1.2946967587300833        3.00939493E-02   1.5319058235444487       0.107214861    
   1.2968384532434811        2.97129415E-02   1.5344399106001276       0.106111519    
   1.2989802328629594        2.93339379E-02   1.5369740983546762       0.105020598    
   1.3011220124824376        2.89569106E-02   1.5395082861092249       0.103942104    
   1.3032637921019159        2.85818167E-02   1.5420424738637735       0.102876000    
   1.3054055717213942        2.82086078E-02   1.5445766616183221       0.101822235    
   1.3075473513408724        2.78372448E-02   1.5471108493728707       0.100780785    
   1.3096890458542703        2.74676960E-02   1.5496449364285496        9.97516289E-02
   1.3118308254737485        2.70998906E-02   1.5521791241830982        9.87346470E-02
   1.3139726050932268        2.67338008E-02   1.5547133119376468        9.77298394E-02
   1.3161143847127050        2.63693817E-02   1.5572474996921954        9.67371538E-02
   1.3182561643321833        2.60065943E-02   1.5597816874467441        9.57565457E-02
   1.3203978588455811        2.56454088E-02   1.5623157745024230        9.47880074E-02
   1.3225396384650594        2.52857562E-02   1.5648499622569716        9.38313976E-02
   1.3246814180845377        2.49276124E-02   1.5673841500115202        9.28867161E-02
   1.3268231977040159        2.45709326E-02   1.5699183377660688        9.19539109E-02
   1.3289649773234942        2.42156796E-02   1.5724525255206174        9.10329223E-02
   1.3311067569429724        2.38618124E-02   1.5749867132751660        9.01236981E-02
   1.3332484514563703        2.35093087E-02   1.5775208003308450        8.92262161E-02
   1.3353902310758485        2.31580976E-02   1.5800549880853936        8.83403495E-02
   1.3375320106953268        2.28081588E-02   1.5825891758399422        8.74660760E-02
   1.3396737903148050        2.24594511E-02   1.5851233635944908        8.66033360E-02
   1.3418155699342833        2.21119393E-02   1.5876575513490394        8.57520700E-02
   1.3439573495537616        2.17655879E-02   1.5901917391035880        8.49122033E-02
   1.3460990440671594        2.14203727E-02   1.5927258261592669        8.40837285E-02
   1.3482408236866377        2.10762303E-02   1.5952600139138156        8.32664967E-02
   1.3503826033061159        2.07331404E-02   1.5977942016683642        8.24604854E-02
   1.3525243829255942        2.03910694E-02   1.6003283894229128        8.16656202E-02
   1.3546661625450724        2.00499818E-02   1.6028625771774614        8.08818415E-02
   1.3568079421645507        1.97098460E-02   1.6053967649320100        8.01090673E-02
   1.3589496366779485        1.93706416E-02   1.6079308519876889        7.93472752E-02
   1.3610914162974268        1.90323088E-02   1.6104650397422375        7.85963237E-02
   1.3632331959169051        1.86948329E-02   1.6129992274967861        7.78561607E-02
   1.3653749755363833        1.83581803E-02   1.6155334152513348        7.71267340E-02
   1.3675167551558616        1.80223212E-02   1.6180676030058834        7.64079541E-02
   1.3696584496692594        1.76872406E-02   1.6206016900615623        7.56997690E-02
   1.3718002292887377        1.73528846E-02   1.6231358778161109        7.50020593E-02
   1.3739420089082159        1.70192365E-02   1.6256700655706595        7.43147582E-02
   1.3760837885276942        1.66862700E-02   1.6282042533252081        7.36377984E-02
   1.3782255681471725        1.63539592E-02   1.6307384410797567        7.29710907E-02
   1.3803673477666507        1.60222761E-02   1.6332726288343054        7.23145604E-02
   1.3825090422800486        1.56912114E-02   1.6358067158899843        7.16681406E-02
   1.3846508218995268        1.53607158E-02   1.6383409036445329        7.10316971E-02
   1.3867926015190051        1.50307762E-02   1.6408750913990815        7.04051778E-02
   1.3889343811384833        1.47013729E-02   1.6434092791536301        6.97884783E-02
   1.3910761607579616        1.43724820E-02   1.6459434669081787        6.91815317E-02
   1.3932179403774398        1.40440846E-02   1.6484776546627273        6.85842335E-02
   1.3953596348908377        1.37161724E-02   1.6510117417184063        6.79965168E-02
   1.3975014145103160        1.33887026E-02   1.6535459294729549        6.74182400E-02
   1.3996431941297942        1.30616678E-02   1.6560801172275035        6.68493435E-02
   1.4017849737492725        1.27350520E-02   1.6586143049820521        6.62897229E-02
   1.4039267533687507        1.24088395E-02   1.6611484927366007        6.57392889E-02
   1.4060684478821486        1.20830275E-02   1.6636825797922796        6.51979595E-02
   1.4082102275016268        1.17575759E-02   1.6662167675468282        6.46655932E-02
   1.4103520071211051        1.14324847E-02   1.6687509553013768        6.41421154E-02
   1.4124937867405833        1.11077409E-02   1.6712851430559255        6.36274219E-02
   1.4146355663600616        1.07833333E-02   1.6738193308104741        6.31214082E-02
   1.4167773459795399        1.04592526E-02   1.6763535185650227        6.26239777E-02
   1.4189190404929377        1.01355016E-02   1.6788876056207016        6.21350370E-02
   1.4210608201124160        9.81204771E-03   1.6814217933752502        6.16544485E-02
   1.4232025997318942        9.48889460E-03   1.6839559811297988        6.11821152E-02
   1.4253443793513725        9.16603860E-03   1.6864901688843474        6.07179329E-02
   1.4274861589708507        8.84347316E-03   1.6890243566388961        6.02617897E-02
   1.4296279385903290        8.52119550E-03   1.6915585443934447        5.98135777E-02
   1.4317697182098073        8.19920283E-03   1.6940927321479933        5.93731776E-02
   1.4339114978292855        7.87749421E-03   1.6966269199025419        5.89404814E-02
   1.4360531072366030        7.55609386E-03   1.6991609062593511        5.85154034E-02
   1.4381948868560812        7.23495288E-03   1.7016950940138997        5.80977611E-02
   1.4403366664755595        6.91409828E-03   1.7042292817684483        5.76874688E-02
   1.4424784460950377        6.59353379E-03   1.7067634695229970        5.72844073E-02
   1.4446202257145160        6.27326407E-03   1.7092976572775456        5.68884574E-02
   1.4467620053339942        5.95329469E-03   1.7118318450320942        5.64994961E-02
   1.4489037849534725        5.63363312E-03   1.7143660327866428        5.61174005E-02
   1.4510455645729508        5.31428820E-03   1.7169002205411914        5.57420477E-02
   1.4531873441924290        4.99526924E-03   1.7194344082957400        5.53733036E-02
   1.4553291238119073        4.67658788E-03   1.7219685960502886        5.50110526E-02
   1.4574709034313855        4.35825624E-03   1.7245027838048372        5.46551570E-02
   1.4596126830508638        4.04028827E-03   1.7270369715593858        5.43054901E-02
   1.4617542924581812        3.72272450E-03   1.7295709579161951        5.39619476E-02
   1.4638960720776595        3.40553117E-03   1.7321051456707437        5.36243394E-02
   1.4660378516971377        3.08875134E-03   1.7346393334252923        5.32925650E-02
   1.4681796313166160        2.77240505E-03   1.7371735211798409        5.29664829E-02
   1.4703214109360943        1.00000005E-03   1.7397077089343895        5.26459590E-02
   1.4724631905555725        1.00000005E-03   1.7422418966889381        5.23308590E-02
   1.4746049701750508        1.00000005E-03   1.7447760844434868        5.20210378E-02
   1.4767467497945290        1.00000005E-03   1.7473102721980354        5.17163537E-02
   1.4788885294140073        1.00000005E-03   1.7498444599525840        5.14166690E-02
   1.4810303090334855        1.00000005E-03   1.7523786477071326        5.11218384E-02
   1.4831720886529638        1.00000005E-03   1.7549128354616812        5.08317202E-02
   1.4853136980602812        1.00000005E-03   1.7574468218184904        5.05461842E-02
   1.4874554776797595        1.00000005E-03   1.7599810095730390        5.02650402E-02
   1.4895972572992378        1.00000005E-03   1.7625151973275877        4.99881655E-02
   1.4917390369187160        1.00000005E-03   1.7650493850821363        4.97154072E-02
   1.4938808165381943        1.00000005E-03   1.7675835728366849        4.94466089E-02
   1.4960225961576725        1.00000005E-03   1.7701177605912335        4.91816252E-02
   1.4981643757771508        1.00000005E-03   1.7726519483457821        4.89202999E-02
   1.5003061553966290        1.00000005E-03   1.7751861361003307        4.86624725E-02
   1.5024479350161073        1.00000005E-03   1.7777203238548793        4.84079905E-02
   1.5045897146355856        1.00000005E-03   1.7802545116094279        4.81566936E-02
   1.5067314942550638        1.00000005E-03   1.7827886993639765        4.79084179E-02
   1.5088732738745421        1.00000005E-03   1.7853228871185252        4.76630107E-02
   1.5110148832818595        1.00000005E-03   1.7878568734753344        4.74203192E-02
   1.5131566629013378        1.00000005E-03   1.7903910612298830        4.71801497E-02
   1.5152984425208160        1.00000005E-03   1.7929252489844316        4.69423458E-02
   1.5174402221402943        1.00000005E-03   1.7954594367389802        4.67067473E-02
   1.5195820017597725        1.00000005E-03   1.7979936244935288        4.64731865E-02
   1.5217237813792508        1.00000005E-03   1.8005278122480775        4.62414883E-02
   1.5238655609987291        1.00000005E-03   1.8030620000026261        4.60114852E-02
   1.5260073406182073        1.00000005E-03   1.8055961877571747        4.57830019E-02
   1.5281491202376856        1.00000005E-03   1.8081303755117233        4.55558673E-02
   1.5302908998571638        1.00000005E-03   1.8106645632662719        4.53299023E-02
   1.5324326794766421        1.00000005E-03   1.8131987510208205        4.51049320E-02
   1.5345742888839595        1.00000005E-03   1.8157327373776297        4.48807962E-02
   1.5367160685034378        1.00000005E-03   1.8182669251321784        4.46572788E-02
   1.5388578481229160        1.00000005E-03   1.8208011128867270        4.44342159E-02
   1.5409996277423943        1.00000005E-03   1.8233353006412756        4.42114249E-02
   1.5431414073618726        1.00000005E-03   1.8258694883958242        4.39887233E-02
   1.5452831869813508        1.00000005E-03   1.8284036761503728        4.37659249E-02
   1.5474249666008291        1.00000005E-03   1.8309378639049214        4.35428396E-02
   1.5495667462203073        1.00000005E-03   1.8334720516594700        4.33192812E-02
   1.5517085258397856        1.00000005E-03   1.8360062394140186        4.30950597E-02
   1.5538503054592638        1.00000005E-03   1.8385404271685672        4.28699814E-02
   1.5559920850787421        1.00000005E-03   1.8410746149231159        4.26438600E-02
   1.5581336944860595        1.00000005E-03   1.8436086012799251        4.24165130E-02
   1.5602754741055378        1.00000005E-03   1.8461427890344737        4.21877094E-02
   1.5624172537250161        1.00000005E-03   1.8486769767890223        4.19572704E-02
   1.5645590333444943        1.00000005E-03   1.8512111645435709        4.17249985E-02
   1.5667008129639726        1.00000005E-03   1.8537453522981195        4.14906926E-02
   1.5688425925834508        1.00000005E-03   1.8562795400526682        4.12541516E-02
   1.5709843722029291        1.00000005E-03   1.8588137278072168        4.10151705E-02
   1.5731261518224073        1.00000005E-03   1.8613479155617654        4.07735482E-02
   1.5752679314418856        1.00000005E-03   1.8638821033163140        4.05290760E-02
   1.5774097110613639        1.00000005E-03   1.8664162910708626        4.02815454E-02
   1.5795514906808421        1.00000005E-03   1.8689504788254112        4.00307477E-02
   1.5816932703003204        1.00000005E-03   1.8714846665799598        3.97764742E-02
   1.5838348797076378        1.00000005E-03   1.8740186529367691        3.95185351E-02
   1.5859766593271161        1.00000005E-03   1.8765528406913177        3.92566696E-02
   1.5881184389465943        1.00000005E-03   1.8790870284458663        3.89906876E-02
   1.5902602185660726        1.00000005E-03   1.8816212162004149        3.87203693E-02
   1.5924019981855508        1.00000005E-03   1.8841554039549635        3.84455025E-02
   1.5945437778050291        1.00000005E-03   1.8866895917095121        3.81658599E-02
   1.5966855574245074        1.00000005E-03   1.8892237794640607        3.78812291E-02
   1.5988273370439856        1.00000005E-03   1.8917579672186093        3.75913791E-02
   1.6009691166634639        1.00000005E-03   1.8942921549731579        3.72960903E-02
   1.6031108962829421        1.00000005E-03   1.8968263427277066        3.69951352E-02
   1.6052526759024204        1.00000005E-03   1.8993605304822552        3.66882868E-02
   1.6073942853097378        1.00000005E-03   1.9018945168390644        3.63753438E-02
   1.6095360649292161        1.00000005E-03   1.9044287045936130        3.60560268E-02
   1.6116778445486943        1.00000005E-03   1.9069628923481616        3.57301235E-02
   1.6138196241681726        1.00000005E-03   1.9094970801027102        3.53974029E-02
   1.6159614037876509        1.00000005E-03   1.9120312678572589        3.50576341E-02
   1.6181031834071291        1.00000005E-03   1.9145654556118075        3.47105749E-02
   1.6202449630266074        1.00000005E-03   1.9170996433663561        3.43559906E-02
   1.6223867426460856        1.00000005E-03   1.9196338311209047        3.39936428E-02
   1.6245285222655639        1.00000005E-03   1.9221680188754533        3.36232893E-02
   1.6266703018850421        1.00000005E-03   1.9247022066300019        3.32446843E-02
   1.6288120815045204        1.00000005E-03   1.9272363943845505        3.28575894E-02
   1.6309536909118378        1.00000005E-03   1.9297703807413598        3.24617885E-02
   1.6330954705313161        1.00000005E-03   1.9323045684959084        3.20569687E-02
   1.6352372501507944        1.00000005E-03   1.9348387562504570        3.16429138E-02
   1.6373790297702726        1.00000005E-03   1.9373729440050056        3.12193781E-02
   1.6395208093897509        1.00000005E-03   1.9399071317595542        3.07861026E-02
   1.6416625890092291        1.00000005E-03   1.9424413195141028        3.03428397E-02
   1.6438043686287074        1.00000005E-03   1.9449755072686514        2.98893303E-02
   1.6459461482481856        1.00000005E-03   1.9475096950232000        2.94253193E-02
   1.6480879278676639        1.00000005E-03   1.9500438827777486        2.89505497E-02
   1.6502297074871422        1.00000005E-03   1.9525780705322973        2.84647588E-02
   1.6523714871066204        1.00000005E-03   1.9551122582868459        2.79676896E-02
   1.6545132667260987        1.00000005E-03   1.9576464460413945        2.74590738E-02
   1.6566548761334161        1.00000005E-03   1.9601804323982037        2.69386936E-02
   1.6587966557528944        1.00000005E-03   1.9627146201527523        2.64061987E-02
   1.6609384353723726        1.00000005E-03   1.9652488079073009        2.58613601E-02
   1.6630802149918509        1.00000005E-03   1.9677829956618496        2.53039114E-02
   1.6652219946113291        1.00000005E-03   1.9703171834163982        2.47335806E-02
   1.6673637742308074        1.00000005E-03   1.9728513711709468        2.41500940E-02
   1.6695055538502857        1.00000005E-03   1.9753855589254954        2.35531796E-02
   1.6716473334697639        1.00000005E-03   1.9779197466800440        2.29425598E-02
   1.6737891130892422        1.00000005E-03   1.9804539344345926        2.23179590E-02
   1.6759308927087204        1.00000005E-03   1.9829881221891412        2.16790978E-02
   1.6780726723281987        1.00000005E-03   1.9855223099436898        2.10256949E-02
   1.6802142817355161        1.00000005E-03   1.9880562963004991        2.03575231E-02
   1.6823560613549944        1.00000005E-03   1.9905904840550477        1.96741913E-02
   1.6844978409744726        1.00000005E-03   1.9931246718095963        1.89754665E-02
   1.6866396205939509        1.00000005E-03   1.9956588595641449        1.82610620E-02
   1.6887814002134292        1.00000005E-03   1.9981930473186935        1.75306909E-02
   1.6909231798329074        1.00000005E-03   2.0007272350732421        1.67840607E-02
   1.6930649594523857        1.00000005E-03   2.0032614228277907        1.60208791E-02
   1.6952067390718639        1.00000005E-03   2.0057956105823394        1.52408546E-02
   1.6973485186913422        1.00000005E-03   2.0083297983368880        1.44436909E-02
   1.6994902983108204        1.00000005E-03   2.0108639860914366        1.36290910E-02
   1.7016320779302987        1.00000005E-03   2.0133981738459852        1.27967559E-02
   1.7037736873376161        1.00000005E-03   2.0159321602027944        1.19464556E-02
   1.7059154669570944        1.00000005E-03   2.0184663479573430        1.10777523E-02
   1.7080572465765727        1.00000005E-03   2.0210005357118916        1.01904087E-02
   1.7101990261960509        1.00000005E-03   2.0235347234664403        9.28412005E-03
   1.7123408058155292        1.00000005E-03   2.0260689112209889        8.35858099E-03
   1.7144825854350074        1.00000005E-03   2.0286030989755375        7.41348090E-03
   1.7166243650544857        1.00000005E-03   2.0311372867300861        1.00000005E-03
   1.7187661446739639        1.00000005E-03   2.0336714744846347        1.00000005E-03
   1.7209079242934422        1.00000005E-03   2.0362056622391833        1.00000005E-03
   1.7230497039129204        1.00000005E-03   2.0387398499937319        1.00000005E-03
   1.7251914835323987        1.00000005E-03   2.0412740377482805        1.00000005E-03
   1.7273332631518770        1.00000005E-03   2.0438082255028291        1.00000005E-03
   1.7294748725591944        1.00000005E-03   2.0463422118596384        1.00000005E-03
   1.7316166521786727        1.00000005E-03   2.0488763996141870        1.00000005E-03
   1.7337584317981509        1.00000005E-03   2.0514105873687356        1.00000005E-03
   1.7359002114176292        1.00000005E-03   2.0539447751232842        1.00000005E-03
   1.7380419910371074        1.00000005E-03   2.0564789628778328        1.00000005E-03
   1.7401837706565857        1.00000005E-03   2.0590131506323814        1.00000005E-03
   1.7423255502760640        1.00000005E-03   2.0615473383869301        1.00000005E-03
   1.7444673298955422        1.00000005E-03   2.0640815261414787        1.00000005E-03
   1.7466091095150205        1.00000005E-03   2.0666157138960273        1.00000005E-03
   1.7487508891344987        1.00000005E-03   2.0691499016505759        1.00000005E-03
   1.7508926687539770        1.00000005E-03   2.0716840894051245        1.00000005E-03
   1.7530342781612944        1.00000005E-03   2.0742180757619337        1.00000005E-03
   1.7551760577807727        1.00000005E-03   2.0767522635164823        1.00000005E-03
   1.7573178374002509        1.00000005E-03   2.0792864512710310        1.00000005E-03
   1.7594596170197292        1.00000005E-03   2.0818206390255796        1.00000005E-03
   1.7616013966392075        1.00000005E-03   2.0843548267801282        1.00000005E-03
   1.7637431762586857        1.00000005E-03   2.0868890145346768        1.00000005E-03
   1.7658849558781640        1.00000005E-03   2.0894232022892254        1.00000005E-03
   1.7680267354976422        1.00000005E-03   2.0919573900437740        1.00000005E-03
   1.7701685151171205        1.00000005E-03   2.0944915777983226        1.00000005E-03
   1.7723102947365987        1.00000005E-03   2.0970257655528712        1.00000005E-03
   1.7744520743560770        1.00000005E-03   2.0995599533074198        1.00000005E-03
   1.7765938539755552        1.00000005E-03   2.1020941410619685        1.00000005E-03
   1.7787354633828727        1.00000005E-03   2.1046281274187777        1.00000005E-03
   1.7808772430023510        1.00000005E-03   2.1071623151733263        1.00000005E-03
   1.7830190226218292        1.00000005E-03   2.1096965029278749        1.00000005E-03
   1.7851608022413075        1.00000005E-03   2.1122306906824235        1.00000005E-03
   1.7873025818607857        1.00000005E-03   2.1147648784369721        1.00000005E-03
   1.7894443614802640        1.00000005E-03   2.1172990661915208        1.00000005E-03
   1.7915861410997422        1.00000005E-03   2.1198332539460694        1.00000005E-03
   1.7937279207192205        1.00000005E-03   2.1223674417006180        1.00000005E-03
   1.7958697003386987        1.00000005E-03   2.1249016294551666        1.00000005E-03
   1.7980114799581770        1.00000005E-03   2.1274358172097152        1.00000005E-03
   1.8001532595776553        1.00000005E-03   2.1299700049642638        1.00000005E-03
   1.8022948689849727        1.00000005E-03   2.1325039913210730        1.00000005E-03
   1.8044366486044510        1.00000005E-03   2.1350381790756217        1.00000005E-03
   1.8065784282239292        1.00000005E-03   2.1375723668301703        1.00000005E-03
   1.8087202078434075        1.00000005E-03   2.1401065545847189        1.00000005E-03
   1.8108619874628857        1.00000005E-03   2.1426407423392675        1.00000005E-03
   1.8130037670823640        1.00000005E-03   2.1451749300938161        1.00000005E-03
   1.8151455467018422        1.00000005E-03   2.1477091178483647        1.00000005E-03
   1.8172873263213205        1.00000005E-03   2.1502433056029133        1.00000005E-03
   1.8194291059407988        1.00000005E-03   2.1527774933574619        1.00000005E-03
   1.8215708855602770        1.00000005E-03   2.1553116811120105        1.00000005E-03
   1.8237126651797553        1.00000005E-03   2.1578458688665592        1.00000005E-03
   1.8258542745870727        1.00000005E-03   2.1603798552233684        1.00000005E-03
   1.8279960542065510        1.00000005E-03   2.1629140429779170        1.00000005E-03
   1.8301378338260292        1.00000005E-03   2.1654482307324656        1.00000005E-03
   1.8322796134455075        1.00000005E-03   2.1679824184870142        1.00000005E-03
   1.8344213930649858        1.00000005E-03   2.1705166062415628        1.00000005E-03
   1.8365631726844640        1.00000005E-03   2.1730507939961115        1.00000005E-03
   1.8387049523039423        1.00000005E-03   2.1755849817506601        1.00000005E-03
   1.8408467319234205        1.00000005E-03   2.1781191695052087        1.00000005E-03
   1.8429885115428988        1.00000005E-03   2.1806533572597573        1.00000005E-03
   1.8451302911623770        1.00000005E-03   2.1831875450143059        1.00000005E-03
   1.8472720707818553        1.00000005E-03   2.1857217327688545        1.00000005E-03
   1.8494138504013335        1.00000005E-03   2.1882559205234031        1.00000005E-03
   1.8515554598086510        1.00000005E-03   2.1907899068802124        1.00000005E-03
   1.8536972394281293        1.00000005E-03   2.1933240946347610        1.00000005E-03
   1.8558390190476075        1.00000005E-03   2.1958582823893096        1.00000005E-03
   1.8579807986670858        1.00000005E-03   2.1983924701438582        1.00000005E-03
   1.8601225782865640        1.00000005E-03   2.2009266578984068        1.00000005E-03
   1.8622643579060423        1.00000005E-03   2.2034608456529554        1.00000005E-03
   1.8644061375255205        1.00000005E-03   2.2059950334075040        1.00000005E-03
   1.8665479171449988        1.00000005E-03   2.2085292211620526        1.00000005E-03
   1.8686896967644770        1.00000005E-03   2.2110634089166012        1.00000005E-03
   1.8708314763839553        1.00000005E-03   2.2135975966711499        1.00000005E-03
   1.8729732560034336        1.00000005E-03   2.2161317844256985        1.00000005E-03
   1.8751148654107510        1.00000005E-03   2.2186657707825077        1.00000005E-03
   1.8772566450302293        1.00000005E-03   2.2211999585370563        1.00000005E-03
   1.8793984246497075        1.00000005E-03   2.2237341462916049        1.00000005E-03
   1.8815402042691858        1.00000005E-03   2.2262683340461535        1.00000005E-03
   1.8836819838886640        1.00000005E-03   2.2288025218007022        1.00000005E-03
   1.8858237635081423        1.00000005E-03   2.2313367095552508        1.00000005E-03
   1.8879655431276205        1.00000005E-03   2.2338708973097994        1.00000005E-03
   1.8901073227470988        1.00000005E-03   2.2364050850643480        1.00000005E-03
   1.8922491023665771        1.00000005E-03   2.2389392728188966        1.00000005E-03
   1.8943908819860553        1.00000005E-03   2.2414734605734452        1.00000005E-03
   1.8965326616055336        1.00000005E-03   2.2440076483279938        1.00000005E-03
   1.8986742710128510        1.00000005E-03   2.2465416346848031        1.00000005E-03
   1.9008160506323293        1.00000005E-03   2.2490758224393517        1.00000005E-03
   1.9029578302518075        1.00000005E-03   2.2516100101939003        1.00000005E-03
   1.9050996098712858        1.00000005E-03   2.2541441979484489        1.00000005E-03
   1.9072413894907640        1.00000005E-03   2.2566783857029975        1.00000005E-03
   1.9093831691102423        1.00000005E-03   2.2592125734575461        1.00000005E-03
   1.9115249487297206        1.00000005E-03   2.2617467612120947        1.00000005E-03
   1.9136667283491988        1.00000005E-03   2.2642809489666433        1.00000005E-03
   1.9158085079686771        1.00000005E-03   2.2668151367211919        1.00000005E-03
   1.9179502875881553        1.00000005E-03   2.2693493244757406        1.00000005E-03
   1.9200920672076336        1.00000005E-03   2.2718835122302892        1.00000005E-03
   1.9222338468271118        1.00000005E-03   2.2744176999848378        1.00000005E-03
   1.9243754562344293        1.00000005E-03   2.2769516863416470        1.00000005E-03
   1.9265172358539076        1.00000005E-03   2.2794858740961956        1.00000005E-03
   1.9286590154733858        1.00000005E-03   2.2820200618507442        1.00000005E-03
   1.9308007950928641        1.00000005E-03   2.2845542496052929        1.00000005E-03
   1.9329425747123423        1.00000005E-03   2.2870884373598415        1.00000005E-03
   1.9350843543318206        1.00000005E-03   2.2896226251143901        1.00000005E-03
   1.9372261339512988        1.00000005E-03   2.2921568128689387        1.00000005E-03
   1.9393679135707771        1.00000005E-03   2.2946910006234873        1.00000005E-03
   1.9415096931902553        1.00000005E-03   2.2972251883780359        1.00000005E-03
   1.9436514728097336        1.00000005E-03   2.2997593761325845        1.00000005E-03
   1.9457932524292119        1.00000005E-03   2.3022935638871331        1.00000005E-03
   1.9479348618365293        1.00000005E-03   2.3048275502439424        1.00000005E-03
   1.9500766414560076        1.00000005E-03   2.3073617379984910        1.00000005E-03
   1.9522184210754858        1.00000005E-03   2.3098959257530396        1.00000005E-03
   1.9543602006949641        1.00000005E-03   2.3124301135075882        1.00000005E-03
   1.9565019803144423        1.00000005E-03   2.3149643012621368        1.00000005E-03
   1.9586437599339206        1.00000005E-03   2.3174984890166854        1.00000005E-03
   1.9607855395533988        1.00000005E-03   2.3200326767712340        1.00000005E-03
   1.9629273191728771        1.00000005E-03   2.3225668645257826        1.00000005E-03
   1.9650690987923554        1.00000005E-03   2.3251010522803313        1.00000005E-03
   1.9672108784118336        1.00000005E-03   2.3276352400348799        1.00000005E-03
   1.9693526580313119        1.00000005E-03   2.3301694277894285        1.00000005E-03
   1.9714942674386293        1.00000005E-03   2.3327034141462377        1.00000005E-03
   1.9736360470581076        1.00000005E-03   2.3352376019007863        1.00000005E-03
   1.9757778266775858        1.00000005E-03   2.3377717896553349        1.00000005E-03
   1.9779196062970641        1.00000005E-03   2.3403059774098836        1.00000005E-03
   1.9800613859165423        1.00000005E-03   2.3428401651644322        1.00000005E-03
   1.9822031655360206        1.00000005E-03   2.3453743529189808        1.00000005E-03
   1.9843449451554989        1.00000005E-03   2.3479085406735294        1.00000005E-03
   1.9864867247749771        1.00000005E-03   2.3504427284280780        1.00000005E-03
   1.9886285043944554        1.00000005E-03   2.3529769161826266        1.00000005E-03
   1.9907702840139336        1.00000005E-03   2.3555111039371752        1.00000005E-03
   1.9929120636334119        1.00000005E-03   2.3580452916917238        1.00000005E-03
   1.9950538432528901        1.00000005E-03   2.3605794794462724        1.00000005E-03
   1.9971954526602076        1.00000005E-03   2.3631134658030817        1.00000005E-03
   1.9993372322796858        1.00000005E-03   2.3656476535576303        1.00000005E-03
   2.0014790118991641        1.00000005E-03   2.3681818413121789        1.00000005E-03
   2.0036207915186424        1.00000005E-03   2.3707160290667275        1.00000005E-03
   2.0057625711381206        1.00000005E-03   2.3732502168212761        1.00000005E-03
   2.0079043507575989        1.00000005E-03   2.3757844045758247        1.00000005E-03
   2.0100461303770771        1.00000005E-03   2.3783185923303733        1.00000005E-03
   2.0121879099965554        1.00000005E-03   2.3808527800849220        1.00000005E-03
   2.0143296896160336        1.00000005E-03   2.3833869678394706        1.00000005E-03
   2.0164714692355119        1.00000005E-03   2.3859211555940192        1.00000005E-03
   2.0186132488549902        1.00000005E-03   2.3884553433485678        1.00000005E-03
   2.0207548582623076        1.00000005E-03   2.3909893297053770        1.00000005E-03
   2.0228966378817859        1.00000005E-03   2.3935235174599256        1.00000005E-03
   2.0250384175012641        1.00000005E-03   2.3960577052144743        1.00000005E-03
   2.0271801971207424        1.00000005E-03   2.3985918929690229        1.00000005E-03
   2.0293219767402206        1.00000005E-03   2.4011260807235715        1.00000005E-03
   2.0314637563596989        1.00000005E-03   2.4036602684781201        1.00000005E-03
   2.0336055359791771        1.00000005E-03   2.4061944562326687        1.00000005E-03
   2.0357473155986554        1.00000005E-03   2.4087286439872173        1.00000005E-03
   2.0378890952181337        1.00000005E-03   2.4112628317417659        1.00000005E-03
   2.0400308748376119        1.00000005E-03   2.4137970194963145        1.00000005E-03
   2.0421726544570902        1.00000005E-03   2.4163312072508631        1.00000005E-03
   2.0443144340765684        1.00000005E-03   2.4188653950054118        1.00000005E-03
   2.0464560434838859        1.00000005E-03   2.4213993813622210        1.00000005E-03
   2.0485978231033641        1.00000005E-03   2.4239335691167696        1.00000005E-03
   2.0507396027228424        1.00000005E-03   2.4264677568713182        1.00000005E-03
   2.0528813823423206        1.00000005E-03   2.4290019446258668        1.00000005E-03
   2.0550231619617989        1.00000005E-03   2.4315361323804154        1.00000005E-03
   2.0571649415812772        1.00000005E-03   2.4340703201349640        1.00000005E-03
   2.0593067212007554        1.00000005E-03   2.4366045078895127        1.00000005E-03
   2.0614485008202337        1.00000005E-03   2.4391386956440613        1.00000005E-03
   2.0635902804397119        1.00000005E-03   2.4416728833986099        1.00000005E-03
   2.0657320600591902        1.00000005E-03   2.4442070711531585        1.00000005E-03
   2.0678738396786684        1.00000005E-03   2.4467412589077071        1.00000005E-03
   2.0700154490859859        1.00000005E-03   2.4492752452645163        1.00000005E-03
   2.0721572287054641        1.00000005E-03   2.4518094330190650        1.00000005E-03
   2.0742990083249424        1.00000005E-03   2.4543436207736136        1.00000005E-03
   2.0764407879444207        1.00000005E-03   2.4568778085281622        1.00000005E-03
   2.0785825675638989        1.00000005E-03   2.4594119962827108        1.00000005E-03
   2.0807243471833772        1.00000005E-03   2.4619461840372594        1.00000005E-03
   2.0828661268028554        1.00000005E-03   2.4644803717918080        1.00000005E-03
   2.0850079064223337        1.00000005E-03   2.4670145595463566        1.00000005E-03
   2.0871496860418119        1.00000005E-03   2.4695487473009052        1.00000005E-03
   2.0892914656612902        1.00000005E-03   2.4720829350554538        1.00000005E-03
   2.0914332452807685        1.00000005E-03   2.4746171228100025        1.00000005E-03
   2.0935748546880859        1.00000005E-03   2.4771511091668117        1.00000005E-03
   2.0957166343075642        1.00000005E-03   2.4796852969213603        1.00000005E-03
   2.0978584139270424        1.00000005E-03   2.4822194846759089        1.00000005E-03
   2.1000001935465207        1.00000005E-03   2.4847536724304575        1.00000005E-03
   2.1021419731659989        1.00000005E-03   2.4872878601850061        1.00000005E-03
   2.1042837527854772        1.00000005E-03   2.4898220479395547        1.00000005E-03
   2.1064255324049554        1.00000005E-03   2.4923562356941034        1.00000005E-03
   2.1085673120244337        1.00000005E-03   2.4948904234486520        1.00000005E-03
   2.1107090916439120        1.00000005E-03   2.4974246112032006        1.00000005E-03
   2.1128508712633902        1.00000005E-03   2.4999587989577492        1.00000005E-03
   2.1149926508828685        1.00000005E-03   2.5024929867122978        1.00000005E-03
   2.1171344305023467        1.00000005E-03   2.5050271744668464        1.00000005E-03
   2.1192760399096642        1.00000005E-03   2.5075611608236557        1.00000005E-03
   2.1214178195291424        1.00000005E-03   2.5100953485782043        1.00000005E-03
   2.1235595991486207        1.00000005E-03   2.5126295363327529        1.00000005E-03
   2.1257013787680989        1.00000005E-03   2.5151637240873015        1.00000005E-03
   2.1278431583875772        1.00000005E-03   2.5176979118418501        1.00000005E-03
   2.1299849380070555        1.00000005E-03   2.5202320995963987        1.00000005E-03
   2.1321267176265337        1.00000005E-03   2.5227662873509473        1.00000005E-03
   2.1342684972460120        1.00000005E-03   2.5253004751054959        1.00000005E-03
   2.1364102768654902        1.00000005E-03   2.5278346628600445        1.00000005E-03
   2.1385520564849685        1.00000005E-03   2.5303688506145932        1.00000005E-03
   2.1406938361044467        1.00000005E-03   2.5329030383691418        1.00000005E-03
