   1.5000000130385160E-003   85755.1328       232761.312    
   4.4999998062849045E-003   127771.570       289087.188    
   7.4999998323619366E-003   169418.594       345046.156    
   1.0499999858438969E-002   210697.641       400639.500    
   1.3500000350177288E-002   251610.188       455868.344    
   1.6499999910593033E-002   292157.625       510734.031    
   1.9500000402331352E-002   332341.375       565237.562    
   2.2500000894069672E-002   372162.938       619380.375    
   2.5499999523162842E-002   411623.719       673163.500    
   2.8500000014901161E-002   450725.125       726588.250    
   3.1500000506639481E-002   489468.625       779655.875    
   3.4499999135732651E-002   527855.562       832367.375    
   3.7500001490116119E-002   565887.500       884724.062    
   4.0500000119209290E-002   603565.750       936727.125    
   4.3499998748302460E-002   640891.688       988377.812    
   4.6500001102685928E-002   677867.000       1039677.19    
   4.9499999731779099E-002   714492.812       1090626.50    
   5.2499998360872269E-002   750770.500       1141227.12    
   5.5500000715255737E-002   786701.875       1191480.12    
   5.8499999344348907E-002   822288.000       1241386.50    
   6.1500001698732376E-002   857530.375       1290947.50    
   6.4499996602535248E-002   892430.375       1340164.50    
   6.7500002682209015E-002   926989.625       1389038.62    
   7.0500001311302185E-002   961209.250       1437570.88    
   7.3499999940395355E-002   995090.688       1485762.50    
   7.6499998569488525E-002   1028635.44       1533615.00    
   7.9499997198581696E-002   1061845.00       1581128.88    
   8.2500003278255463E-002   1094720.50       1628306.12    
   8.5500001907348633E-002   1127263.62       1675147.12    
   8.8500000536441803E-002   1159475.50       1721653.50    
   9.1499999165534973E-002   1191357.75       1767826.38    
   9.4499997794628143E-002   1222911.50       1813666.88    
   9.7499996423721313E-002   1254138.50       1859176.00    
  0.10050000250339508        1285039.88       1904355.12    
  0.10350000113248825        1315617.00       1949205.50    
  0.10649999976158142        1345871.50       1993727.88    
  0.10949999839067459        1375804.38       2037923.75    
  0.11249999701976776        1405417.25       2081794.00    
  0.11550000309944153        1434711.50       2125340.50    
  0.11850000172853470        1463688.50       2168563.50    
  0.12150000035762787        1492349.62       2211464.50    
  0.12449999898672104        1520696.12       2254044.25    
  0.12749999761581421        1548729.62       2296304.75    
  0.13050000369548798        1576451.25       2338246.50    
  0.13349999487400055        1603862.38       2379871.00    
  0.13650000095367432        1630964.62       2421179.25    
  0.13950000703334808        1657759.00       2462172.25    
  0.14249999821186066        1684247.00       2502851.00    
  0.14550000429153442        1710430.25       2543217.00    
  0.14849999547004700        1736309.62       2583271.25    
  0.15150000154972076        1761887.00       2623015.25    
  0.15449999272823334        1787163.25       2662449.25    
  0.15749999880790710        1812140.12       2701575.25    
  0.16050000488758087        1836818.75       2740393.75    
  0.16349999606609344        1861200.38       2778906.25    
  0.16650000214576721        1885286.62       2817113.50    
  0.16949999332427979        1909078.62       2855017.00    
  0.17249999940395355        1932578.12       2892618.00    
  0.17550000548362732        1955785.88       2929917.00    
  0.17849999666213989        1978703.50       2966915.50    
  0.18150000274181366        2001332.50       3003614.75    
  0.18449999392032623        2023673.62       3040015.75    
  0.18750000000000000        2045729.00       3076119.25    
  0.19050000607967377        2067499.62       3111927.00    
  0.19349999725818634        2088986.62       3147439.00    
  0.19650000333786011        2110191.50       3182658.00    
  0.19949999451637268        2131115.50       3217583.75    
  0.20250000059604645        2151760.25       3252218.00    
  0.20550000667572021        2172126.50       3286561.75    
  0.20849999785423279        2192216.00       3320615.75    
  0.21150000393390656        2212030.25       3354381.50    
  0.21449999511241913        2231570.00       3387859.50    
  0.21750000119209290        2250837.25       3421051.75    
  0.22050000727176666        2269832.50       3453958.75    
  0.22349999845027924        2288557.75       3486581.75    
  0.22650000452995300        2307014.00       3518921.50    
  0.22949999570846558        2325202.50       3550979.50    
  0.23250000178813934        2343124.75       3582756.75    
  0.23549999296665192        2360782.25       3614254.50    
  0.23849999904632568        2378175.75       3645473.25    
  0.24150000512599945        2395306.75       3676414.50    
  0.24449999630451202        2412176.75       3707079.50    
  0.24750000238418579        2428787.00       3737468.50    
  0.25049999356269836        2445138.50       3767583.75    
  0.25350001454353333        2461233.25       3797425.50    
  0.25650000572204590        2477071.50       3826994.75    
  0.25949999690055847        2492655.50       3856293.25    
  0.26249998807907104        2507986.00       3885321.50    
  0.26550000905990601        2523064.50       3914080.75    
  0.26850000023841858        2537892.25       3942572.00    
  0.27149999141693115        2552470.50       3970796.75    
  0.27450001239776611        2566800.50       3998755.25    
  0.27750000357627869        2580883.50       4026449.00    
  0.28049999475479126        2594720.75       4053878.75    
  0.28349998593330383        2608313.50       4081045.75    
  0.28650000691413879        2621663.50       4107951.50    
  0.28949999809265137        2634771.50       4134596.50    
  0.29249998927116394        2647639.00       4160981.50    
  0.29550001025199890        2660267.25       4187109.00    
  0.29850000143051147        2672657.00       4212978.50    
  0.30149999260902405        2684810.50       4238591.50    
  0.30450001358985901        2696728.50       4263949.00    
  0.30750000476837158        2708412.00       4289052.00    
  0.31049999594688416        2719862.50       4313902.00    
  0.31349998712539673        2731081.50       4338499.50    
  0.31650000810623169        2742070.00       4362846.00    
  0.31949999928474426        2752829.25       4386942.00    
  0.32249999046325684        2763360.50       4410789.00    
  0.32550001144409180        2773665.25       4434388.00    
  0.32850000262260437        2783744.50       4457739.50    
  0.33149999380111694        2793599.25       4480845.00    
  0.33450001478195190        2803231.25       4503705.00    
  0.33750000596046448        2812641.25       4526321.50    
  0.34049999713897705        2821831.25       4548694.50    
  0.34349998831748962        2830801.50       4570825.50    
  0.34650000929832458        2839554.00       4592715.50    
  0.34950000047683716        2848089.75       4614365.50    
  0.35249999165534973        2856410.00       4635776.50    
  0.35550001263618469        2864516.00       4656949.50    
  0.35850000381469727        2872408.50       4677885.50    
  0.36149999499320984        2880090.00       4698585.00    
  0.36449998617172241        2887560.00       4719050.00    
  0.36750000715255737        2894821.00       4739280.50    
  0.37049999833106995        2901874.00       4759278.50    
  0.37349998950958252        2908719.75       4779044.50    
  0.37650001049041748        2915360.00       4798579.00    
  0.37950000166893005        2921795.50       4817884.00    
  0.38249999284744263        2928028.00       4836959.50    
  0.38550001382827759        2934058.25       4855807.00    
  0.38850000500679016        2939887.50       4874427.50    
  0.39149999618530273        2945517.25       4892822.00    
  0.39449998736381531        2950948.75       4910991.50    
  0.39750000834465027        2956183.00       4928937.00    
  0.40049999952316284        2961221.25       4946659.00    
  0.40349999070167542        2966064.00       4964159.00    
  0.40650001168251038        2970713.75       4981438.00    
  0.40950000286102295        2975171.00       4998496.50    
  0.41249999403953552        2979437.00       5015335.50    
  0.41549998521804810        2983512.75       5031956.00    
  0.41850000619888306        2987400.00       5048360.50    
  0.42149999737739563        2991099.50       5064548.00    
  0.42449998855590820        2994612.25       5080520.00    
  0.42750000953674316        2997940.25       5096278.00    
  0.43050000071525574        3001084.00       5111822.00    
  0.43349999189376831        3004044.50       5127154.00    
  0.43650001287460327        3006823.75       5142274.00    
  0.43950000405311584        3009422.75       5157184.00    
  0.44249999523162842        3011841.50       5171884.50    
  0.44549998641014099        3014082.75       5186375.50    
  0.44850000739097595        3016146.50       5200659.50    
  0.45149999856948853        3018035.00       5214737.00    
  0.45449998974800110        3019748.50       5228608.00    
  0.45750001072883606        3021288.75       5242274.50    
  0.46050000190734863        3022656.50       5255737.00    
  0.46349999308586121        3023853.25       5268996.50    
  0.46650001406669617        3024879.75       5282054.00    
  0.46950000524520874        3025737.75       5294910.50    
  0.47249999642372131        3026428.00       5307567.00    
  0.47549998760223389        3026951.75       5320024.50    
  0.47850000858306885        3027310.25       5332283.00    
  0.48149999976158142        3027504.25       5344345.00    
  0.48449999094009399        3027535.50       5356209.50    
  0.48750001192092896        3027405.00       5367879.00    
  0.49050000309944153        3027113.50       5379354.50    
  0.49349999427795410        3026662.75       5390636.00    
  0.49649998545646667        3026053.50       5401724.50    
  0.49950000643730164        3025286.75       5412621.50    
  0.50249999761581421        3024363.75       5423327.50    
  0.50550001859664917        3023286.00       5433843.50    
  0.50849997997283936        3022054.50       5444170.50    
  0.51150000095367432        3020670.25       5454309.50    
  0.51450002193450928        3019134.25       5464261.50    
  0.51749998331069946        3017448.25       5474026.50    
  0.52050000429153442        3015612.25       5483606.50    
  0.52350002527236938        3013628.50       5493002.50    
  0.52649998664855957        3011497.75       5502214.00    
  0.52950000762939453        3009221.00       5511243.00    
  0.53250002861022949        3006799.50       5520090.50    
  0.53549998998641968        3004234.00       5528757.50    
  0.53850001096725464        3001526.25       5537244.00    
  0.54149997234344482        2998677.25       5545551.50    
  0.54449999332427979        2995687.75       5553681.00    
  0.54750001430511475        2992558.75       5561633.00    
  0.55049997568130493        2989292.00       5569409.00    
  0.55349999666213989        2985888.50       5577009.00    
  0.55650001764297485        2982348.50       5584434.50    
  0.55949997901916504        2978674.25       5591686.00    
  0.56250000000000000        2974866.25       5598765.00    
  0.56550002098083496        2970925.75       5605672.00    
  0.56849998235702515        2966853.50       5612407.50    
  0.57150000333786011        2962651.25       5618973.00    
  0.57450002431869507        2958319.50       5625369.50    
  0.57749998569488525        2953860.00       5631597.00    
  0.58050000667572021        2949273.00       5637657.00    
  0.58350002765655518        2944560.50       5643550.50    
  0.58649998903274536        2939722.75       5649277.50    
  0.58950001001358032        2934761.50       5654840.50    
  0.59249997138977051        2929677.50       5660238.50    
  0.59549999237060547        2924472.00       5665474.00    
  0.59850001335144043        2919145.75       5670547.00    
  0.60149997472763062        2913700.50       5675457.50    
  0.60449999570846558        2908136.50       5680208.00    
  0.60750001668930054        2902455.25       5684799.00    
  0.61049997806549072        2896658.25       5689230.50    
  0.61349999904632568        2890745.75       5693504.50    
  0.61650002002716064        2884719.25       5697621.00    
  0.61949998140335083        2878580.00       5701580.50    
  0.62250000238418579        2872328.50       5705385.00    
  0.62550002336502075        2865966.25       5709034.00    
  0.62849998474121094        2859495.00       5712530.00    
  0.63150000572204590        2852914.25       5715872.50    
  0.63450002670288086        2846226.00       5719063.00    
  0.63749998807907104        2839431.50       5722102.00    
  0.64050000905990601        2832531.00       5724990.00    
  0.64349997043609619        2825526.75       5727729.00    
  0.64649999141693115        2818418.50       5730319.00    
  0.64950001239776611        2811208.25       5732761.00    
  0.65249997377395630        2803896.50       5735055.50    
  0.65549999475479126        2796485.00       5737203.50    
  0.65850001573562622        2788973.75       5739206.50    
  0.66149997711181641        2781364.75       5741064.50    
  0.66449999809265137        2773658.50       5742778.50    
  0.66750001907348633        2765856.00       5744349.50    
  0.67049998044967651        2757959.00       5745778.50    
  0.67350000143051147        2749967.75       5747066.00    
  0.67650002241134644        2741883.50       5748212.50    
  0.67949998378753662        2733707.25       5749219.00    
  0.68250000476837158        2725440.50       5750087.00    
  0.68550002574920654        2717083.50       5750817.00    
  0.68849998712539673        2708638.25       5751409.00    
  0.69150000810623169        2700105.00       5751865.00    
  0.69450002908706665        2691485.00       5752184.50    
  0.69749999046325684        2682779.50       5752369.50    
  0.70050001144409180        2673989.00       5752420.50    
  0.70349997282028198        2665114.75       5752337.50    
  0.70649999380111694        2656158.00       5752122.50    
  0.70950001478195190        2647119.75       5751775.00    
  0.71249997615814209        2638001.00       5751297.50    
  0.71549999713897705        2628802.25       5750689.50    
  0.71850001811981201        2619525.25       5749951.50    
  0.72149997949600220        2610170.50       5749085.00    
  0.72450000047683716        2600739.25       5748091.00    
  0.72750002145767212        2591232.25       5746970.00    
  0.73049998283386230        2581651.00       5745722.00    
  0.73350000381469727        2571996.00       5744349.50    
  0.73650002479553223        2562268.25       5742852.00    
  0.73949998617172241        2552469.50       5741230.50    
  0.74250000715255737        2542600.00       5739485.50    
  0.74550002813339233        2532660.75       5737618.50    
  0.74849998950958252        2522653.25       5735629.50    
  0.75150001049041748        2512578.00       5733520.00    
  0.75449997186660767        2502436.25       5731290.50    
  0.75749999284744263        2492228.75       5728941.50    
  0.76050001382827759        2481956.75       5726473.50    
  0.76349997520446777        2471621.25       5723888.50    
  0.76649999618530273        2461222.75       5721186.00    
  0.76950001716613770        2450762.75       5718367.00    
  0.77249997854232788        2440242.25       5715433.50    
  0.77549999952316284        2429662.25       5712384.00    
  0.77850002050399780        2419023.25       5709221.00    
  0.78149998188018799        2408326.50       5705945.50    
  0.78450000286102295        2397573.00       5702556.50    
  0.78750002384185791        2386763.50       5699056.00    
  0.79049998521804810        2375899.75       5695445.00    
  0.79350000619888306        2364981.75       5691723.00    
  0.79650002717971802        2354010.50       5687892.00    
  0.79949998855590820        2342987.75       5683952.00    
  0.80250000953674316        2331914.25       5679903.50    
  0.80549997091293335        2320790.50       5675749.00    
  0.80849999189376831        2309617.50       5671487.00    
  0.81150001287460327        2298396.50       5667119.50    
  0.81449997425079346        2287128.50       5662646.50    
  0.81749999523162842        2275814.25       5658069.00    
  0.82050001621246338        2264454.50       5653389.00    
  0.82349997758865356        2253050.75       5648605.00    
  0.82649999856948853        2241603.75       5643719.50    
  0.82950001955032349        2230114.00       5638732.00    
  0.83249998092651367        2218583.25       5633644.00    
  0.83550000190734863        2207011.50       5628456.00    
  0.83850002288818359        2195400.50       5623168.50    
  0.84149998426437378        2183750.75       5617782.00    
  0.84450000524520874        2172063.25       5612298.50    
  0.84750002622604370        2160339.00       5606717.50    
  0.85049998760223389        2148579.00       5601040.50    
  0.85350000858306885        2136784.25       5595267.00    
  0.85650002956390381        2124955.00       5589399.00    
  0.85949999094009399        2113093.25       5583436.50    
  0.86250001192092896        2101199.00       5577380.00    
  0.86549997329711914        2089273.88       5571231.00    
  0.86849999427795410        2077318.25       5564990.00    
  0.87150001525878906        2065333.25       5558657.00    
  0.87449997663497925        2053320.00       5552233.00    
  0.87749999761581421        2041279.12       5545719.50    
  0.88050001859664917        2029211.50       5539116.50    
  0.88349997997283936        2017118.25       5532424.50    
  0.88650000095367432        2005000.25       5525644.50    
  0.88950002193450928        1992858.25       5518776.50    
  0.89249998331069946        1980693.50       5511823.00    
  0.89550000429153442        1968506.62       5504783.00    
  0.89850002527236938        1956298.38       5497657.50    
  0.90149998664855957        1944070.25       5490447.50    
  0.90450000762939453        1931822.50       5483153.50    
  0.90750002861022949        1919556.12       5475776.00    
  0.91049998998641968        1907272.75       5468316.00    
  0.91350001096725464        1894972.25       5460774.50    
  0.91649997234344482        1882656.12       5453151.00    
  0.91949999332427979        1870325.00       5445447.00    
  0.92250001430511475        1857979.75       5437663.00    
  0.92549997568130493        1845621.62       5429800.50    
  0.92849999666213989        1833251.12       5421859.00    
  0.93150001764297485        1820869.38       5413839.50    
  0.93449997901916504        1808477.38       5405743.00    
  0.93750000000000000        1796075.38       5397569.50    
  0.94050002098083496        1783664.75       5389320.00    
  0.94349998235702515        1771246.62       5380995.00    
  0.94650000333786011        1758821.12       5372595.50    
  0.94950002431869507        1746389.75       5364122.50    
  0.95249998569488525        1733953.25       5355576.00    
  0.95550000667572021        1721512.25       5346956.50    
  0.95850002765655518        1709067.62       5338264.50    
  0.96149998903274536        1696620.75       5329502.00    
  0.96450001001358032        1684171.88       5320668.00    
  0.96749997138977051        1671722.38       5311764.50    
  0.97049999237060547        1659272.50       5302791.00    
  0.97350001335144043        1646823.62       5293749.00    
  0.97649997472763062        1634376.50       5284638.50    
  0.97949999570846558        1621931.62       5275460.50    
  0.98250001668930054        1609490.38       5266215.50    
  0.98549997806549072        1597053.50       5256904.00    
  0.98849999904632568        1584621.50       5247527.00    
  0.99150002002716064        1572195.38       5238085.00    
  0.99449998140335083        1559776.50       5228578.50    
  0.99750000238418579        1547364.75       5219008.00    
   1.0004999637603760        1534961.75       5209374.50    
   1.0034999847412109        1522567.88       5199678.00    
   1.0065000057220459        1510184.12       5189920.00    
   1.0095000267028809        1497811.25       5180100.50    
   1.0125000476837158        1485450.25       5170220.00    
   1.0154999494552612        1473102.50       5160280.00    
   1.0184999704360962        1460767.50       5150280.00    
   1.0214999914169312        1448447.00       5140221.00    
   1.0245000123977661        1436141.75       5130103.50    
   1.0275000333786011        1423852.38       5119928.50    
   1.0305000543594360        1411579.62       5109696.50    
   1.0334999561309814        1399325.12       5099408.00    
   1.0364999771118164        1387088.38       5089064.00    
   1.0394999980926514        1374871.12       5078664.00    
   1.0425000190734863        1362673.88       5068210.00    
   1.0455000400543213        1350497.38       5057701.00    
   1.0484999418258667        1338343.25       5047139.00    
   1.0514999628067017        1326210.75       5036524.00    
   1.0544999837875366        1314101.88       5025857.00    
   1.0575000047683716        1302017.12       5015137.50    
   1.0605000257492065        1289957.12       5004367.00    
   1.0635000467300415        1277922.75       4993546.50    
   1.0664999485015869        1265915.62       4982675.50    
   1.0694999694824219        1253935.25       4971755.50    
   1.0724999904632568        1241983.00       4960786.00    
   1.0755000114440918        1230059.75       4949768.50    
   1.0785000324249268        1218166.12       4938703.50    
   1.0815000534057617        1206302.88       4927591.00    
   1.0844999551773071        1194471.50       4916432.00    
   1.0874999761581421        1182671.88       4905227.50    
   1.0904999971389771        1170904.88       4893977.00    
   1.0935000181198120        1159171.62       4882681.50    
   1.0965000391006470        1147472.88       4871342.00    
   1.0994999408721924        1135809.75       4859959.50    
   1.1024999618530273        1124182.12       4848533.00    
   1.1054999828338623        1112591.38       4837063.50    
   1.1085000038146973        1101038.00       4825552.50    
   1.1115000247955322        1089523.00       4814000.00    
   1.1145000457763672        1078047.25       4802406.00    
   1.1174999475479126        1066611.75       4790772.50    
   1.1204999685287476        1055216.38       4779098.50    
   1.1234999895095825        1043862.50       4767385.50    
   1.1265000104904175        1032550.75       4755633.50    
   1.1295000314712524        1021281.88       4743843.50    
   1.1325000524520874        1010056.69       4732015.50    
   1.1354999542236328        998876.562       4720150.50    
   1.1384999752044678        987741.000       4708249.00    
   1.1414999961853027        976651.500       4696311.50    
   1.1445000171661377        965608.688       4684338.00    
   1.1475000381469727        954613.438       4672329.50    
   1.1505000591278076        943666.312       4660287.50    
   1.1534999608993530        932768.562       4648211.00    
   1.1564999818801880        921920.188       4636101.00    
   1.1595000028610229        911122.312       4623958.00    
   1.1625000238418579        900375.625       4611782.50    
   1.1655000448226929        889680.812       4599575.50    
   1.1684999465942383        879039.125       4587337.00    
   1.1714999675750732        868450.438       4575068.00    
   1.1744999885559082        857915.938       4562768.50    
   1.1775000095367432        847436.312       4550438.50    
   1.1805000305175781        837012.375       4538080.00    
   1.1835000514984131        826644.812       4525692.50    
   1.1864999532699585        816334.688       4513277.50    
   1.1894999742507935        806081.938       4500834.00    
   1.1924999952316284        795887.750       4488363.50    
   1.1955000162124634        785752.875       4475865.50    
   1.1985000371932983        775677.938       4463342.50    
   1.2015000581741333        765663.750       4450793.00    
   1.2044999599456787        755711.375       4438218.50    
   1.2074999809265137        745820.688       4425619.50    
   1.2105000019073486        735992.938       4412996.50    
   1.2135000228881836        726228.688       4400348.50    
   1.2165000438690186        716528.750       4387678.50    
   1.2194999456405640        706894.125       4374986.00    
   1.2224999666213989        697324.812       4362270.00    
   1.2254999876022339        687821.938       4349532.50    
   1.2285000085830688        678386.188       4336774.00    
   1.2315000295639038        669018.188       4323994.50    
   1.2345000505447388        659718.688       4311194.50    
   1.2374999523162842        650488.812       4298376.00    
   1.2404999732971191        641328.375       4285536.50    
   1.2434999942779541        632238.500       4272678.50    
   1.2465000152587891        623220.000       4259802.00    
   1.2495000362396240        614273.500       4246907.50    
   1.2525000572204590        605399.562       4233995.50    
   1.2554999589920044        596599.375       4221067.50    
   1.2584999799728394        587872.875       4208122.00    
   1.2615000009536743        579221.125       4195160.50    
   1.2645000219345093        570644.688       4182183.00    
   1.2675000429153442        562144.375       4169190.75    
   1.2704999446868896        553721.125       4156183.75    
   1.2734999656677246        545375.000       4143162.50    
   1.2764999866485596        537106.938       4130127.25    
   1.2795000076293945        528917.688       4117078.75    
   1.2825000286102295        520807.875       4104017.25    
   1.2855000495910645        512778.219       4090943.50    
   1.2884999513626099        504829.594       4077857.75    
   1.2914999723434448        496962.156       4064760.75    
   1.2944999933242798        489176.781       4051651.75    
   1.2975000143051147        481474.188       4038532.50    
   1.3005000352859497        473855.062       4025403.25    
   1.3035000562667847        466320.000       4012264.00    
   1.3064999580383301        458869.969       3999115.75    
   1.3094999790191650        451505.031       3985958.50    
   1.3125000000000000        444226.188       3972792.25    
   1.3155000209808350        437034.031       3959618.25    
   1.3185000419616699        429929.219       3946436.75    
   1.3214999437332153        422912.688       3933248.25    
   1.3244999647140503        415984.500       3920052.50    
   1.3274999856948853        409145.625       3906850.50    
   1.3305000066757202        402396.688       3893642.25    
   1.3335000276565552        395738.312       3880429.25    
   1.3365000486373901        389171.125       3867210.75    
   1.3394999504089355        382696.031       3853988.00    
   1.3424999713897705        376313.188       3840760.50    
   1.3454999923706055        370023.438       3827529.50    
   1.3485000133514404        363827.438       3814294.50    
   1.3515000343322754        357725.719       3801056.75    
   1.3545000553131104        351719.094       3787816.50    
   1.3574999570846558        345808.281       3774574.75    
   1.3604999780654907        339993.500       3761330.50    
   1.3634999990463257        334275.562       3748085.00    
   1.3665000200271606        328655.094       3734838.25    
   1.3695000410079956        323132.750       3721591.00    
   1.3724999427795410        317709.344       3708344.00    
   1.3754999637603760        312385.062       3695096.75    
   1.3784999847412109        307160.688       3681850.25    
   1.3815000057220459        302036.844       3668604.50    
   1.3845000267028809        297014.250       3655360.50    
   1.3875000476837158        292093.375       3642117.50    
   1.3904999494552612        287275.031       3628878.25    
   1.3934999704360962        282559.531       3615640.00    
   1.3964999914169312        277947.594       3602405.50    
   1.3995000123977661        273439.812       3589173.75    
   1.4025000333786011        269036.812       3575946.00    
   1.4055000543594360        264739.219       3562722.25    
   1.4084999561309814        260547.703       3549503.50    
   1.4114999771118164        256462.609       3536288.75    
   1.4144999980926514        252484.688       3523079.50    
   1.4175000190734863        248614.469       3509875.75    
   1.4205000400543213        244852.578       3496677.75    
   1.4234999418258667        241199.750       3483486.75    
   1.4264999628067017        237656.266       3470302.00    
   1.4294999837875366        234222.859       3457124.00    
   1.4325000047683716        230900.094       3443953.50    
   1.4355000257492065        227688.578       3430790.75    
   1.4385000467300415        224588.859       3417636.25    
   1.4414999485015869        221601.656       3404490.50    
   1.4444999694824219        218727.266       3391353.00    
   1.4474999904632568        215966.406       3378224.75    
   1.4505000114440918        213319.625       3365106.25    
   1.4535000324249268        210787.531       3351997.25    
   1.4565000534057617        208370.656       3338898.75    
   1.4594999551773071        206069.641       3325811.00    
   1.4624999761581421        203884.891       3312734.00    
   1.4654999971389771        201817.062       3299668.25    
   1.4685000181198120        199866.688       3286613.75    
   1.4715000391006470        198034.328       3273571.50    
   1.4744999408721924        196320.641       3260541.50    
   1.4774999618530273        194725.984       3247524.25    
   1.4804999828338623        193251.031       3234519.75    
   1.4835000038146973        191896.297       3221528.25    
   1.4865000247955322        190662.312       3208550.25    
   1.4895000457763672        189549.688       3195586.75    
   1.4924999475479126        188558.938       3182637.75    
   1.4954999685287476        187690.562       3169702.25    
   1.4984999895095825        186945.125       3156782.25    
   1.5015000104904175        186323.172       3143877.50    
   1.5045000314712524        185825.234       3130988.00    
   1.5075000524520874        185451.844       3118114.25    
   1.5104999542236328        185203.562       3105257.25    
   1.5134999752044678        185080.875       3092416.50    
   1.5164999961853027        185084.328       3079592.25    
   1.5195000171661377        185214.453       3066785.00    
   1.5225000381469727        185471.766       3053995.50    
   1.5255000591278076        185856.812       3041223.50    
   1.5284999608993530        186370.047       3028470.00    
   1.5314999818801880        187012.094       3015734.50    
   1.5345000028610229        187783.406       3003017.25    
   1.5375000238418579        188684.516       2990319.00    
   1.5405000448226929        189715.906       2977640.00    
   1.5434999465942383        190878.094       2964981.00    
   1.5464999675750732        192171.641       2952341.75    
   1.5494999885559082        193597.031       2939722.00    
   1.5525000095367432        195154.766       2927123.00    
   1.5555000305175781        196845.359       2914544.50    
   1.5585000514984131        198669.297       2901987.00    
   1.5614999532699585        200626.984       2889451.00    
   1.5644999742507935        717.866028       2876936.00    
   1.5674999952316284        717.866028       2864443.25    
   1.5705000162124634        717.866028       2851972.25    
   1.5735000371932983        717.866028       2839523.75    
   1.5765000581741333        717.866028       2827097.75    
   1.5794999599456787        717.866028       2814695.25    
   1.5824999809265137        717.866028       2802315.25    
   1.5855000019073486        717.866028       2789958.75    
   1.5885000228881836        717.866028       2777626.00    
   1.5915000438690186        717.866028       2765317.25    
   1.5944999456405640        717.866028       2753033.50    
   1.5974999666213989        717.866028       2740773.50    
   1.6004999876022339        717.866028       2728538.25    
   1.6035000085830688        717.866028       2716327.75    
   1.6065000295639038        717.866028       2704143.25    
   1.6095000505447388        717.866028       2691983.75    
   1.6124999523162842        717.866028       2679850.75    
   1.6154999732971191        717.866028       2667743.25    
   1.6184999942779541        717.866028       2655662.00    
   1.6215000152587891        717.866028       2643607.50    
   1.6245000362396240        717.866028       2631579.50    
   1.6275000572204590        717.866028       2619578.50    
   1.6304999589920044        717.866028       2607605.50    
   1.6334999799728394        717.866028       2595659.50    
   1.6365000009536743        717.866028       2583741.25    
   1.6395000219345093        717.866028       2571851.00    
   1.6425000429153442        717.866028       2559988.75    
   1.6454999446868896        717.866028       2548155.75    
   1.6484999656677246        717.866028       2536350.75    
   1.6514999866485596        717.866028       2524574.75    
   1.6545000076293945        717.866028       2512828.00    
   1.6575000286102295        717.866028       2501110.50    
   1.6605000495910645        717.866028       2489422.75    
   1.6634999513626099        717.866028       2477765.25    
   1.6664999723434448        717.866028       2466137.50    
   1.6694999933242798        717.866028       2454539.75    
   1.6725000143051147        717.866028       2442972.50    
   1.6755000352859497        717.866028       2431436.00    
   1.6785000562667847        717.866028       2419930.25    
   1.6814999580383301        717.866028       2408456.50    
   1.6844999790191650        717.866028       2397013.50    
   1.6875000000000000        717.866028       2385602.00    
   1.6905000209808350        717.866028       2374222.25    
   1.6935000419616699        717.866028       2362874.50    
   1.6964999437332153        717.866028       2351559.25    
   1.6994999647140503        717.866028       2340275.75    
   1.7024999856948853        717.866028       2329025.25    
   1.7055000066757202        717.866028       2317807.50    
   1.7085000276565552        717.866028       2306622.25    
   1.7115000486373901        717.866028       2295470.75    
   1.7144999504089355        717.866028       2284352.75    
   1.7174999713897705        717.866028       2273267.75    
   1.7204999923706055        717.866028       2262216.75    
   1.7235000133514404        717.866028       2251199.50    
   1.7265000343322754        717.866028       2240216.25    
   1.7295000553131104        717.866028       2229267.25    
   1.7324999570846558        717.866028       2218353.50    
   1.7354999780654907        717.866028       2207473.75    
   1.7384999990463257        717.866028       2196628.75    
   1.7415000200271606        717.866028       2185819.00    
   1.7445000410079956        717.866028       2175044.25    
   1.7474999427795410        717.866028       2164305.25    
   1.7504999637603760        717.866028       2153601.50    
   1.7534999847412109        717.866028       2142933.25    
   1.7565000057220459        717.866028       2132301.00    
   1.7595000267028809        717.866028       2121704.75    
   1.7625000476837158        717.866028       2111144.75    
   1.7654999494552612        717.866028       2100621.25    
   1.7684999704360962        717.866028       2090134.25    
   1.7714999914169312        717.866028       2079683.50    
   1.7745000123977661        717.866028       2069269.88    
   1.7775000333786011        717.866028       2058893.00    
   1.7805000543594360        717.866028       2048553.38    
   1.7834999561309814        717.866028       2038251.75    
   1.7864999771118164        717.866028       2027986.62    
   1.7894999980926514        717.866028       2017759.25    
   1.7925000190734863        717.866028       2007569.88    
   1.7955000400543213        717.866028       1997418.25    
   1.7984999418258667        717.866028       1987305.00    
   1.8014999628067017        717.866028       1977229.25    
   1.8044999837875366        717.866028       1967192.12    
   1.8075000047683716        717.866028       1957193.12    
   1.8105000257492065        717.866028       1947232.88    
   1.8135000467300415        717.866028       1937311.38    
   1.8164999485015869        717.866028       1927429.12    
   1.8194999694824219        717.866028       1917585.50    
   1.8224999904632568        717.866028       1907780.75    
   1.8255000114440918        717.866028       1898015.25    
   1.8285000324249268        717.866028       1888289.00    
   1.8315000534057617        717.866028       1878602.50    
   1.8344999551773071        717.866028       1868955.75    
   1.8374999761581421        717.866028       1859348.38    
   1.8404999971389771        717.866028       1849780.75    
   1.8435000181198120        717.866028       1840253.25    
   1.8465000391006470        717.866028       1830765.50    
   1.8494999408721924        717.866028       1821318.50    
   1.8524999618530273        717.866028       1811911.38    
   1.8554999828338623        717.866028       1802544.75    
   1.8585000038146973        717.866028       1793218.38    
   1.8615000247955322        717.866028       1783932.50    
   1.8645000457763672        717.866028       1774687.50    
   1.8674999475479126        717.866028       1765483.62    
   1.8704999685287476        717.866028       1756320.38    
   1.8734999895095825        717.866028       1747198.00    
   1.8765000104904175        717.866028       1738116.62    
   1.8795000314712524        717.866028       1729076.62    
   1.8825000524520874        717.866028       1720077.75    
   1.8854999542236328        717.866028       1711120.62    
   1.8884999752044678        717.866028       1702204.50    
   1.8914999961853027        717.866028       1693330.00    
   1.8945000171661377        717.866028       1684497.12    
   1.8975000381469727        717.866028       1675706.00    
   1.9005000591278076        717.866028       1666956.50    
   1.9034999608993530        717.866028       1658249.38    
   1.9064999818801880        717.866028       1649583.75    
   1.9095000028610229        717.866028       1640960.12    
   1.9125000238418579        717.866028       1632378.75    
   1.9155000448226929        717.866028       1623839.25    
   1.9184999465942383        717.866028       1615342.50    
   1.9214999675750732        717.866028       1606887.75    
   1.9244999885559082        717.866028       1598475.25    
   1.9275000095367432        717.866028       1590105.25    
   1.9305000305175781        717.866028       1581777.75    
   1.9335000514984131        717.866028       1573492.62    
   1.9364999532699585        717.866028       1565250.62    
   1.9394999742507935        717.866028       1557051.00    
   1.9424999952316284        717.866028       1548894.00    
   1.9455000162124634        717.866028       1540779.75    
   1.9485000371932983        717.866028       1532708.25    
   1.9515000581741333        717.866028       1524679.88    
   1.9544999599456787        717.866028       1516694.75    
   1.9574999809265137        717.866028       1508752.12    
   1.9605000019073486        717.866028       1500852.62    
   1.9635000228881836        717.866028       1492996.12    
   1.9665000438690186        717.866028       1485182.75    
   1.9694999456405640        717.866028       1477412.88    
   1.9724999666213989        717.866028       1469685.88    
   1.9754999876022339        717.866028       1462002.00    
   1.9785000085830688        717.866028       1454361.50    
   1.9815000295639038        717.866028       1446764.25    
   1.9845000505447388        717.866028       1439210.38    
   1.9874999523162842        717.866028       1431700.12    
   1.9904999732971191        717.866028       1424232.75    
   1.9934999942779541        717.866028       1416809.00    
   1.9965000152587891        717.866028       1409428.75    
   1.9995000362396240        717.866028       1402091.75    
   2.0025000572204590        717.866028       1394798.25    
   2.0055000782012939        717.866028       1387548.38    
   2.0085000991821289        717.866028       1380341.88    
   2.0114998817443848        717.866028       1373179.62    
   2.0144999027252197        717.866028       1366060.12    
   2.0174999237060547        717.866028       1358984.12    
   2.0204999446868896        717.866028       1351951.88    
   2.0234999656677246        717.866028       1344963.00    
   2.0264999866485596        717.866028       1338017.88    
   2.0295000076293945        717.866028       1331116.12    
   2.0325000286102295        717.866028       1324258.12    
   2.0355000495910645        717.866028       1317443.75    
   2.0385000705718994        717.866028       1310672.62    
   2.0415000915527344        717.866028       1303945.25    
   2.0445001125335693        717.866028       1297261.50    
   2.0474998950958252        717.866028       1290621.88    
   2.0504999160766602        717.866028       1284025.00    
   2.0534999370574951        717.866028       1277471.88    
   2.0564999580383301        717.866028       1270962.12    
   2.0594999790191650        717.866028       1264495.88    
   2.0625000000000000        717.866028       1258073.25    
   2.0655000209808350        717.866028       1251694.12    
   2.0685000419616699        717.866028       1245358.25    
   2.0715000629425049        717.866028       1239065.88    
   2.0745000839233398        717.866028       1232817.00    
   2.0775001049041748        717.866028       1226611.50    
   2.0804998874664307        717.866028       1220449.88    
   2.0834999084472656        717.866028       1214331.00    
   2.0864999294281006        717.866028       1208255.38    
   2.0894999504089355        717.866028       1202223.12    
   2.0924999713897705        717.866028       1196234.12    
   2.0954999923706055        717.866028       1190288.25    
   2.0985000133514404        717.866028       1184385.50    
   2.1015000343322754        717.866028       1178525.88    
   2.1045000553131104        717.866028       1172709.38    
   2.1075000762939453        717.866028       1166935.88    
   2.1105000972747803        717.866028       1161205.38    
   2.1135001182556152        717.866028       1155517.88    
   2.1164999008178711        717.866028       1149873.62    
   2.1194999217987061        717.866028       1144271.75    
   2.1224999427795410        717.866028       1138712.75    
   2.1254999637603760        717.866028       1133196.38    
   2.1284999847412109        717.866028       1127722.75    
   2.1315000057220459        717.866028       1122291.75    
   2.1345000267028809        717.866028       1116903.38    
   2.1375000476837158        717.866028       1111557.50    
   2.1405000686645508        717.866028       1106254.00    
   2.1435000896453857        717.866028       1100992.88    
   2.1465001106262207        717.866028       1095774.00    
   2.1494998931884766        717.866028       1090598.00    
   2.1524999141693115        717.866028       1085463.50    
   2.1554999351501465        717.866028       1080371.25    
   2.1584999561309814        717.866028       1075321.00    
   2.1614999771118164        717.866028       1070312.75    
   2.1644999980926514        717.866028       1065346.25    
   2.1675000190734863        717.866028       1060421.75    
   2.1705000400543213        717.866028       1055538.75    
   2.1735000610351562        717.866028       1050697.50    
   2.1765000820159912        717.866028       1045897.75    
   2.1795001029968262        717.866028       1041139.44    
   2.1824998855590820        717.866028       1036422.94    
   2.1854999065399170        717.866028       1031747.25    
   2.1884999275207520        717.866028       1027112.88    
   2.1914999485015869        717.866028       1022519.50    
   2.1944999694824219        717.866028       1017967.19    
   2.1974999904632568        717.866028       1013455.81    
   2.2005000114440918        717.866028       1008985.19    
   2.2035000324249268        717.866028       1004555.31    
   2.2065000534057617        717.866028       1000165.94    
   2.2095000743865967        717.866028       995817.125    
   2.2125000953674316        717.866028       991508.875    
   2.2155001163482666        717.866028       987240.625    
   2.2184998989105225        717.866028       983013.062    
   2.2214999198913574        717.866028       978825.125    
   2.2244999408721924        717.866028       974677.375    
   2.2274999618530273        717.866028       970569.188    
   2.2304999828338623        717.866028       966500.875    
   2.2335000038146973        717.866028       962472.062    
   2.2365000247955322        717.866028       958482.750    
   2.2395000457763672        717.866028       954532.812    
   2.2425000667572021        717.866028       950622.250    
   2.2455000877380371        717.866028       946750.625    
   2.2485001087188721        717.866028       942918.062    
   2.2514998912811279        717.866028       939124.625    
   2.2544999122619629        717.866028       935369.688    
   2.2574999332427979        717.866028       931653.250    
   2.2604999542236328        717.866028       927975.188    
   2.2634999752044678        717.866028       924335.562    
   2.2664999961853027        717.866028       920734.125    
   2.2695000171661377        717.866028       917170.750    
   2.2725000381469727        717.866028       913645.188    
   2.2755000591278076        717.866028       910157.438    
   2.2785000801086426        717.866028       906707.250    
   2.2815001010894775        717.866028       903294.562    
   2.2844998836517334        717.866028       899919.438    
   2.2874999046325684        717.866028       896581.250    
   2.2904999256134033        717.866028       893280.000    
   2.2934999465942383        717.866028       890015.688    
   2.2964999675750732        717.866028       886787.938    
   2.2994999885559082        717.866028       883596.875    
   2.3025000095367432        717.866028       880442.125    
   2.3055000305175781        717.866028       877323.562    
   2.3085000514984131        717.866028       874241.062    
   2.3115000724792480        717.866028       871194.562    
   2.3145000934600830        717.866028       868183.625    
   2.3175001144409180        717.866028       865208.375    
   2.3204998970031738        717.866028       862268.688    
   2.3234999179840088        717.866028       859363.938    
   2.3264999389648438        717.866028       856494.250    
   2.3294999599456787        717.866028       853659.500    
   2.3324999809265137        717.866028       850859.312    
   2.3355000019073486        717.866028       848093.750    
   2.3385000228881836        717.866028       845362.312    
   2.3415000438690186        717.866028       842665.188    
   2.3445000648498535        717.866028       840002.000    
   2.3475000858306885        717.866028       837372.500    
   2.3505001068115234        717.866028       834776.625    
   2.3534998893737793        717.866028       832214.375    
   2.3564999103546143        717.866028       829685.062    
   2.3594999313354492        717.866028       827188.750    
   2.3624999523162842        717.866028       824725.250    
   2.3654999732971191        717.866028       822294.312    
   2.3684999942779541        717.866028       819895.812    
   2.3715000152587891        717.866028       817529.625    
   2.3745000362396240        717.866028       815195.312    
   2.3775000572204590        717.866028       812892.875    
   2.3805000782012939        717.866028       810621.938    
   2.3835000991821289        717.866028       808382.500    
   2.3864998817443848        717.866028       806174.312    
   2.3894999027252197        717.866028       803996.938    
   2.3924999237060547        717.866028       801850.375    
   2.3954999446868896        717.866028       799734.250    
   2.3984999656677246        717.866028       797648.438    
   2.4014999866485596        717.866028       795592.812    
   2.4045000076293945        717.866028       793566.938    
   2.4075000286102295        717.866028       791570.875    
   2.4105000495910645        717.866028       789604.062    
   2.4135000705718994        717.866028       787666.562    
   2.4165000915527344        717.866028       785758.000    
   2.4195001125335693        717.866028       783878.188    
   2.4224998950958252        717.866028       782027.000    
   2.4254999160766602        717.866028       780203.938    
   2.4284999370574951        717.866028       778408.938    
   2.4314999580383301        717.866028       776641.812    
   2.4344999790191650        717.866028       774902.188    
   2.4375000000000000        717.866028       773189.875    
   2.4405000209808350        717.866028       771504.625    
   2.4435000419616699        717.866028       769846.188    
   2.4465000629425049        717.866028       768214.438    
   2.4495000839233398        717.866028       766608.875    
   2.4525001049041748        717.866028       765029.625    
   2.4554998874664307        717.866028       763476.188    
   2.4584999084472656        717.866028       761948.188    
   2.4614999294281006        717.866028       760445.625    
   2.4644999504089355        717.866028       758968.062    
   2.4674999713897705        717.866028       757515.312    
   2.4704999923706055        717.866028       756087.188    
   2.4735000133514404        717.866028       754683.312    
   2.4765000343322754        717.866028       753303.500    
   2.4795000553131104        717.866028       751947.375    
   2.4825000762939453        717.866028       750614.812    
   2.4855000972747803        717.866028       749305.438    
   2.4885001182556152        717.866028       748019.000    
   2.4914999008178711        717.866028       746755.438    
   2.4944999217987061        717.866028       745514.062    
   2.4974999427795410        717.866028       744294.875    
   2.5004999637603760        717.866028       743097.500    
   2.5034999847412109        717.866028       741921.750    
   2.5065000057220459        717.866028       740767.250    
   2.5095000267028809        717.866028       739633.750    
   2.5125000476837158        717.866028       738521.000    
   2.5155000686645508        717.866028       737428.625    
   2.5185000896453857        717.866028       736356.438    
   2.5215001106262207        717.866028       735304.062    
   2.5244998931884766        717.866028       734271.375    
   2.5274999141693115        717.866028       733257.875    
   2.5304999351501465        717.866028       732263.312    
   2.5334999561309814        717.866028       731287.312    
   2.5364999771118164        717.866028       730329.875    
   2.5394999980926514        717.866028       729390.375    
   2.5425000190734863        717.866028       728468.688    
   2.5455000400543213        717.866028       727564.375    
   2.5485000610351562        717.866028       726677.312    
   2.5515000820159912        717.866028       725807.000    
   2.5545001029968262        717.866028       724953.250    
   2.5574998855590820        717.866028       724115.812    
   2.5604999065399170        717.866028       723294.188    
   2.5634999275207520        717.866028       722488.125    
   2.5664999485015869        717.866028       721697.375    
   2.5694999694824219        717.866028       720921.500    
   2.5724999904632568        717.866028       720160.250    
   2.5755000114440918        717.866028       719413.375    
   2.5785000324249268        717.866028       718680.438    
   2.5815000534057617        717.866028       717961.062    
   2.5845000743865967        717.866028       717255.188    
   2.5875000953674316        717.866028       716562.125    
   2.5905001163482666        717.866028       715881.875    
   2.5934998989105225        717.866028       715213.875    
   2.5964999198913574        717.866028       714557.875    
   2.5994999408721924        717.866028       713913.500    
   2.6024999618530273        717.866028       713280.438    
   2.6054999828338623        717.866028       712658.312    
   2.6085000038146973        717.866028       712046.812    
   2.6115000247955322        717.866028       711445.625    
   2.6145000457763672        717.866028       710854.375    
   2.6175000667572021        717.866028       710272.625    
   2.6205000877380371        717.866028       709700.188    
   2.6235001087188721        717.866028       709136.625    
   2.6264998912811279        717.866028       708581.562    
   2.6294999122619629        717.866028       708034.688    
   2.6324999332427979        717.866028       707495.562    
   2.6354999542236328        717.866028       706963.938    
   2.6384999752044678        717.866028       706439.375    
   2.6414999961853027        717.866028       705921.625    
   2.6445000171661377        717.866028       705410.125    
   2.6475000381469727        717.866028       704904.688    
   2.6505000591278076        717.866028       704404.875    
   2.6535000801086426        717.866028       703910.250    
   2.6565001010894775        717.866028       703420.562    
   2.6594998836517334        717.866028       702935.438    
   2.6624999046325684        717.866028       702454.375    
   2.6654999256134033        717.866028       701977.062    
   2.6684999465942383        717.866028       701503.188    
   2.6714999675750732        717.866028       701032.250    
   2.6744999885559082        717.866028       700563.938    
   2.6775000095367432        717.866028       700097.812    
   2.6805000305175781        717.866028       699633.625    
   2.6835000514984131        717.866028       699170.812    
   2.6865000724792480        717.866028       698709.125    
   2.6895000934600830        717.866028       698248.000    
   2.6925001144409180        717.866028       697787.250    
   2.6954998970031738        717.866028       697326.438    
   2.6984999179840088        717.866028       696865.000    
   2.7014999389648438        717.866028       696402.688    
   2.7044999599456787        717.866028       695939.062    
   2.7074999809265137        717.866028       695473.688    
   2.7105000019073486        717.866028       695006.250    
   2.7135000228881836        717.866028       694536.250    
   2.7165000438690186        717.866028       694063.312    
   2.7195000648498535        717.866028       693587.000    
   2.7225000858306885        717.866028       693107.000    
   2.7255001068115234        717.866028       692622.750    
   2.7284998893737793        717.866028       692134.000    
   2.7314999103546143        717.866028       691640.188    
   2.7344999313354492        717.866028       691140.938    
   2.7374999523162842        717.866028       690635.812    
   2.7404999732971191        717.866028       690124.500    
   2.7434999942779541        717.866028       689606.500    
   2.7465000152587891        717.866028       689081.375    
   2.7495000362396240        717.866028       688548.625    
   2.7525000572204590        717.866028       688008.000    
   2.7555000782012939        717.866028       687458.875    
   2.7585000991821289        717.866028       686901.000    
   2.7614998817443848        717.866028       686333.875    
   2.7644999027252197        717.866028       685757.000    
   2.7674999237060547        717.866028       685169.875    
   2.7704999446868896        717.866028       684572.312    
   2.7734999656677246        717.866028       683963.625    
   2.7764999866485596        717.866028       683343.500    
   2.7795000076293945        717.866028       682711.438    
   2.7825000286102295        717.866028       682067.000    
   2.7855000495910645        717.866028       681409.750    
   2.7885000705718994        717.866028       680739.188    
   2.7915000915527344        717.866028       680054.938    
   2.7945001125335693        717.866028       679356.500    
   2.7974998950958252        717.866028       678643.500    
   2.8004999160766602        717.866028       677915.312    
   2.8034999370574951        717.866028       677171.688    
   2.8064999580383301        717.866028       676411.938    
   2.8094999790191650        717.866028       675635.688    
   2.8125000000000000        717.866028       674842.562    
   2.8155000209808350        717.866028       674032.062    
   2.8185000419616699        717.866028       673203.562    
   2.8215000629425049        717.866028       672356.750    
   2.8245000839233398        717.866028       671491.125    
   2.8275001049041748        717.866028       670606.188    
   2.8304998874664307        717.866028       669701.562    
   2.8334999084472656        717.866028       668776.625    
   2.8364999294281006        717.866028       667830.875    
   2.8394999504089355        717.866028       666864.000    
   2.8424999713897705        717.866028       665875.375    
   2.8454999923706055        717.866028       664864.562    
   2.8485000133514404        717.866028       663831.062    
   2.8515000343322754        717.866028       662774.500    
   2.8545000553131104        717.866028       661694.188    
   2.8575000762939453        717.866028       660589.750    
   2.8605000972747803        717.866028       659460.688    
   2.8635001182556152        717.866028       658306.500    
   2.8664999008178711        717.866028       657126.688    
   2.8694999217987061        717.866028       655920.750    
   2.8724999427795410        717.866028       654688.062    
   2.8754999637603760        717.866028       653428.375    
   2.8784999847412109        717.866028       652140.875    
   2.8815000057220459        717.866028       650825.375    
   2.8845000267028809        717.866028       649481.188    
   2.8875000476837158        717.866028       648107.750    
   2.8905000686645508        717.866028       646704.688    
   2.8935000896453857        717.866028       645271.375    
   2.8965001106262207        717.866028       643807.438    
   2.8994998931884766        717.866028       642312.312    
   2.9024999141693115        717.866028       640785.375    
   2.9054999351501465        717.866028       639226.125    
   2.9084999561309814        717.866028       637634.062    
   2.9114999771118164        717.866028       636008.688    
   2.9144999980926514        717.866028       634349.500    
   2.9175000190734863        717.866028       632655.938    
   2.9205000400543213        717.866028       630927.438    
   2.9235000610351562        717.866028       629163.500    
   2.9265000820159912        717.866028       627363.562    
   2.9295001029968262        717.866028       625527.188    
   2.9324998855590820        717.866028       623653.875    
   2.9354999065399170        717.866028       621742.812    
   2.9384999275207520        717.866028       619793.688    
   2.9414999485015869        717.866028       617805.812    
   2.9444999694824219        717.866028       615778.750    
   2.9474999904632568        717.866028       613711.938    
   2.9505000114440918        717.866028       611604.812    
   2.9535000324249268        717.866028       609456.812    
   2.9565000534057617        717.866028       607267.438    
   2.9595000743865967        717.866028       605036.062    
   2.9625000953674316        717.866028       602762.188    
   2.9655001163482666        717.866028       600445.188    
   2.9684998989105225        717.866028       598084.750    
   2.9714999198913574        717.866028       595679.938    
   2.9744999408721924        717.866028       593230.375    
   2.9774999618530273        717.866028       590735.500    
   2.9804999828338623        717.866028       588194.688    
   2.9835000038146973        717.866028       585607.500    
   2.9865000247955322        717.866028       582973.188    
   2.9895000457763672        717.866028       580291.312    
   2.9925000667572021        717.866028       577561.188    
   2.9955000877380371        717.866028       574782.500    
   2.9985001087188721        717.866028       571954.312    
