   3.0000000260770321E-003  0.99999999549489804       0.99999999941157469     
   6.0000000521540642E-003  0.99999997071895996       0.99999999316409005     
   8.9999996125698090E-003  0.99999997864098411       0.99999997388223438     
   1.2000000104308128E-002  0.99999993232539930       0.99999991737759608     
   1.4999999664723873E-002  0.99999983446092244       0.99999979815413564     
   1.7999999225139618E-002  0.99999965610589114       0.99999958114450205     
   2.0999999716877937E-002  0.99999936161303959       0.99999922346322301     
   2.4000000208616257E-002  0.99999890884394804       0.99999867435596246     
   2.7000000700354576E-002  0.99999824899566514       0.99999787520054029     
   2.9999999329447746E-002  0.99999732631125515       0.99999675930369203     
   3.2999999821186066E-002  0.99999607869639007       0.99999525205713535     
   3.5999998450279236E-002  0.99999443656345566       0.99999327123042148     
   3.9000000804662704E-002  0.99999232402191729       0.99999072614828666     
   4.1999999433755875E-002  0.99998965822171415       0.99998751820663334     
   4.5000001788139343E-002  0.99998634960966637       0.99998354118170985     
   4.8000000417232513E-002  0.99998230000580524       0.99997868036409243     
   5.0999999046325684E-002  0.99997740776896560       0.99997281331256960     
   5.4000001400709152E-002  0.99997155969933860       0.99996580890615350     
   5.7000000029802322E-002  0.99996464000224083       0.99995752887823131     
   5.9999998658895493E-002  0.99995652280255798       0.99994782656540016     
   6.3000001013278961E-002  0.99994707659635373       0.99993654643130947     
   6.5999999642372131E-002  0.99993616087542714       0.99992352529027662     
   6.8999998271465302E-002  0.99992363233689951       0.99990859290133483     
   7.1999996900558472E-002  0.99990933348840128       0.99989156895293108     
   7.5000002980232239E-002  0.99989310826111955       0.99987226662043160     
   7.8000001609325409E-002  0.99987478523284101       0.99985048928441955     
   8.1000000238418579E-002  0.99985419298107669       0.99982603439371187     
   8.3999998867511749E-002  0.99983114510863580       0.99979868898936175     
   8.6999997496604919E-002  0.99980545454042546       0.99976823259679404     
   9.0000003576278687E-002  0.99977692727119138       0.99973443807686546     
   9.3000002205371857E-002  0.99974535476444026       0.99969706825207461     
   9.6000000834465027E-002  0.99971053346852357       0.99965587917690402     
   9.8999999463558197E-002  0.99967223092684243       0.99961061636430515     
  0.10199999809265137       0.99963023707891530       0.99956101803836506     
  0.10499999672174454       0.99958431489604926       0.99950681906373451     
  0.10800000280141830       0.99953422035156192       0.99944773536488329     
  0.11100000143051147       0.99947970156360355       0.99938348585509740     
  0.11400000005960464       0.99942051840258461       0.99931377749929939     
  0.11699999868869781       0.99935639910204233       0.99923830192245888     
  0.11999999731779099       0.99928708034099667       0.99915675396137404     
  0.12300000339746475       0.99921227816511005       0.99906881779630641     
  0.12600000202655792       0.99913171327327643       0.99897415886780971     
  0.12899999320507050       0.99904509695003529       0.99887244795330543     
  0.13199999928474426       0.99895212683540924       0.99876334011748136     
  0.13500000536441803       0.99885249835299195       0.99864648241731979     
  0.13799999654293060       0.99874590396618079       0.99852152308684861     
  0.14100000262260437       0.99863201835340587       0.99838808103742838     
  0.14399999380111694       0.99851052103674176       0.99824579525867485     
  0.14699999988079071       0.99838106666846005       0.99809427530996087     
  0.15000000596046448       0.99824332670356430       0.99793312924048905     
  0.15299999713897705       0.99809694550586281       0.99776195709355586     
  0.15600000321865082       0.99794157472567657       0.99758035351288599     
  0.15899999439716339       0.99777684454550974       0.99738790457949111     
  0.16200000047683716       0.99760238544685709       0.99718417913299473     
  0.16500000655651093       0.99741782344779162       0.99696875266411877     
  0.16799999773502350       0.99722277342521681       0.99674118269721013     
  0.17100000381469727       0.99701684909294519       0.99650102486923064     
  0.17399999499320984       0.99679964523669384       0.99624782175541282     
  0.17700000107288361       0.99657076619050788       0.99598110999768863     
  0.18000000715255737       0.99632979130807231       0.99570042251408719     
  0.18299999833106995       0.99607631146996278       0.99540527141655100     
  0.18600000441074371       0.99580989613809112       0.99509518669004826     
  0.18899999558925629       0.99553011896665233       0.99476966152504398     
  0.19200000166893005       0.99523652827594244       0.99442819994187182     
  0.19499999284744263       0.99492869515635229       0.99407029218536969     
  0.19799999892711639       0.99460615470646252       0.99369542315608939     
  0.20100000500679016       0.99426845282996956       0.99330307028722642     
  0.20399999618530273       0.99391512620587452       0.99289270153383991     
  0.20700000226497650       0.99354570339138348       0.99246378123277301     
  0.20999999344348907       0.99315971258804836       0.99201576186951990     
  0.21299999952316284       0.99275665277845326       0.99154809164530000     
  0.21600000560283661       0.99233604983096235       0.99106021051016790     
  0.21899999678134918       0.99189739198559490       0.99055155853312216     
  0.22200000286102295       0.99144019346774093       0.99002155455441498     
  0.22499999403953552       0.99096392649716503       0.98946962466315502     
  0.22800000011920929       0.99046809032664096       0.98889517890425671     
  0.23100000619888306       0.98995215347122301       0.98829762650786357     
  0.23399999737739563       0.98941560363564551       0.98767637100466099     
  0.23700000345706940       0.98885789536945168       0.98703079798609916     
  0.23999999463558197       0.98827849439727600       0.98636030663206764     
  0.24300000071525574       0.98767684334148209       0.98566427067967888     
  0.24600000679492950       0.98705241170802049       0.98494206586480293     
  0.24899999797344208       0.98640464260901317       0.98419307272721501     
  0.25200000405311584       0.98573296583067982       0.98341663850582983     
  0.25499999523162842       0.98503681978833979       0.98261213831248573     
  0.25799998641014099       0.98431564194911336       0.98177891697790132     
  0.26100000739097595       0.98356883987355914       0.98091631457544726     
  0.26399999856948853       0.98279584183294322       0.98002368799825912     
  0.26699998974800110       0.98199607425942215       0.97910037089188440     
  0.27000001072883606       0.98116892194216232       0.97814568446441519     
  0.27300000190734863       0.98031379896745208       0.97715896818199366     
  0.27599999308586121       0.97943012386134487       0.97613954929638547     
  0.27900001406669617       0.97851727034487623       0.97508672224587134     
  0.28200000524520874       0.97757464573441832       0.97399982654510553     
  0.28499999642372131       0.97660163821724200       0.97287816609627287     
  0.28799998760223389       0.97559762616856616       0.97172104428290840     
  0.29100000858306885       0.97456197842787440       0.97052774804429331     
  0.29399999976158142       0.97349409516569996       0.96929760495590700     
  0.29699999094009399       0.97239334459079474       0.96802990456854754     
  0.30000001192092896       0.97125907841382053       0.96672391407753988     
  0.30300000309944153       0.97009067823215656       0.96537894725764317     
  0.30599999427795410       0.96888752456614335       0.96399428738969239     
  0.30899998545646667       0.96764897167424446       0.96256922321398697     
  0.31200000643730164       0.96637435300461660       0.96110300330504295     
  0.31499999761581421       0.96506304053984149       0.95959495869358413     
  0.31799998879432678       0.96371441187952633       0.95804433223353214     
  0.32100000977516174       0.96232778615720937       0.95645039819264155     
  0.32400000095367432       0.96090252427241485       0.95481246227913974     
  0.32699999213218689       0.95943799287745968       0.95312977837227453     
  0.33000001311302185       0.95793350987933368       0.95140160558138775     
  0.33300000429153442       0.95638844750564755       0.94962725362802924     
  0.33599999547004700       0.95480214864357349       0.94780597334080940     
  0.33899998664855957       0.95317395568493868       0.94593705122878913     
  0.34200000762939453       0.95150319402195604       0.94401972106032073     
  0.34499999880790710       0.94978925183963436       0.94205330574487001     
  0.34799998998641968       0.94803142386892858       0.94003706487222460     
  0.35100001096725464       0.94622906405445673       0.93797025970941139     
  0.35400000214576721       0.94438156446467980       0.93585217499918483     
  0.35699999332427979       0.94248819348358548       0.93368210813858499     
  0.36000001430511475       0.94054833094457357       0.93145931066695165     
  0.36300000548362732       0.93856135851760147       0.92918310594218434     
  0.36599999666213989       0.93652658618848517       0.92685275814441270     
  0.36899998784065247       0.93444342120373314       0.92446756776863637     
  0.37200000882148743       0.93231109487015551       0.92202678306447117     
  0.37500000000000000       0.93012905956578806       0.91952977790145973     
  0.37799999117851257       0.92789668562335015       0.91697581555158236     
  0.38100001215934753       0.92561325137356476       0.91436418364372707     
  0.38400000333786011       0.92327822522431990       0.91169424057999904     
  0.38699999451637268       0.92089085045314589       0.90896529900158785     
  0.38999998569488525       0.91845058004466562       0.90617665801735570     
  0.39300000667572021       0.91595677943155029       0.90332762585176474     
  0.39599999785423279       0.91340878884280086       0.90041760370591517     
  0.39899998903274536       0.91080603343660060       0.89744590905524768     
  0.40200001001358032       0.90814787027380484       0.89441185435153081     
  0.40500000119209290       0.90543371645502269       0.89131487483238558     
  0.40799999237060547       0.90266300705468738       0.88815428947576502     
  0.41100001335144043       0.89983495382098899       0.88492946192421973     
  0.41400000452995300       0.89694927728107310       0.88163983117119515     
  0.41699999570846558       0.89400511009866923       0.87828476430571678     
  0.41999998688697815       0.89100206382961344       0.87486368275167170     
  0.42300000786781311       0.88793942899787437       0.87137594793121576     
  0.42599999904632568       0.88481671915503990       0.86782107056647118     
  0.42899999022483826       0.88163344315093528       0.86419845415983165     
  0.43200001120567322       0.87838887977921254       0.86050751001005754     
  0.43500000238418579       0.87508267343505608       0.85674778981636357     
  0.43799999356269836       0.87171415307673994       0.85291871614199022     
  0.44100001454353333       0.86828286126255327       0.84901974201828156     
  0.44400000572204590       0.86478836611416099       0.84505047127438404     
  0.44699999690055847       0.86123002653382141       0.84101038349341262     
  0.44999998807907104       0.85760740206265618       0.83689900078074142     
  0.45300000905990601       0.85392006488939842       0.83271583111374259     
  0.45600000023841858       0.85016742679747503       0.82846054639049149     
  0.45899999141693115       0.84634915524547272       0.82413266853214839     
  0.46200001239776611       0.84246477465015912       0.81973175323882508     
  0.46500000357627869       0.83851382032395072       0.81525753993311745     
  0.46799999475479126       0.83449587216569110       0.81070956758044943     
  0.47099998593330383       0.83041053470849047       0.80608755021142697     
  0.47400000691413879       0.82625727839214125       0.80139107905435059     
  0.47699999809265137       0.82203598254340937       0.79661995205967051     
  0.47999998927116394       0.81774608109795111       0.79177384072159063     
  0.48300001025199890       0.81338719418254024       0.78685242510897491     
  0.48600000143051147       0.80895917882034463       0.78185557450339249     
  0.48899999260902405       0.80446158375137389       0.77678302684460587     
  0.49200001358985901       0.79989400942070288       0.77163451428740493     
  0.49500000476837158       0.79525622295453446       0.76640997451791248     
  0.49799999594688416       0.79054806161900781       0.76110918435807440     
  0.50099998712539673       0.78576903014127042       0.75573205646428121     
  0.50400000810623169       0.78091904880391794       0.75027841469614154     
  0.50700002908706665       0.77599778324949487       0.74474824424293418     
  0.50999999046325684       0.77100520761371394       0.73914158637381633     
  0.51300001144409180       0.76594086331875344       0.73345821174570724     
  0.51599997282028198       0.76080478495912918       0.72769836338070215     
  0.51899999380111694       0.75559653577552366       0.72186182533455856     
  0.52200001478195190       0.75031613876955949       0.71594876575417254     
  0.52499997615814209       0.74496350720092808       0.70995940628592669     
  0.52799999713897705       0.73953843591964152       0.70389360715406679     
  0.53100001811981201       0.73404084784109802       0.69775165998352051     
  0.53399997949600220       0.72847063347360730       0.69153385492042285     
  0.53700000047683716       0.72282779409531761       0.68524014432259883     
  0.54000002145767212       0.71711219995818765       0.67887090107988590     
  0.54299998283386230       0.71132393323736742       0.67242650340268217     
  0.54600000381469727       0.70546288072296348       0.66590704105144594     
  0.54900002479553223       0.69952904943103167       0.65931293032378779     
  0.55199998617172241       0.69352255198875046       0.65264469709647666     
  0.55500000715255737       0.68744340910608026       0.64590248502195646     
  0.55800002813339233       0.68129159752566504       0.63908683809604572     
  0.56099998950958252       0.67506738835335145       0.63219838616281032     
  0.56400001049041748       0.66877066274727981       0.62523735326016883     
  0.56699997186660767       0.66240173023688442       0.61820457377624860     
  0.56999999284744263       0.65596051544075595       0.61110031783316876     
  0.57300001382827759       0.64944730439860721       0.60392535506391642     
  0.57599997520446777       0.64286237446279360       0.59668049589924188     
  0.57899999618530273       0.63620563149587073       0.58936612553872691     
  0.58200001716613770       0.62947741432502469       0.58198312128628815     
  0.58499997854232788       0.62267811432919851       0.57453238940615370     
  0.58799999952316284       0.61580765849061547       0.56701443382950789     
  0.59100002050399780       0.60886643513171446       0.55943025606004526     
  0.59399998188018799       0.60185481781390260       0.55178088392370717     
  0.59700000286102295       0.59477286416382191       0.54406692399462731     
  0.60000002384185791       0.58762092225548967       0.53628949336660581     
  0.60299998521804810       0.58039950743879720       0.52844976562843005     
  0.60600000619888306       0.57310859629353572       0.52054846087543671     
  0.60900002717971802       0.56574862782586788       0.51258677726301416     
  0.61199998855590820       0.55832014581343725       0.50456606299619977     
  0.61500000953674316       0.55082311310851262       0.49648711482817398     
  0.61799997091293335       0.54325821275483199       0.48835148027321540     
  0.62099999189376831       0.53562546030640146       0.48016005828609737     
  0.62400001287460327       0.52792532191392949       0.47191430188858485     
  0.62699997425079346       0.52015834556695872       0.46361573963795055     
  0.62999999523162842       0.51232458568107730       0.45526535912265498     
  0.63300001621246338       0.50442443772380330       0.44686478722317846     
  0.63599997758865356       0.49645845744583117       0.43841561129459311     
  0.63899999856948853       0.48842665422639797       0.42991898581445304     
  0.64200001955032349       0.48032946833910217       0.42137664235003425     
  0.64499998092651367       0.47216734105031066       0.41279030823542984     
  0.64800000190734863       0.46394024742784323       0.40416127960029052     
  0.65100002288818359       0.45564862936256489       0.39549139397919153     
  0.65399998426437378       0.44729285484506448       0.38678251744849795     
  0.65700000524520874       0.43887281252348537       0.37803604950509129     
  0.66000002622604370       0.43038876712543306       0.36925393902575132     
  0.66299998760223389       0.42184107427583101       0.36043822102701356     
  0.66600000858306885       0.41322944709983772       0.35159038825638061     
  0.66900002956390381       0.40455410637465111       0.34271255070585555     
  0.67199999094009399       0.39581517317988746       0.33380681031731885     
  0.67500001192092896       0.38701218137251203       0.32487483932112327     
  0.67799997329711914       0.37814533120427146       0.31591897730280050     
  0.68099999427795410       0.36921404956540682       0.30694098851359070     
  0.68400001525878906       0.36021808850076670       0.29794313403648370     
  0.68699997663497925       0.35115725940335168       0.28892773750828293     
  0.68999999761581421       0.34203056921179997       0.27989664476188647     
  0.69300001859664917       0.33283758616417219       0.27085225417679787     
  0.69599997997283936       0.32357758497865252       0.26179700690984054     
  0.69900000095367432       0.31424927079371695       0.25273285356383729     
  0.70200002193450928       0.30485161021490959       0.24366227854780564     
  0.70499998331069946       0.29538351109019473       0.23458786931737544     
  0.70800000429153442       0.28584295900255391       0.22551166092903865     
  0.71100002527236938       0.27622835677956442       0.21643625249595896     
  0.71399998664855957       0.26653784829262012       0.20736432349112202     
  0.71700000762939453       0.25676866142153504       0.19829801394883470     
  0.72000002861022949       0.24691829077415933       0.18924004012981477     
  0.72299998998641968       0.23698387310500876       0.18019315231427682     
  0.72600001096725464       0.22696160284296021       0.17115957870322132     
  0.72899997234344482       0.21684791944423104       0.16214231521478431     
  0.73199999332427979       0.20663797413772525       0.15314367063652823     
  0.73500001430511475       0.19632699622335603       0.14416648844031704     
  0.73799997568130493       0.18590960532601131       0.13521366974801088     
  0.74099999666213989       0.17537899404927540       0.12628758958232225     
  0.74400001764297485       0.16472823418619703       0.11739119161151063     
  0.74699997901916504       0.15394948114486337       0.10852742503770287     
  0.75000000000000000       0.14303323078929578        9.9698745369405720E-002
  0.75300002098083496       0.13196939727736390        9.0908154670129596E-002
  0.75599998235702515       0.12074668912629517        8.2158672797427057E-002
  0.75900000333786011       0.10935151012132918        7.3452807566830855E-002
  0.76200002431869507        9.7769271952122636E-002   6.4793617950587690E-002
  0.76499998569488525        8.5983388310587675E-002   5.6184168596610254E-002
  0.76800000667572021        7.3974259357715150E-002   4.7627017641198047E-002
  0.77100002765655518        6.1720346971676165E-002   3.9125268601584065E-002
  0.77399998903274536        4.9197058088019552E-002   3.0682014452212889E-002
  0.77700001001358032        3.6375414799632251E-002   2.2299864449592414E-002
  0.77999997138977051        2.3223261342273233E-002   1.3982098074597705E-002
  0.78299999237060547        9.7023902866904387E-003   5.7313436058511157E-003
  0.78600001335144043       -4.2305054766941484E-003  -2.4492719313118686E-003
  0.78899997472763062       -1.8625746752411607E-002  -1.0556623028475669E-002
  0.79199999570846558       -3.3542966058419769E-002  -1.8588065143011336E-002
  0.79500001668930054       -4.9051146636773610E-002  -2.6540469411071101E-002
  0.79799997806549072       -6.5231657504878637E-002  -3.4410713129708420E-002
  0.80099999904632568       -8.2182081783269995E-002  -4.2196149088003641E-002
  0.80400002002716064      -0.10001793583314822       -4.9893659749224113E-002
  0.80699998140335083      -0.11887821815373789       -5.7500146659839838E-002
  0.81000000238418579      -0.13893288728187236       -6.5012973722931883E-002
  0.81300002336502075      -0.16038885564005240       -7.2429043518155184E-002
  0.81599998474121094      -0.18350214172349222       -7.9745308400330381E-002
  0.81900000572204590      -0.20859481178068556       -8.6959136533142051E-002
  0.82200002670288086      -0.23607371569827681       -9.4067502197859545E-002
  0.82499998807907104      -0.26646215386409355      -0.10106739299237333     
  0.82800000905990601      -0.30044757510287651      -0.10795622478825742     
  0.83099997043609619      -0.33894301602509636      -0.11473091454097097     
  0.83399999141693115      -0.38319822044059665      -0.12138889293825536     
  0.83700001239776611      -0.43496058613913507      -0.12792726557242826     
  0.83999997377395630      -0.49675185150085677      -0.13434313080895535     
  0.84299999475479126      -0.57235808097699581      -0.14063403219785633     
  0.84600001573562622      -0.66772431987667391      -0.14679713152080617     
  0.84899997711181641      -0.79274560959651330      -0.15282966514990501     
  0.85199999809265137      -0.96522453482125892      -0.15872920951357666     
  0.85500001907348633       -1.2207046457416810      -0.16449309048282981     
  0.85799998044967651       -1.6419034142092777      -0.17011861276479859     
  0.86100000143051147       -2.4759245081350247      -0.17560349427235034     
  0.86400002241134644       -4.9452937404961972      -0.18094517019595685     
  0.86699998378753662       -379.03104422949974      -0.18614109256307040     
  0.87000000476837158       -5.0987148524408035      -0.19118907808606314     
  0.87300002574920654       -2.5297559853002340      -0.19608670583692844     
  0.87599998712539673       -1.6777667470254758      -0.20083158597159823     
  0.87900000810623169       -1.2507890332169418      -0.20542167085807464     
  0.88200002908706665      -0.99321549956573063      -0.20985471353630189     
  0.88499999046325684      -0.82021691728810653      -0.21412847486351122     
  0.88800001144409180      -0.69551871988681357      -0.21824105098989252     
  0.89099997282028198      -0.60102391017744028      -0.22219027300373656     
  0.89399999380111694      -0.52668427618424385      -0.22597436784664265     
  0.89700001478195190      -0.46648262430884607      -0.22959131162592539     
  0.89999997615814209      -0.41659046730656762      -0.23303926532699279     
  0.90299999713897705      -0.37445498607353817      -0.23631656278224178     
  0.90600001811981201      -0.33831219002100260      -0.23942146847687382     
  0.90899997949600220      -0.30690349787271259      -0.24235225926124696     
  0.91200000047683716      -0.27930399267411271      -0.24510746760769617     
  0.91500002145767212      -0.25482224391947206      -0.24768556173610914     
  0.91799998283386230      -0.23292857803035094      -0.25008504317772062     
  0.92100000381469727      -0.21321167548102632      -0.25230467273410884     
  0.92400002479553223      -0.19534718342310373      -0.25434309819828094     
  0.92699998617172241      -0.17907509623863541      -0.25619904622611983     
  0.93000000715255737      -0.16418514208111692      -0.25787148234873375     
  0.93300002813339233      -0.15050538609252942      -0.25935927397228231     
  0.93599998950958252      -0.13789438642236398      -0.26066135188745804     
  0.93900001049041748      -0.12623284989058323      -0.26177690050506791     
  0.94199997186660767      -0.11542177582955941      -0.26270502796706652     
  0.94499999284744263      -0.10537671913566658      -0.26344493690775578     
  0.94800001382827759       -9.6025773220262831E-002 -0.26399588385010858     
  0.95099997520446777       -8.7307541210732337E-002 -0.26435730030499022     
  0.95399999618530273       -7.9168391946161112E-002 -0.26452856617324044     
  0.95700001716613770       -7.1562325389976797E-002 -0.26450919669685302     
  0.95999997854232788       -6.4448874089509750E-002 -0.26429873579854790     
  0.96299999952316284       -5.7792175280677704E-002 -0.26389688414169205     
  0.96600002050399780       -5.1561377263189163E-002 -0.26330323809151429     
  0.96899998188018799       -4.5728589823005567E-002 -0.26251766025985246     
  0.97200000286102295       -4.0268770255070994E-002 -0.26154000145028083     
  0.97500002384185791       -3.5159821601485036E-002 -0.26037003317183582     
  0.97799998521804810       -3.0382111346271001E-002 -0.25900773874825572     
  0.98100000619888306       -2.5917189720560167E-002 -0.25745319668145533     
  0.98400002717971802       -2.1748957091849951E-002 -0.25570633046281399     
  0.98699998855590820       -1.7862462343042916E-002 -0.25376739367275131     
  0.99000000953674316       -1.4243938723904139E-002 -0.25163631643688444     
  0.99299997091293335       -1.0881045136405653E-002 -0.24931337349508079     
  0.99599999189376831       -7.7621023335399881E-003 -0.24679875985446051     
  0.99900001287460327       -4.8763598947115039E-003 -0.24409260455638832     
   1.0019999742507935       -2.2139615124879071E-003 -0.24119530211939438     
   1.0049999952316284        2.3443721817020376E-004 -0.23810692748140569     
   1.0080000162124634        2.4776069390471658E-003 -0.23482781250326606     
   1.0110000371932983        4.5237462947931217E-003 -0.23135818461211333     
   1.0140000581741333        6.3805702285344565E-003 -0.22769820400098881     
   1.0169999599456787        8.0554442314634302E-003 -0.22384824669927991     
   1.0199999809265137        9.5554145517626130E-003 -0.21980812051438484     
   1.0230000019073486        1.0887129524013906E-002 -0.21557810371613823     
   1.0260000228881836        1.2056999755634203E-002 -0.21115815936427945     
   1.0290000438690186        1.3071153789207302E-002 -0.20654813244816916     
   1.0319999456405640        1.3935445597585600E-002 -0.20174808027588112     
   1.0349999666213989        1.4655705542088952E-002 -0.19675736050907139     
   1.0379999876022339        1.5237422089779944E-002 -0.19157551273468268     
   1.0410000085830688        1.5685974771164967E-002 -0.18620194963916398     
   1.0440000295639038        1.6006598871541929E-002 -0.18063580716635413     
   1.0470000505447388        1.6204365670096799E-002 -0.17487585053654001     
   1.0499999523162842        1.6284321282326496E-002 -0.16892098584750587     
   1.0529999732971191        1.6251303831372233E-002 -0.16276897725865291     
   1.0559999942779541        1.6110113589287607E-002 -0.15641793517617586     
   1.0590000152587891        1.5865485138278599E-002 -0.14986529993544009     
   1.0620000362396240        1.5522019124698595E-002 -0.14310806504856616     
   1.0650000572204590        1.5084277086330145E-002 -0.13614259445221472     
   1.0679999589920044        1.4556769700157412E-002 -0.12896496191477455     
   1.0709999799728394        1.3943880330587858E-002 -0.12156965944699716     
   1.0740000009536743        1.3250022321994872E-002 -0.11395118950717213     
   1.0770000219345093        1.2479500083727429E-002 -0.10610275935212575     
   1.0800000429153442        1.1636587490030301E-002  -9.8016558939426485E-002
   1.0829999446868896        1.0725558025149391E-002  -8.9683813517681787E-002
   1.0859999656677246        9.7505080200917423E-003  -8.1093396775632237E-002
   1.0889999866485596        8.7156262611275508E-003  -7.2233402302936095E-002
   1.0920000076293945        7.6249958762460140E-003  -6.3089665008047552E-002
   1.0950000286102295        6.4826687588361931E-003  -5.3645935376201132E-002
   1.0980000495910645        5.2926652437235511E-003  -4.3883214667546092E-002
   1.1009999513626099        4.0590053131671763E-003  -3.3779956729622251E-002
   1.1039999723434448        2.7855179195031576E-003  -2.3309785919811012E-002
   1.1069999933242798        1.4761388222692086E-003  -1.2443401197228803E-002
   1.1100000143051147        1.3471448344857484E-004  -1.1460565244540437E-003
   1.1130000352859497       -1.2349547364868972E-003   1.0622895991266606E-002
   1.1160000562667847       -2.6291133659108652E-003   2.2911218442615698E-002
   1.1189999580383301       -4.0439920236168400E-003   3.5774722892869634E-002
   1.1219999790191650       -5.4760432822297828E-003   4.9281202588561362E-002
   1.1250000000000000       -6.9216032325601397E-003   6.3509743390321338E-002
   1.1280000209808350       -8.3771029638888255E-003   7.8555602839042171E-002
   1.1310000419616699       -9.8390416920379475E-003   9.4533722087797770E-002
   1.1339999437332153       -1.1303900678226906E-002  0.11158318508532908     
   1.1369999647140503       -1.2768404410303148E-002  0.12987649372542295     
   1.1399999856948853       -1.4229162089171134E-002  0.14962477229196827     
   1.1430000066757202       -1.5682901552191198E-002  0.17109266612254370     
   1.1460000276565552       -1.7126408256089683E-002  0.19461546426883788     
   1.1490000486373901       -1.8556536096798939E-002  0.22062332591277034     
   1.1519999504089355       -1.9970162384988149E-002  0.24967515442023122     
   1.1549999713897705       -2.1364395856619582E-002  0.28251726507591729     
   1.1579999923706055       -2.2736247364746987E-002  0.32015669045390183     
   1.1610000133514404       -2.4082869788867343E-002  0.36399493904384334     
   1.1640000343322754       -2.5401480186257493E-002  0.41603586171509088     
   1.1670000553131104       -2.6689397129398145E-002  0.47924847630524275     
   1.1699999570846558       -2.7943947506729280E-002  0.55822582501660745     
   1.1729999780654907       -2.9162724691746897E-002  0.66047910597388715     
   1.1759999990463257       -3.0343219451701285E-002  0.79916166457687410     
   1.1790000200271606       -3.1483122112349674E-002  0.99962118922577414     
   1.1820000410079956       -3.2580152926456760E-002   1.3177510059350430     
   1.1849999427795410       -3.3632124064458847E-002   1.9058727667754913     
   1.1879999637603760       -3.4637057452338124E-002   3.3785162020425807     
   1.1909999847412109       -3.5592955781282028E-002   14.067737038950591     
   1.1940000057220459       -3.6497950422980936E-002   6.5986584905574475     
   1.1970000267028809       -3.7350303116135526E-002   2.6786632410034850     
   1.2000000476837158       -3.8148360268445869E-002   1.6790018094831041     
   1.2029999494552612       -3.8890544086224277E-002   1.2200257898776425     
   1.2059999704360962       -3.9575473319958504E-002  0.95530047037010857     
   1.2089999914169312       -4.0201806974376371E-002  0.78231612369608206     
   1.2120000123977661       -4.0768327508175314E-002  0.65992584047346003     
   1.2150000333786011       -4.1273920857669316E-002  0.56841210301500056     
   1.2180000543594360       -4.1717621630581743E-002  0.49714030618236349     
   1.2209999561309814       -4.2098525082663464E-002  0.43987306159748973     
   1.2239999771118164       -4.2415908830973820E-002  0.39270603417815853     
   1.2269999980926514       -4.2669141766583374E-002  0.35307758826099073     
   1.2300000190734863       -4.2857657644319910E-002  0.31922953515842301     
   1.2330000400543213       -4.2981076326607033E-002  0.28992147535826368     
   1.2359999418258667       -4.3039123937907091E-002  0.26425173131595059     
   1.2389999628067017       -4.3031606089377859E-002  0.24154441721072498     
   1.2419999837875366       -4.2958483602901061E-002  0.22129012157528849     
   1.2450000047683716       -4.2819827090151509E-002  0.20309361020611266     
   1.2480000257492065       -4.2615805863888648E-002  0.18664425683094074     
   1.2510000467300415       -4.2346714834738376E-002  0.17169469174860424     
   1.2539999485015869       -4.2013018681189326E-002  0.15804554439486659     
   1.2569999694824219       -4.1615209952973270E-002  0.14553331831559432     
   1.2599999904632568       -4.1153931458993764E-002  0.13402454910516248     
   1.2630000114440918       -4.0629955863039420E-002  0.12340736853447354     
   1.2660000324249268       -4.0044176403930432E-002  0.11358836353580633     
   1.2690000534057617       -3.9397560612422958E-002  0.10448855806897846     
   1.2719999551773071       -3.8691213058185396E-002   9.6040717913920853E-002
   1.2749999761581421       -3.7926312118447235E-002   8.8186236451953545E-002
   1.2779999971389771       -3.7104160398796007E-002   8.0875661777814953E-002
   1.2810000181198120       -3.6226201428390087E-002   7.4065441070173571E-002
   1.2840000391006470       -3.5293907646323570E-002   6.7717571177645097E-002
   1.2869999408721924       -3.4308962291842361E-002   6.1798772936898227E-002
   1.2899999618530273       -3.3272964689865091E-002   5.6278974545932593E-002
   1.2929999828338623       -3.2187744460595809E-002   5.1132030518673398E-002
   1.2960000038146973       -3.1055203744626961E-002   4.6334394934599094E-002
   1.2990000247955322       -2.9877306337923529E-002   4.1864780730263861E-002
   1.3020000457763672       -2.8656116722749824E-002   3.7703935976105003E-002
   1.3049999475479126       -2.7393798588016535E-002   3.3834546048442674E-002
   1.3079999685287476       -2.6092477252679287E-002   3.0240267172615010E-002
   1.3109999895095825       -2.4754481536425489E-002   2.6906601299948468E-002
   1.3140000104904175       -2.3382160368889401E-002   2.3820013673967782E-002
   1.3170000314712524       -2.1977924533527361E-002   2.0967895905935233E-002
   1.3200000524520874       -2.0544252495717973E-002   1.8338508046937547E-002
   1.3229999542236328       -1.9083728456546857E-002   1.5920962023751872E-002
   1.3259999752044678       -1.7598818174870145E-002   1.3704755311345979E-002
   1.3289999961853027       -1.6092207270921983E-002   1.1680245197806116E-002
   1.3320000171661377       -1.4566561448328170E-002   9.8381891277152054E-003
   1.3350000381469727       -1.3024591019990223E-002   8.1697990810466400E-003
   1.3380000591278076       -1.1469033009369897E-002   6.6666969953828124E-003
   1.3409999608993530       -9.9027172324632016E-003   5.3208968569046812E-003
   1.3439999818801880       -8.3283037644273274E-003   4.1245801323686613E-003
   1.3470000028610229       -6.7486641449785089E-003   3.0703657235488908E-003
   1.3500000238418579       -5.1666139653327899E-003   2.1510859707302814E-003
   1.3530000448226929       -3.5849792319900000E-003   1.3597964095088037E-003
   1.3559999465942383       -2.0066494544312011E-003   6.8978909496821277E-004
   1.3589999675750732       -4.3432178007275053E-004   1.3446548293937995E-004
   1.3619999885559082        1.1291267561121879E-003  -3.1250826327241474E-004
   1.3650000095367432        2.6808953239614332E-003  -6.5733562498097484E-004
   1.3680000305175781        4.2182027601881805E-003  -9.0606495678204925E-004
   1.3710000514984131        5.7382942303990511E-003  -1.0646095463836347E-003
   1.3739999532699585        7.2383828831777113E-003  -1.1387356281802371E-003
   1.3769999742507935        8.7158968023538473E-003  -1.1340998832332864E-003
   1.3799999952316284        1.0168126863130015E-002  -1.0562137743292265E-003
   1.3830000162124634        1.1592466437566201E-002  -9.1049056925606592E-004
   1.3860000371932983        1.2986360927846092E-002  -7.0221223077228932E-004
   1.3890000581741333        1.4347316793205356E-002  -4.3654964716174948E-004
   1.3919999599456787        1.5672837896625682E-002  -1.1858082651742328E-004
   1.3949999809265137        1.6960663498574308E-002   2.4676070977026280E-004
   1.3980000019073486        1.8208437970986448E-002   6.5463240278033203E-004
   1.4010000228881836        1.9413932919534953E-002   1.1003006027369368E-003
   1.4040000438690186        2.0575007322962521E-002   1.5791519491669154E-003
   1.4069999456405640        2.1689546208564621E-002   2.0866537202054959E-003
   1.4099999666213989        2.2755680535549338E-002   2.6184675160272615E-003
   1.4129999876022339        2.3771473570987762E-002   3.1702957266864190E-003
   1.4160000085830688        2.4735139195475056E-002   3.7379836253715664E-003
   1.4190000295639038        2.5645006198701262E-002   4.3174949099213751E-003
   1.4220000505447388        2.6499490830254272E-002   4.9049138398948632E-003
   1.4249999523162842        2.7297098178160159E-002   5.4964585595488726E-003
   1.4279999732971191        2.8036518604325558E-002   6.0884717019242989E-003
   1.4309999942779541        2.8716490995383988E-002   6.6774305143035319E-003
   1.4340000152587891        2.9335877852000453E-002   7.2599195583930845E-003
   1.4370000362396240        2.9893670552660210E-002   7.8326866860718818E-003
   1.4400000572204590        3.0388989558907432E-002   8.3926064615441782E-003
   1.4429999589920044        3.0821051256172148E-002   8.9366716073428221E-003
   1.4459999799728394        3.1189258019371079E-002   9.4620863055407435E-003
   1.4490000009536743        3.1493088405078598E-002   9.9661234643380371E-003
   1.4520000219345093        3.1732158632335576E-002   1.0446225526456571E-002
   1.4550000429153442        3.1906229691578920E-002   1.0900002208542489E-002
   1.4579999446868896        3.2015176503885981E-002   1.1325186013637956E-002
   1.4609999656677246        3.2059029266028459E-002   1.1719690347074966E-002
   1.4639999866485596        3.2037941125976202E-002   1.2081568972705469E-002
   1.4670000076293945        3.1952179332398807E-002   1.2409026475614158E-002
   1.4700000286102295        3.1802175972006505E-002   1.2700432649696013E-002
   1.4730000495910645        3.1588469791301567E-002   1.2954293301424318E-002
   1.4759999513626099        3.1311758509965815E-002   1.3169283085816733E-002
   1.4789999723434448        3.0972827754610743E-002   1.3344255797551966E-002
   1.4819999933242798        3.0572630845861769E-002   1.3478218338481847E-002
   1.4850000143051147        3.0112235365595270E-002   1.3570308035021034E-002
   1.4880000352859497        2.9592832152299152E-002   1.3619822242235268E-002
   1.4910000562667847        2.9015743067869811E-002   1.3626235702936508E-002
   1.4939999580383301        2.8382427750855845E-002   1.3589177890171519E-002
   1.4969999790191650        2.7694395200287970E-002   1.3508410262688633E-002
   1.5000000000000000        2.6953345855504615E-002   1.3383885892698800E-002
   1.5030000209808350        2.6161067055763761E-002   1.3215673899893325E-002
   1.5060000419616699        2.5319443598893175E-002   1.3003997477063482E-002
   1.5089999437332153        2.4430519557938176E-002   1.2749259057367733E-002
   1.5119999647140503        2.3496316549781592E-002   1.2451947738591007E-002
   1.5149999856948853        2.2519072246342694E-002   1.2112741769609563E-002
   1.5180000066757202        2.1501071043725672E-002   1.1732448373392195E-002
   1.5210000276565552        2.0444693930831547E-002   1.1311988913039802E-002
   1.5240000486373901        1.9352391764077301E-002   1.0852444968362561E-002
   1.5269999504089355        1.8226751146903957E-002   1.0355019509762999E-002
   1.5299999713897705        1.7070292053011044E-002   9.8209944639581718E-003
   1.5329999923706055        1.5885727063188127E-002   9.2518168166727827E-003
   1.5360000133514404        1.4675790815592730E-002   8.6490338707200503E-003
   1.5390000343322754        1.3443270444412209E-002   8.0143067169140773E-003
   1.5420000553131104        1.2191005175873666E-002   7.3493799815248645E-003
   1.5449999570846558        1.0921922987105849E-002   6.6561416403584017E-003
   1.5479999780654907        9.6388337135591157E-003   5.9364774907362718E-003
   1.5509999990463257        8.3447326460388271E-003   5.1924485004938613E-003
   1.5540000200271606        7.0425823136110333E-003   4.4261580713463172E-003
   1.5570000410079956        5.7353650318388094E-003   3.6397930861883348E-003
   1.5599999427795410        4.4261193098846536E-003   2.8356281134587439E-003
   1.5629999637603760        3.1177342817904161E-003   2.0159071883708601E-003
   1.5659999847412109        1.8132469635508044E-003   1.1830218994291657E-003
   1.5690000057220459        5.1563038322831691E-004   3.3937675054467693E-004
   1.5720000267028809       -7.7216047701681432E-004  -5.1258491789518690E-004
   1.5750000476837158       -2.0471968855430996E-003  -1.3703878944829881E-003
   1.5779999494552612       -3.3065330490648528E-003  -2.2314993880206005E-003
   1.5809999704360962       -4.5474137181841521E-003  -3.0934709913026512E-003
   1.5839999914169312       -5.7669783161055088E-003  -3.9537435732345059E-003
   1.5870000123977661       -6.9624702059784618E-003  -4.8097896271064380E-003
   1.5900000333786011       -8.1311970178368376E-003  -5.6590849417374146E-003
   1.5930000543594360       -9.2705249842966568E-003  -6.4991205165655982E-003
   1.5959999561309814       -1.0377858113770943E-002  -7.3273743739110360E-003
   1.5989999771118164       -1.1450806352609302E-002  -8.1414498329021416E-003
   1.6019999980926514       -1.2486932897555139E-002  -8.9388825075476762E-003
   1.6050000190734863       -1.3483941510501501E-002  -9.7172856769212682E-003
   1.6080000400543213       -1.4439628795625646E-002  -1.0474323707582195E-002
   1.6109999418258667       -1.5351858682358851E-002  -1.1207686655661808E-002
   1.6139999628067017       -1.6218716070735991E-002  -1.1915205837767392E-002
   1.6169999837875366       -1.7038281139747508E-002  -1.2594708466532340E-002
   1.6200000047683716       -1.7808799292273497E-002  -1.3244109914870333E-002
   1.6230000257492065       -1.8528631311220869E-002  -1.3861421874678278E-002
   1.6260000467300415       -1.9196270724503098E-002  -1.4444742172536499E-002
   1.6289999485015869       -1.9810317368403024E-002  -1.4992227862890067E-002
   1.6319999694824219       -2.0369571033028000E-002  -1.5502217878261490E-002
   1.6349999904632568       -2.0872906704609093E-002  -1.5973076710938804E-002
   1.6380000114440918       -2.1319361704056922E-002  -1.6403304273520086E-002
   1.6410000324249268       -2.1708114011315106E-002  -1.6791516494750983E-002
   1.6440000534057617       -2.2038484390222081E-002  -1.7136449614753392E-002
   1.6469999551773071       -2.2309946908416263E-002  -1.7436954430936999E-002
   1.6499999761581421       -2.2522148402541860E-002  -1.7692030310095003E-002
   1.6529999971389771       -2.2674847282346020E-002  -1.7900783601918373E-002
   1.6560000181198120       -2.2767972904160865E-002  -1.8062460931278872E-002
   1.6590000391006470       -2.2801607025485424E-002  -1.8176450358029388E-002
   1.6619999408721924       -2.2775989376723132E-002  -1.8242261697099096E-002
   1.6649999618530273       -2.2691496844713797E-002  -1.8259576640035656E-002
   1.6679999828338623       -2.2548663529146248E-002  -1.8228187978762835E-002
   1.6710000038146973       -2.2348181343080666E-002  -1.8148038891466205E-002
   1.6740000247955322       -2.2090888791749076E-002  -1.8019237682507881E-002
   1.6770000457763672       -2.1777760755566224E-002  -1.7841997702673959E-002
   1.6799999475479126       -2.1409941958065812E-002  -1.7616725046029402E-002
   1.6829999685287476       -2.0988673194042278E-002  -1.7343918942068246E-002
   1.6859999895095825       -2.0515373268971612E-002  -1.7024252240551808E-002
   1.6890000104904175       -1.9991580559005954E-002  -1.6658533449377726E-002
   1.6920000314712524       -1.9418975314714267E-002  -1.6247709184170296E-002
   1.6950000524520874       -1.8799345111567143E-002  -1.5792856289425769E-002
   1.6979999542236328       -1.8134650143097567E-002  -1.5295218145073683E-002
   1.7009999752044678       -1.7426870918205044E-002  -1.4756102874489608E-002
   1.7039999961853027       -1.6678180787012126E-002  -1.4177004050175863E-002
   1.7070000171661377       -1.5890836293183039E-002  -1.3559524081720930E-002
   1.7100000381469727       -1.5067195092621149E-002  -1.2905383511465971E-002
   1.7130000591278076       -1.4209707795012953E-002  -1.2216417453022420E-002
   1.7159999608993530       -1.3320942270000278E-002  -1.1494597884657655E-002
   1.7189999818801880       -1.2403446109904313E-002  -1.0741922949934977E-002
   1.7220000028610229       -1.1459944015178422E-002  -9.9605608226658662E-003
   1.7250000238418579       -1.0493193133334876E-002  -9.1527603773397560E-003
   1.7280000448226929       -9.5060038124992474E-003  -8.3208443794003401E-003
   1.7309999465942383       -8.5012815871070881E-003  -7.4672568109325826E-003
   1.7339999675750732       -7.4818507651828146E-003  -6.5944108592625710E-003
   1.7369999885559082       -6.4506925311523435E-003  -5.7048812539348629E-003
   1.7400000095367432       -5.4107716454384301E-003  -4.8012735531493995E-003
   1.7430000305175781       -4.3650722539627859E-003  -3.8862395767099160E-003
   1.7460000514984131       -3.3165872155342950E-003  -2.9624766143644789E-003
   1.7489999532699585       -2.2683510031396834E-003  -2.0327492404354519E-003
   1.7519999742507935       -1.2232660171854256E-003  -1.0997388493914908E-003
   1.7549999952316284       -1.8434262575249151E-004  -1.6625510824321563E-004
   1.7580000162124634        8.4547535689227294E-004   7.6492113097180426E-004
   1.7610000371932983        1.8632775390553902E-003   1.6910084479469900E-003
   1.7640000581741333        2.8661961421548340E-003   2.6092335391113618E-003
   1.7669999599456787        3.8513734474001837E-003   3.5168048387598703E-003
   1.7699999809265137        4.8161304816770958E-003   4.4110657403112329E-003
   1.7730000019073486        5.7577330331491832E-003   5.2892830218162377E-003
   1.7760000228881836        6.6735648348981791E-003   6.1488045166382139E-003
   1.7790000438690186        7.5610901223400794E-003   6.9870307490357336E-003
   1.7819999456405640        8.4178292280970412E-003   7.8013878133837526E-003
   1.7849999666213989        9.2415038513135993E-003   8.5894692472944668E-003
   1.7879999876022339        1.0029835076805341E-002   9.3488459766833745E-003
   1.7910000085830688        1.0780687766615952E-002   1.0077207395622326E-002
   1.7940000295639038        1.1492049345296903E-002   1.0772334581086703E-002
   1.7970000505447388        1.2162029404626252E-002   1.1432105050581049E-002
   1.7999999523162842        1.2788840142846633E-002   1.2054486788551743E-002
   1.8029999732971191        1.3370903519237769E-002   1.2637627948638751E-002
   1.8059999942779541        1.3906708152494725E-002   1.3179725742032142E-002
   1.8090000152587891        1.4394909652458857E-002   1.3679126102071334E-002
   1.8120000362396240        1.4834313453617937E-002   1.4134310371357511E-002
   1.8150000572204590        1.5223877775300215E-002   1.4543899929727969E-002
   1.8179999589920044        1.5562703435746013E-002   1.4906635899865886E-002
   1.8209999799728394        1.5850090678879679E-002   1.5221462582992970E-002
   1.8240000009536743        1.6085453187504237E-002   1.5487423097820011E-002
   1.8270000219345093        1.6268392191415584E-002   1.5703735284398695E-002
   1.8300000429153442        1.6398659496752867E-002   1.5869769936034960E-002
   1.8329999446868896        1.6476181919448499E-002   1.5985061828722415E-002
   1.8359999656677246        1.6501050056294052E-002   1.6049319435667845E-002
   1.8389999866485596        1.6473516063553188E-002   1.6062403617103253E-002
   1.8420000076293945        1.6393991719593798E-002   1.6024341867760226E-002
   1.8450000286102295        1.6263058264771472E-002   1.5935336503807337E-002
   1.8480000495910645        1.6081456689650102E-002   1.5795753187042131E-002
   1.8509999513626099        1.5850096699986129E-002   1.5606128572461537E-002
   1.8539999723434448        1.5570009956513876E-002   1.5367140550193914E-002
   1.8569999933242798        1.5242414630729751E-002   1.5079665682320938E-002
   1.8600000143051147        1.4868664334840036E-002   1.4744715880097809E-002
   1.8630000352859497        1.4450255535709335E-002   1.4363481276481040E-002
   1.8660000562667847        1.3988830268366729E-002   1.3937288468429057E-002
   1.8689999580383301        1.3486177967854573E-002   1.3467644770517916E-002
   1.8719999790191650        1.2944160231117477E-002   1.2956149546297582E-002
   1.8750000000000000        1.2364819441366926E-002   1.2404596026686471E-002
   1.8780000209808350        1.1750289129791872E-002   1.1814889065697394E-002
   1.8810000419616699        1.1102816550944939E-002   1.1189077390796519E-002
   1.8839999437332153        1.0424778017992272E-002   1.0529349324427652E-002
   1.8869999647140503        9.7185558260029763E-003   9.8379378894864408E-003
   1.8899999856948853        8.9867041411434284E-003   9.1172577074411960E-003
   1.8930000066757202        8.2318212547483668E-003   8.3698029738927000E-003
   1.8960000276565552        7.4565784575671250E-003   7.5981621506309681E-003
   1.8990000486373901        6.6637021246174237E-003   6.8050053478214039E-003
   1.9019999504089355        5.8560037452467717E-003   5.9931116638596970E-003
   1.9049999713897705        5.0362378905042717E-003   5.1652309078674035E-003
   1.9079999923706055        4.2072844722359261E-003   4.3242656476412704E-003
   1.9110000133514404        3.3720149305506634E-003   3.4731334878107417E-003
   1.9140000343322754        2.5333109498669581E-003   2.6147888528334378E-003
   1.9170000553131104        1.6940569000002965E-003   1.7522127624412592E-003
   1.9199999570846558        8.5716093977960400E-004   8.8843717266591212E-004
   1.9229999780654907        2.5414118600839189E-005   2.6396096890277810E-005
   1.9259999990463257       -7.9832048161537555E-004  -8.3087789614692711E-004
   1.9290000200271606       -1.6112509293541328E-003  -1.6804020518144506E-003
   1.9320000410079956       -2.4106325382646592E-003  -2.5192202738846085E-003
   1.9349999427795410       -3.1937465639862730E-003  -3.3443806242557778E-003
   1.9379999637603760       -3.9580335177104211E-003  -4.1530780638425503E-003
   1.9409999847412109       -4.7009160552529189E-003  -4.9424634024762010E-003
   1.9440000057220459       -5.4199308039933189E-003  -5.7097934921147044E-003
   1.9470000267028809       -6.1127088822275225E-003  -6.4524000565087001E-003
   1.9500000476837158       -6.7769809630569911E-003  -7.1677046653797006E-003
   1.9529999494552612       -7.4105647570838476E-003  -7.8532004743466378E-003
   1.9559999704360962       -8.0114652422259066E-003  -8.5065680036694024E-003
   1.9589999914169312       -8.5777404543201201E-003  -9.1255228481626378E-003
   1.9620000123977661       -9.1076001317118242E-003  -9.7079350158183718E-003
   1.9650000333786011       -9.5993927942862253E-003  -1.0251801106654851E-002
   1.9680000543594360       -1.0051609878853587E-002  -1.0755265406136579E-002
   1.9709999561309814       -1.0462876376654936E-002  -1.1216600970132587E-002
   1.9739999771118164       -1.0832016121328426E-002  -1.1634287674295871E-002
   1.9769999980926514       -1.1157960291906521E-002  -1.2006913518523805E-002
   1.9800000190734863       -1.1439821661835103E-002  -1.2333251296410733E-002
   1.9830000400543213       -1.1676873343824373E-002  -1.2612244370093064E-002
   1.9859999418258667       -1.1868548268991471E-002  -1.2843006356274405E-002
   1.9889999628067017       -1.2014472013111444E-002  -1.3024854837238644E-002
   1.9919999837875366       -1.2114414868659808E-002  -1.3157264883543730E-002
   1.9950000047683716       -1.2168325090261653E-002  -1.3239902859041612E-002
   1.9980000257492065       -1.2176323795098308E-002  -1.3272627943557843E-002
   2.0009999275207520       -1.2138701376293758E-002  -1.3255483505951160E-002
   2.0039999485015869       -1.2055912962073126E-002  -1.3188701350643027E-002
   2.0069999694824219       -1.1928584845832401E-002  -1.3072701772932698E-002
   2.0099999904632568       -1.1757505216001119E-002  -1.2908093371807858E-002
   2.0130000114440918       -1.1543622522507214E-002  -1.2695670231278438E-002
   2.0160000324249268       -1.1288046600135030E-002  -1.2436404938601070E-002
   2.0190000534057617       -1.0992036696034295E-002  -1.2131451320805293E-002
   2.0220000743865967       -1.0657000725059762E-002  -1.1782141587156283E-002
   2.0250000953674316       -1.0284488604877313E-002  -1.1389971132399377E-002
   2.0280001163482666       -9.8761886702574218E-003  -1.0956605949789474E-002
   2.0309998989105225       -9.4339545007920168E-003  -1.0483909041641003E-002
   2.0339999198913574       -8.9596541000999154E-003  -9.9737759023078715E-003
   2.0369999408721924       -8.4553774011051023E-003  -9.4283661251277195E-003
   2.0399999618530273       -7.9232843630993692E-003  -8.8499313137614857E-003
   2.0429999828338623       -7.3656381339429573E-003  -8.2408555415434195E-003
   2.0460000038146973       -6.7847863122275131E-003  -7.6036401096384052E-003
   2.0490000247955322       -6.1831606624566408E-003  -6.9408950882733200E-003
   2.0520000457763672       -5.5632613579371624E-003  -6.2553281779055446E-003
   2.0550000667572021       -4.9276517200695568E-003  -5.5497379017627798E-003
   2.0580000877380371       -4.2789439953507726E-003  -4.8269970999526802E-003
   2.0610001087188721       -3.6197910968447035E-003  -4.0900454536902499E-003
   2.0639998912811279       -2.9529300202955494E-003  -3.3419348827278461E-003
   2.0669999122619629       -2.2809567273417751E-003  -2.5855820719203515E-003
   2.0699999332427979       -1.6066346698959729E-003  -1.8241098105454630E-003
   2.0729999542236328       -9.3267249961622876E-004  -1.0606001897723030E-003
   2.0759999752044678       -2.6176533295193443E-004  -2.9813949190710777E-004
   2.0789999961853027        4.0341552638852035E-004   4.6019399507283703E-004
   2.0820000171661377        1.0602333934764470E-003   1.2113423961837015E-003
   2.0850000381469727        1.7060972253123824E-003   1.9522813794330483E-003
   2.0880000591278076        2.3384709800872636E-003   2.6800317594712301E-003
   2.0910000801086426        2.9548849913749497E-003   3.3916730930316245E-003
   2.0940001010894775        3.5529452120585431E-003   4.0843542673354924E-003
   2.0969998836517334        4.1302981736082885E-003   4.7552559094715917E-003
   2.0999999046325684        4.6848218659855910E-003   5.4018077754291027E-003
   2.1029999256134033        5.2143595317665197E-003   6.0213897172726382E-003
   2.1059999465942383        5.7169126710733976E-003   6.6115467246194489E-003
   2.1089999675750732        6.1906042225466935E-003   7.1699524882108279E-003
   2.1119999885559082        6.6336841049231300E-003   7.6944186750204186E-003
   2.1150000095367432        7.0445368741288523E-003   8.1828996691314573E-003
   2.1180000305175781        7.4216886539294688E-003   8.6335060430225690E-003
   2.1210000514984131        7.7638138697080144E-003   9.0445144391169043E-003
   2.1240000724792480        8.0697367419791301E-003   9.4143663827460262E-003
   2.1270000934600830        8.3384423824422148E-003   9.7416868345217098E-003
   2.1300001144409180        8.5690744496107526E-003   1.0025279398100181E-002
   2.1329998970031738        8.7609282324681015E-003   1.0264124491245141E-002
   2.1359999179840088        8.9135102469205460E-003   1.0457446433445695E-002
   2.1389999389648438        9.0264488541554905E-003   1.0604609425264045E-002
   2.1419999599456787        9.0995595739702204E-003   1.0705199114733109E-002
   2.1449999809265137        9.1328285482807654E-003   1.0759004106236361E-002
   2.1480000019073486        9.1264112248539558E-003   1.0766013568222297E-002
   2.1510000228881836        9.0806339380226225E-003   1.0726423548683100E-002
   2.1540000438690186        8.9959919818641248E-003   1.0640628481540024E-002
   2.1570000648498535        8.8731418516879192E-003   1.0509227417619234E-002
   2.1600000858306885        8.7129064625192498E-003   1.0333017201428566E-002
   2.1630001068115234        8.5162648567242965E-003   1.0112988300127993E-002
   2.1659998893737793        8.2843685287117795E-003   9.8503458416268983E-003
   2.1689999103546143        8.0184631477677772E-003   9.5464183960124495E-003
   2.1719999313354492        7.7199888322681586E-003   9.2027727458060069E-003
   2.1749999523162842        7.3905053064875917E-003   8.8211310565713408E-003
   2.1779999732971191        7.0317009280809212E-003   8.4033805604210501E-003
   2.1809999942779541        6.6453854693228186E-003   7.9515652740249909E-003
   2.1840000152587891        6.2334811354953900E-003   7.4678769541738025E-003
   2.1870000362396240        5.7980142441738380E-003   6.9546467319003200E-003
   2.1900000572204590        5.3411055256271612E-003   6.4143329071895015E-003
   2.1930000782012939        4.8649617911759582E-003   5.8495085382462512E-003
   2.1960000991821289        4.3718644400375104E-003   5.2628538524441878E-003
   2.1989998817443848        3.8641999768177790E-003   4.6571894544117495E-003
   2.2019999027252197        3.3442875906906614E-003   4.0352705094636922E-003
   2.2049999237060547        2.8146108692551626E-003   3.4000632695201948E-003
   2.2079999446868896        2.2776438620771412E-003   2.7545395089038950E-003
   2.2109999656677246        1.7358827384039339E-003   2.1017104744987382E-003
   2.2139999866485596        1.1918321223579004E-003   1.4446135278964134E-003
   2.2170000076293945        6.4799462271156801E-004   7.8629731978669792E-004
   2.2200000286102295        1.0685923513475154E-004   1.2980780642862457E-004
   2.2230000495910645       -4.2911017780667738E-004  -5.2182585755390599E-004
   2.2260000705718994       -9.5748600608749857E-004  -1.1656058180837280E-003
   2.2290000915527344       -1.4758880354140934E-003  -1.7985790697315430E-003
   2.2320001125335693       -1.9819940881649033E-003  -2.4178522441717989E-003
   2.2349998950958252       -2.4735130753517683E-003  -3.0205578037692500E-003
   2.2379999160766602       -2.9483488869251483E-003  -3.6040564201518959E-003
   2.2409999370574951       -3.4043773007791300E-003  -4.1656646144952215E-003
   2.2439999580383301       -3.8396122242362971E-003  -4.7028585894662994E-003
   2.2469999790191650       -4.2521751833373188E-003  -5.2132398557369793E-003
   2.2500000000000000       -4.6403034966304435E-003  -5.6945419460270701E-003
   2.2530000209808350       -5.0023595658066763E-003  -6.1446480846134612E-003
   2.2560000419616699       -5.3368364636301058E-003  -6.5615957683645967E-003
   2.2590000629425049       -5.6423667870239376E-003  -6.9435875951822058E-003
   2.2620000839233398       -5.9177266460155916E-003  -7.2890034077953605E-003
   2.2650001049041748       -6.1618431133891290E-003  -7.5964032423428522E-003
   2.2679998874664307       -6.3737807716836639E-003  -7.8645151271239146E-003
   2.2709999084472656       -6.5528152539843128E-003  -8.0923274028022584E-003
   2.2739999294281006       -6.6983290409354020E-003  -8.2789620778119296E-003
   2.2769999504089355       -6.8098885567051846E-003  -8.4237672043947706E-003
   2.2799999713897705       -6.8872260010513515E-003  -8.5263008377876731E-003
   2.2829999923706055       -6.9302413053159836E-003  -8.5863258589967129E-003
   2.2860000133514404       -6.9389992389903669E-003  -8.6038211865569862E-003
   2.2890000343322754       -6.9137332191835177E-003  -8.5789728009009816E-003
   2.2920000553131104       -6.8548393079832905E-003  -8.5121740606555526E-003
   2.2950000762939453       -6.7628762397750819E-003  -8.4040316684800727E-003
   2.2980000972747803       -6.6385611394333497E-003  -8.2553506408421760E-003
   2.3010001182556152       -6.4827679251315906E-003  -8.0671369980035157E-003
   2.3039999008178711       -6.2965348623234612E-003  -7.8406101189099388E-003
   2.3069999217987061       -6.0809997328443209E-003  -7.5771254365611948E-003
   2.3099999427795410       -5.8374817022420937E-003  -7.2782667728632806E-003
   2.3129999637603760       -5.5674196839302697E-003  -6.9457785153137818E-003
   2.3159999847412109       -5.2723744155808282E-003  -6.5815654213597641E-003
   2.3190000057220459       -4.9540243172622248E-003  -6.1876865712713362E-003
   2.3220000267028809       -4.6141542762060690E-003  -5.7663453415847960E-003
   2.3250000476837158       -4.2546473918062509E-003  -5.3198749296180896E-003
   2.3280000686645508       -3.8774748099478285E-003  -4.8507281100731645E-003
   2.3310000896453857       -3.4846852342919118E-003  -4.3614635077875883E-003
   2.3340001106262207       -3.0783957056667328E-003  -3.8547331213672001E-003
   2.3369998931884766       -2.6608128623526830E-003  -3.3333094014395075E-003
   2.3399999141693115       -2.2340883963033204E-003  -2.7999043572796466E-003
   2.3429999351501465       -1.8005070443174829E-003  -2.2574030578984719E-003
   2.3459999561309814       -1.3623434429482324E-003  -1.7086853424910309E-003
   2.3489999771118164       -9.2188238238849105E-004  -1.1566490996375357E-003
   2.3519999980926514       -4.8140772791073217E-004  -6.0419776356304732E-004
   2.3550000190734863       -4.3190027158381817E-005  -5.4222378298164350E-005
   2.3580000400543213        3.9052454623132369E-004   4.9041228390675972E-004
   2.3610000610351562        8.1752609233381080E-004   1.0268835003532856E-003
   2.3640000820159912        1.2356522489643008E-003   1.5524251677181806E-003
   2.3670001029968262        1.6427992669710177E-003   2.0643436950821660E-003
   2.3699998855590820        2.0369018135005228E-003   2.5599919715198626E-003
   2.3729999065399170        2.4160681443464111E-003   3.0369408944985114E-003
   2.3759999275207520        2.7784011863136587E-003   3.4927555049635026E-003
   2.3789999485015869        3.1221358056688102E-003   3.9251669744643719E-003
   2.3819999694824219        3.4456139609979715E-003   4.3320454851035368E-003
   2.3849999904632568        3.7472946607317236E-003   4.7114086276565433E-003
   2.3880000114440918        4.0257616106351129E-003   5.0614369347987444E-003
   2.3910000324249268        4.2797297096581009E-003   5.3804775160387411E-003
   2.3940000534057617        4.5080516417738475E-003   5.6670590494833769E-003
   2.3970000743865967        4.7097230623370000E-003   5.9198943622401539E-003
   2.4000000953674316        4.8838893285784160E-003   6.1378872836924826E-003
   2.4030001163482666        5.0298465018217345E-003   6.3201460592971223E-003
   2.4059998989105225        5.1470389935196047E-003   6.4659650512670572E-003
   2.4089999198913574        5.2350968066279440E-003   6.5748816273956149E-003
   2.4119999408721924        5.2937794115050256E-003   6.6466048688405459E-003
   2.4149999618530273        5.3230167912016371E-003   6.6810662955191650E-003
   2.4179999828338623        5.3229001481872743E-003   6.6784053524361715E-003
   2.4210000038146973        5.2936791133657603E-003   6.6389728370050208E-003
   2.4240000247955322        5.2357606359227458E-003   6.5633211973497082E-003
   2.4270000457763672        5.1497058864941559E-003   6.4522054046028841E-003
   2.4300000667572021        5.0362272893297519E-003   6.3065785092142421E-003
   2.4330000877380371        4.8961821912750928E-003   6.1275819680833114E-003
   2.4360001087188721        4.7305702145771034E-003   5.9165427290284621E-003
   2.4389998912811279        4.5405422624932041E-003   5.6749825470926362E-003
   2.4419999122619629        4.3273295419933707E-003   5.4045288998493257E-003
   2.4449999332427979        4.0923303896126702E-003   5.1070227519108306E-003
   2.4479999542236328        3.8370405504115782E-003   4.7844297962507552E-003
   2.4509999752044678        3.5630592199383244E-003   4.4388520337801394E-003
   2.4539999961853027        3.2720813836506018E-003   4.0725069117698819E-003
   2.4570000171661377        2.9658858848362079E-003   3.6877204940612418E-003
   2.4600000381469727        2.6463267213532407E-003   3.2869093627604083E-003
   2.4630000591278076        2.3153203835167219E-003   2.8725688738810572E-003
   2.4660000801086426        1.9748372519431978E-003   2.4472549861631119E-003
   2.4690001010894775        1.6268885502674253E-003   2.0135710288070479E-003
   2.4719998836517334        1.2735435296328435E-003   1.5741866261719261E-003
   2.4749999046325684        9.1680490611551380E-004   1.1316800728564892E-003
   2.4779999256134033        5.5876588545748166E-004   6.8873339132056674E-004
   2.4809999465942383        2.0148639275569739E-004   2.4797667297001957E-004
   2.4839999675750732       -1.5299107607935107E-004  -1.8799372506160596E-004
   2.4869999885559082       -5.0265295613245546E-004  -6.1663058495617688E-004
   2.4900000095367432       -8.4552615659155784E-004  -1.0354512908130624E-003
   2.4930000305175781       -1.1796891148907604E-003  -1.4420529862277085E-003
   2.4960000514984131       -1.5032829434743706E-003  -1.8341273554067518E-003
   2.4990000724792480       -1.8145214456671338E-003  -2.2094743874077447E-003
   2.5020000934600830       -2.1117022205773411E-003  -2.5660150847751887E-003
   2.5050001144409180       -2.3932148388207891E-003  -2.9018057200578110E-003
   2.5079998970031738       -2.6575308225369439E-003  -3.2150233733638169E-003
   2.5109999179840088       -2.9032939712462205E-003  -3.5040762407586158E-003
   2.5139999389648438       -3.1292019262454513E-003  -3.7674625257957343E-003
   2.5169999599456787       -3.3340997665355946E-003  -4.0038823827911090E-003
   2.5199999809265137       -3.5169629217684170E-003  -4.2122181104565929E-003
   2.5230000019073486       -3.6769038710098823E-003  -4.3915395403224238E-003
   2.5260000228881836       -3.8131765479281149E-003  -4.5411137069090342E-003
   2.5290000438690186       -3.9251803922632335E-003  -4.6604027170201526E-003
   2.5320000648498535       -4.0124628330868431E-003  -4.7490722068329397E-003
   2.5350000858306885       -4.0747212015618426E-003  -4.8069860357434734E-003
   2.5380001068115234       -4.1118054833461006E-003  -4.8342158957431968E-003
   2.5409998893737793       -4.1237159737804062E-003  -4.8310291894442916E-003
   2.5439999103546143       -4.1106070013107680E-003  -4.7978931831310920E-003
   2.5469999313354492       -4.0727783180828899E-003  -4.7354686676209295E-003
   2.5499999523162842       -4.0106790614352411E-003  -4.6446035078284232E-003
   2.5529999732971191       -3.9249015108831194E-003  -4.5263309977647851E-003
   2.5559999942779541       -3.8161782124070923E-003  -4.3818554667143135E-003
   2.5590000152587891       -3.6853758875150331E-003  -4.2125475000599245E-003
   2.5620000362396240       -3.5334899627031732E-003  -4.0199335145027840E-003
   2.5650000572204590       -3.3616376934676173E-003  -3.8056843540377650E-003
   2.5680000782012939       -3.1710521866254605E-003  -3.5715996594965550E-003
   2.5710000991821289       -2.9630714842035721E-003  -3.3196009463835746E-003
   2.5739998817443848       -2.7391512394722020E-003  -3.0517338091386368E-003
   2.5769999027252197       -2.5007817679359580E-003  -2.7700698965746184E-003
   2.5799999237060547       -2.2495843421529850E-003  -2.4768182108405321E-003
   2.5829999446868896       -1.9872325138945426E-003  -2.1742262622735848E-003
   2.5859999656677246       -1.7154571859849959E-003  -1.8645832950840930E-003
   2.5889999866485596       -1.4360364423296871E-003  -1.5502032133913356E-003
   2.5920000076293945       -1.1507840767994470E-003  -1.2334098694473251E-003
   2.5950000286102295       -8.6153812042757158E-004  -9.1651640744265040E-004
   2.5980000495910645       -5.7014916252269305E-004  -6.0181206351306576E-004
   2.6010000705718994       -2.7846850351113017E-004  -2.9154215970939918E-004
   2.6040000915527344        1.1663034704049701E-005   1.2106739513139560E-005
   2.6070001125335693        2.9842700688302245E-004   3.0702396917895830E-004
   2.6099998950958252        5.8001643059001388E-004   5.9116822255530154E-004
   2.6129999160766602        8.5473623387392157E-004   8.6267246236603108E-004
   2.6159999370574951        1.1208793679790858E-003   1.1197226480057993E-003
   2.6189999580383301        1.3768274942209018E-003   1.3606627820320202E-003
   2.6219999790191650        1.6210383317907624E-003   1.5839853447057860E-003
   2.6250000000000000        1.8520553389850725E-003   1.7883417489917856E-003
   2.6280000209808350        2.0685165729112092E-003   1.9725547618210464E-003
   2.6310000419616699        2.2691623323805939E-003   2.1356265774035671E-003
   2.6340000629425049        2.4528439086129437E-003   2.2767477629041435E-003
   2.6370000839233398        2.6185301474807459E-003   2.3953047560940255E-003
   2.6400001049041748        2.7653125351721807E-003   2.4908839022086786E-003
   2.6429998874664307        2.8924026429666301E-003   2.5632721429234310E-003
   2.6459999084472656        2.9991744955531583E-003   2.6124804938620801E-003
   2.6489999294281006        3.0851083648051770E-003   2.6387098835741665E-003
   2.6519999504089355        3.1498338286533312E-003   2.6423769143756005E-003
   2.6549999713897705        3.1931221361484715E-003   2.6241026581548688E-003
   2.6579999923706055        3.2148874089542199E-003   2.5847128904698496E-003
   2.6610000133514404        3.2151844116012785E-003   2.5252300437725076E-003
   2.6640000343322754        3.1942092553654496E-003   2.4468675523515063E-003
   2.6670000553131104        3.1522976158469434E-003   2.3510221382240168E-003
   2.6700000762939453        3.0899203245321454E-003   2.2392629141103565E-003
   2.6730000972747803        3.0076811154436459E-003   2.1133233518543528E-003
   2.6760001182556152        2.9063107616297316E-003   1.9750854939434002E-003
   2.6789999008178711        2.7866735115004149E-003   1.8265813547771205E-003
   2.6819999217987061        2.6497185554888859E-003   1.6699286886420054E-003
   2.6849999427795410        2.4965332018533752E-003   1.5073873250176369E-003
   2.6879999637603760        2.3282964914607034E-003   1.3412959801855887E-003
   2.6909999847412109        2.1462803978761370E-003   1.1740653447512867E-003
   2.6940000057220459        1.9518403485025305E-003   1.0081600774518359E-003
   2.6970000267028809        1.7464058031375215E-003   8.4608109074165989E-004
   2.7000000476837158        1.5314708809703566E-003   6.9034470292034255E-004
   2.7030000686645508        1.3085829047467803E-003   5.4346430441023119E-004
   2.7060000896453857        1.0793325234530740E-003   4.0792985747024381E-004
   2.7090001106262207        8.4534189109295669E-004   2.8618821139455349E-004
   2.7119998931884766        6.0827322452711293E-004   1.8063110838659541E-004
   2.7149999141693115        3.6974116280366761E-004   9.3543300020212689E-005
   2.7179999351501465        1.3141500191407490E-004   2.7134304106049118E-005
   2.7209999561309814       -1.0506802857593852E-004  -1.6515490000974502E-005
   2.7239999771118164       -3.3809509534673355E-004  -3.5463404852684488E-005
   2.7269999980926514       -5.6608881203109131E-004  -2.7921542894749137E-005
   2.7300000190734863       -7.8751797000289360E-004   7.7273047352780653E-006
   2.7330000400543213       -1.0009078363993201E-003   7.2914843862199167E-005
   2.7360000610351562       -1.2048501881271351E-003   1.6887344656761846E-004
   2.7390000820159912       -1.3980125104988829E-003   2.9662427942610118E-004
   2.7420001029968262       -1.5791472198590027E-003   4.5696656863075425E-004
   2.7449998855590820       -1.7470870622896756E-003   6.5045190363379325E-004
   2.7479999065399170       -1.9008048428272842E-003   8.7744127753779013E-004
   2.7509999275207520       -2.0393403755406586E-003   1.1380077214045751E-003
   2.7539999485015869       -2.1618604498593180E-003   1.4319913760821358E-003
   2.7569999694824219       -2.2676516322790914E-003   1.7589858032876567E-003
   2.7599999904632568       -2.3561233030515373E-003   2.1183375974521165E-003
   2.7630000114440918       -2.4268114626401259E-003   2.5091519945332082E-003
   2.7660000324249268       -2.4793821696472082E-003   2.9302983787388862E-003
   2.7690000534057617       -2.5136323021208297E-003   3.3804205728605735E-003
   2.7720000743865967       -2.5294906392844614E-003   3.8579509744590336E-003
   2.7750000953674316       -2.5270178273085549E-003   4.3611253961360731E-003
   2.7780001163482666       -2.5064054165550805E-003   4.8880082166922146E-003
   2.7809998989105225       -2.4679766549296741E-003   5.4364759959985593E-003
   2.7839999198913574       -2.4121714512073331E-003   6.0044258659275969E-003
   2.7869999408721924       -2.3395593485235297E-003   6.5895730092269044E-003
   2.7899999618530273       -2.2508244602375436E-003   7.1896751240002367E-003
   2.7929999828338623       -2.1467627635511958E-003   7.8025848947887253E-003
   2.7960000038146973       -2.0282755145736484E-003   8.4263834431604432E-003
   2.7990000247955322       -1.8963613540599875E-003   9.0595653919035811E-003
   2.8020000457763672       -1.7521099125554108E-003   9.7013517895438665E-003
   2.8050000667572021       -1.5966924782835257E-003   1.0352228241461293E-002
   2.8080000877380371       -1.4313529400530938E-003   1.1014845765915653E-002
   2.8110001087188721       -1.2573989563617906E-003   1.1695895119223214E-002
   2.8139998912811279       -1.0762062517355982E-003   1.2409958583478712E-002
   2.8169999122619629       -8.8915013696294761E-004   1.3189278129043486E-002
   2.8199999332427979       -6.9768168644146662E-004   1.4111123604165839E-002
   2.8229999542236328       -5.0325966155574718E-004   1.5402185619576928E-002
   2.8259999752044678       -3.0735388430694376E-004   1.8079997929387248E-002
   2.8289999961853027       -1.1143418371357986E-004   4.8068467522319122E-002
   2.8320000171661377        8.3040440412692892E-005  -7.2478350340178695E-003
   2.8350000381469727        2.7463263192074806E-004  -1.1253406794035995E-002
   2.8380000591278076        4.6193730645896724E-004  -1.2623962362650813E-002
   2.8410000801086426        6.4359181465647032E-004  -1.3385301039556549E-002
   2.8440001010894775        8.1828620022167669E-004  -1.3885951728381554E-002
   2.8469998836517334        9.8475950156196208E-004  -1.4234315620098189E-002
   2.8499999046325684        1.1418613431960984E-003  -1.4474616690619672E-002
   2.8529999256134033        1.2884808441337126E-003  -1.4627907309603269E-002
   2.8559999465942383        1.4236079878975811E-003  -1.4705447546494249E-002
   2.8589999675750732        1.5463275790611039E-003  -1.4713817623865619E-002
   2.8619999885559082        1.6558250192615094E-003  -1.4657226314660694E-002
   2.8650000095367432        1.7513924315531589E-003  -1.4538660109600705E-002
   2.8680000305175781        1.8324338258318890E-003  -1.4360489764621922E-002
   2.8710000514984131        1.8984677893115220E-003  -1.4124809509676468E-002
   2.8740000724792480        1.9491321001045725E-003  -1.3833638551686100E-002
   2.8770000934600830        1.9841844387776092E-003  -1.3489053634543299E-002
   2.8800001144409180        2.0035044931684285E-003  -1.3093259746587751E-002
   2.8829998970031738        2.0070943500205452E-003  -1.2648671416166104E-002
   2.8859999179840088        1.9950774527224082E-003  -1.2157789048570735E-002
   2.8889999389648438        1.9676953225421520E-003  -1.1623443805056085E-002
   2.8919999599456787        1.9253080446801267E-003  -1.1048639910044440E-002
   2.8949999809265137        1.8683886622289452E-003  -1.0436599087080580E-002
   2.8980000019073486        1.7975204518422838E-003  -9.7907478224681758E-003
   2.9010000228881836        1.7133904504871894E-003  -9.1147035696927687E-003
   2.9040000438690186        1.6167840948461327E-003  -8.4122563625913162E-003
   2.9070000648498535        1.5085785806085239E-003  -7.6873552490595394E-003
   2.9100000858306885        1.3897354482443032E-003  -6.9440791026670109E-003
   2.9130001068115234        1.2612923610814915E-003  -6.1866158413552896E-003
   2.9159998893737793        1.1243660594507071E-003  -5.4193015705625014E-003
   2.9189999103546143        9.8009889684723731E-004  -4.6463411930287588E-003
   2.9219999313354492        8.2971450547347694E-004  -3.8721542646233190E-003
   2.9249999523162842        6.7446548753257655E-004  -3.1011002339801498E-003
   2.9279999732971191        5.1563340509735176E-004  -2.3375097163105068E-003
   2.9309999942779541        3.5451866448779189E-004  -1.5856574197409235E-003
   2.9340000152587891        1.9242999455946144E-004  -8.4973200744693441E-004
   2.9370000362396240        3.0674027319483255E-005  -1.3380773313014248E-004
   2.9400000572204590       -1.2945518960718973E-004   5.5818260822511367E-004
   2.9430000782012939       -2.8668646331854252E-004   1.2224755002350331E-003
   2.9460000991821289       -4.3978147452177358E-004   1.8555019856914576E-003
   2.9489998817443848       -5.8753312725513579E-004   2.4538673123262744E-003
   2.9519999027252197       -7.2882137033552011E-004   3.0145600436308393E-003
   2.9549999237060547       -8.6255172008157968E-004   3.5346891185023400E-003
   2.9579999446868896       -9.8771086674666331E-004   4.0116970422581300E-003
   2.9609999656677246       -1.1033628286557732E-003   4.4433277965221039E-003
   2.9639999866485596       -1.2086561919038839E-003   4.8276430635751091E-003
   2.9670000076293945       -1.3028299244571815E-003   5.1630346285049663E-003
   2.9700000286102295       -1.3852199832280979E-003   5.4482365866487734E-003
   2.9730000495910645       -1.4552635551157358E-003   5.6823331467957591E-003
   2.9760000705718994       -1.5125028808568178E-003   5.8647636448583215E-003
   2.9790000915527344       -1.5565894864737948E-003   5.9953272725101611E-003
   2.9820001125335693       -1.5872851993533866E-003   6.0741820624191575E-003
   2.9849998950958252       -1.6044635513382092E-003   6.1018441525666376E-003
   2.9879999160766602       -1.6081139179668030E-003   6.0791867893106640E-003
   2.9909999370574951       -1.5983333135750097E-003   6.0074189051458442E-003
   2.9939999580383301       -1.5753312175631577E-003   5.8880895937488079E-003
   2.9969999790191650       -1.5394255807829223E-003   5.7230702922525748E-003
   3.0000000000000000       -1.4910389358358286E-003   5.5145397971047760E-003
