   10054864.185691414        10054797.513760135     
   10053716.673872082        10053440.055040535     
   10051822.140674071        10051177.624262614     
   10049194.967691444        10048010.220162138     
   10045849.247936193        10043937.844705693     
   10041798.782689163        10038960.497050455     
   10037057.086355926        10033078.175229842     
   10031637.390783634        10026290.880648555     
   10025552.643953690        10018598.613306595     
   10018815.517961644        10010001.378822772     
   10011438.400498888        10000499.166521346     
   10003433.410728412        9990091.9882018175     
   9994812.3784588315        9978779.8236364778     
   9985586.8989138547        9966562.7009193655     
   9975768.2599047143        9953440.5897089150     
   9965367.5230228137        9939413.5225942191     
   9954395.4546486009        9924481.4838426113     
   9942862.5679168347        9908644.4532263801     
   9930779.1595481969        9891902.4700771887     
   9918155.2169283926        9874255.5152910836     
   9905000.5069315042        9855703.5652690735     
   9891324.5435399115        9836246.6660853848     
   9877136.6192003340        9815884.7952647842     
   9862445.7369492408        9794617.9528072737     
   9847260.6451628767        9772446.0825247653     
   9831589.9996506944        9749369.2945459075     
   9815442.0680736918        9725387.5349301398     
   9798824.9681944530        9700500.8036774602     
   9781746.5285096169        9674709.1007878687     
   9764214.3703683987        9648012.3588356618     
   9746236.0207816288        9620410.7104247250     
   9727818.6204691585        9591904.0903768763     
   9708969.1998538319        9562492.4986921158     
   9689694.4914799482        9532175.9353704434     
   9670001.1111738160        9500954.4004118610     
   9649895.3520687465        9468827.8129055221     
   9629383.5465230644        9435796.3324255943     
   9608471.5525814444        9401859.8803087529     
   9587165.1610520408        9367018.4565550014     
   9565470.0200038552        9331272.0611643363     
   9543391.3985922672        9294620.6019883007     
   9520934.6535970476        9257064.2610762920     
   9498104.8440586869        9218603.0451708771     
   9474906.6559973042        9179236.6643415391     
   9451344.8168020323        9138965.3073802404     
   9427424.0548504405        9097789.1810591388     
   9403148.4111167751        9055707.8763289712     
   9378522.2445658650        9012721.8112290930     
   9353549.4440856315        8968830.5587300584     
   9328233.9124460295        8924034.3300990611     
   9302579.5366559196        8878333.3545834981     
   9276589.5366562214        8831727.1781836338     
   9250267.6177892201        8784216.2638892923     
   9223616.6931926850        8735800.1397205591     
   9196640.0727378428        8686479.0394198634     
   9169340.8577080593        8636253.2147098389     
   9141721.5743146986        8585122.1666402761     
   9113785.2172142621        8533086.4031514712     
   9085534.0435764082        8480145.4073130414     
   9056970.6306589022        8426299.4353426471     
   9028097.4908199906        8371548.7614381602     
   8998916.4531036019        8315892.8416988989     
   8969429.9721378423        8259332.2290156325     
   8939639.6964143086        8201866.3615075042     
   8909547.7009786833        8143495.8100454593     
   8879155.5245757885        8084219.9947684631     
   8848464.9130341895        8024039.2033595042     
   8817477.5762572102        7962953.7414817754     
   8786194.5662317220        7900963.0023039486     
   8754617.6577801090        7838067.6016474403     
   8722747.7147961836        7774266.9147007465     
   8690586.0846043881        7709561.2516220901     
   8658134.0391142797        7643950.9405498989     
   8625392.1781486198        7577435.3297023736     
   8592361.7392285541        7510015.0798514038     
   8559043.3953558728        7441689.5212350115     
   8525437.8885371424        7372458.9864866566     
   8491546.1283633448        7302323.8262200030     
   8457368.5094637536        7231283.3437027801     
   8422905.7797778565        7159338.2446573479     
   8388158.3024056880        7086487.8143712580     
   8353126.4967419757        7012732.4079532055     
   8317811.0913645281        6938072.3984920885     
   8282212.0291922875        6862507.0443051681     
   8246329.9872690178        6786037.0960652735     
   8210165.0391183067        6708662.1806835057     
   8173716.9896038249        6630381.5160217360     
   8136986.7578479107        6551196.6573661556     
   8099974.1885180278        6471106.8315687031     
   8062678.9867105512        6390111.2295209579     
   8025101.8929966073        6308211.4604496937     
   7987242.7874023477        6225406.7242365573     
   7949101.1916297916        6141696.1848028367     
   7910677.9156876346        6057081.5053158887     
   7871972.5660219947        5971561.8586870674     
   7832985.0965114161        5885137.2449163748     
   7793715.2128209826        5797806.7919647386     
   7754163.7230539173        5709572.2349202335     
   7714330.0884343097        5620432.7107338561     
   7674213.8909047507        5530387.3203962445     
   7633815.9638511110        5439437.8529360555     
   7593135.9150155354        5347583.4183339933     
   7552173.5952080674        5254824.0165900597     
   7510928.9147570273        5161158.7127345325     
   7469402.5155412750        5066589.3677167865     
   7427593.9306160389        4971115.0555571681     
   7385503.1560218111        4874734.8143156664     
   7343130.9190585092        4777450.5588822365     
   7300476.9927229555        4679261.3363069333     
   7257541.0277400771        4580166.1576794563     
   7214324.3327871105        4480166.9918303415     
   7170826.4895969778        4379262.8588393545     
   7127047.8206726648        4277453.7587064952     
   7082988.4829321103        4174738.6665611025     
   7038649.3502781251        4071119.6231544307     
   6994030.6964368364        3966595.6126058875     
   6949132.6913675526        3861165.5830745194     
   6903956.3857381931        3754831.6292521637     
   6858502.2547210027        3647592.7082879357     
   6812770.6732408721        3539447.7413705923     
   6766762.9002349386        3430398.8771325517     
   6720479.6444181111        3320445.0457526399     
   6673921.5327733047        3209586.2472308548     
   6627089.4426984284        3097821.3667955967     
   6579985.1486096596        2985152.6250000000     
   6532609.3286803123        2871578.9160625311     
   6484962.9473411366        2757099.0982412966     
   6437048.2608328601        2641715.4460300161     
   6388865.8311105659        2525426.8266768623     
   6340417.7286616405        2408233.2401818372     
   6291704.9220509436        2290133.5088426881     
   6242729.8834779384        2171129.9790738504     
   6193494.2133085476        2051221.4821631406     
   6143999.4166045226        1930406.8134380160     
   6094248.3141589137        1808688.3732534936     
   6044242.8672901336        1686064.9659270998     
   5993984.7219237331        1562535.3598159999     
   5943477.0681704786        1438102.0092157926     
   5892722.4765287666        1312763.6914737150     
   5841723.1497228555        1186520.4065897632     
   5790481.6998815462        1059370.8869607486     
   5739001.8572343662        931317.65880298615     
   5687286.0502779922        802359.46350334957     
   5635337.5550573459        672495.00648836046     
   5583160.0567556676        541726.86791491322     
   5530756.8909803005        410053.76219959371     
   5478131.0634602262        277474.36779862642     
   5425287.4248355972        143991.31880949624     
   5372229.5329651013        9603.3026784919202     
   5318961.0058551850        125689.68059438467     
   5265485.9590728674        261888.98851326481     
   5211809.6312122457        398991.91505995393     
   5157936.2172669806        536999.80874851532     
   5103869.5642393595        675914.05405337177     
   5049615.9140912779        815731.89101574384     
   4995179.4436169062        956454.69511998817     
   4940565.4135689139        1098082.4663661066     
   4885778.8565222370        1240616.6251888778     
   4830825.9162321687        1384054.3397088069     
   4775711.9693905851        1528397.0213706084     
   4720442.5705908313        1673646.1175793558     
   4665024.3812541366        1819798.7425149679     
   4609463.1715311212        1966856.3345924541     
   4553764.7539925408        2114820.3681871779     
   4497936.8570161248        2263687.9035384748     
   4441985.3757198174        2413460.4060316458     
   4385917.3261011150        2564137.8756666873     
   4329739.0948550459        2715721.8227793258     
   4273458.5909072021        2868210.7550140582     
   4217084.1580832740        3021601.6157389060     
   4160621.1173210144        3175900.5002375189     
   4104079.5117925932        3331101.2772659771     
   4047464.8810212417        3487210.1140284706     
   3990786.4169174056        3644223.9359130580     
   3934053.6249967138        3802139.5963869095     
   3877272.4375400678        3960963.3705353774     
   3820452.7111531622        4120692.1298059411     
   3763604.1878444990        4281322.6737251859     
   3706733.6092475080        4442861.3852596283     
   3649851.2023784206        4605305.0819161683     
   3592967.0715021552        4768650.5092808045     
   3536088.6167863025        4932904.1582012232     
   3479226.4175008382        5098062.7922437377     
   3422391.2056351490        5264123.1030537691     
   3365590.7405072828        5431091.6893601641     
   3308836.0738266991        5598965.2607886530     
   3252138.4003768684        5767740.4550440777     
   3195505.9596334994        5937423.9787364472     
   3138951.2769234665        6108009.0892954804     
   3082482.7569438987        6279502.5652517304     
   3026112.3178855046        6451901.0263300743     
   2969851.7195672798        6625201.0203345008     
   2913709.9416667386        6799409.4336767271     
   2857699.0120615489        6974522.8321410455     
   2801831.3454360371        7150537.7095908672     
   2746116.0434685457        7327461.0603190660     
   2690565.6231613304        7505289.3961693607     
   2635192.8294443190        7684019.1570645757     
   2580007.1257782839        7863657.4451787509     
   2525021.1954785292        8044200.7184150219     
   2470248.0660813004        8225645.3627556302     
   2415697.3857450075        8407998.5882557780     
   2361382.4908491536        8591256.7988780253     
   2307316.2365695289        8775416.3266640268     
   2253508.8042934989        8960484.4895501509     
   2199974.4003532506        9146453.9336397611     
   2146723.2210725313        9333332.0487897657     
   2093768.4945311241        9521115.1490618698     
   2041123.7186086606        9709799.4765968733     
   1988799.2574694443        9899392.5291328542     
   1936808.3005997920        10089890.566790931     
   1885164.4013922550        10281289.777771328     
   1833877.7875143047        10473597.767693281     
   1782962.1527803014        10666810.742737334     
   1732430.6688692896        10860924.837163124     
   1682293.7256449517        11055947.764471054     
   1632564.8259360995        11251875.676901083     
   1583257.1712890686        11448704.654772267     
   1534381.0010677462        11646442.519466173     
   1485949.5574889611        11845085.369282175     
   1437976.0903039356        12044629.230598751     
   1390470.6172544479        12245082.032678634     
   1343446.2499933124        12446439.819880612     
   1296915.6550620229        12648698.564642582     
   1250888.8708950432        12851866.304108441     
   1205379.4673888995        13055934.965174019     
   1160397.2948399631        13260912.656903759     
   1115954.5725035998        13466795.333755590     
   1072063.5309333447        13673578.878266562     
   1028733.5842459976        13881271.507382277     
   985976.57653140021        14089869.121620085     
   943804.30672389932        14299367.549576450     
   902225.66499344062        14509775.116078138     
   861251.92070645129        14721087.667701922     
   820894.17149263259        14933300.979103681     
   781160.79013402236        15146423.482991345     
   742062.44948886125        15360450.972001106     
   703609.45857745549        15575379.166848257     
   665809.64247157110        15791216.608121898     
   628672.82346840645        16007959.034517631     
   592208.50458687171        16225602.112810176     
   556423.73103672534        16444154.491469793     
   521328.24852488417        16663607.486065947     
   486928.45748711197        16883969.816989440     
   453232.83805689868        17105237.133035030     
   420249.22120397823        17327405.011076581     
   387983.30023773760        17550482.279386047     
   356442.35574835411        17774464.532817613     
   325633.21936785022        17999347.294304557     
   295560.64985530806        18225139.500000000     
   266230.75863439578        18451836.690817542     
   237649.25727258570        18679434.335749876     
   209819.76983734351        18907941.478831295     
   182747.23028195763        19137353.607034814     
   156436.07994432555        19367666.135412540     
   130888.84652065377        19598888.215879936     
   106109.10440558603        19831015.281469427     
   82100.035359451285        20064042.693292551     
   58862.864471726556        20297979.711145919     
   36400.293761283741        20532817.039272651     
   14712.738188322968        20768564.009389903     
  -6198.5129848777160        21005215.964629248     
  -26332.705527928956        21242768.176201373     
  -45690.758270768034        21481230.083704598     
  -64272.873662644372        21720596.976329919     
  -82079.785465637324        21960864.071347438     
  -99113.813888849341        22202040.916236639     
  -115376.70869667303        22444122.746247936     
  -130870.74742519035        22687104.724710848     
  -145599.67769667780        22930996.506986026     
  -159566.83122052546        23175793.274383295     
  -172776.09200694488        23421490.136291601     
  -185232.65460834210        23668096.855952755     
  -196941.46395961693        23915608.560736001     
  -207908.05562630660        24164020.306089699     
  -218139.03346314127        24413341.963136829     
  -227640.85274551617        24663563.624794133     
  -236421.15576685322        24914695.234105140     
  -244487.60681376437        25166731.828538246     
  -251848.40272900320        25419668.373640947     
  -258512.66788989239        25673514.920337930     
  -264489.74440218456        25928266.452157006     
  -269789.37149582029        26183917.880705096     
  -274422.27693906840        26440479.364788055     
  -278399.20730393322        26697945.833993107     
  -281731.59836658940        26956312.145986602     
  -284431.48876125686        27215588.567455530     
  -286511.30398914492        27475769.974046558     
  -287983.93279909750        27736851.169485442     
  -288862.88618230377        27998842.528340347     
  -289161.91080257791        28261738.872317351     
  -288895.42552347545        28525534.951201625     
  -288078.18130331347        28790241.247442514     
  -286725.39962570334        29055852.528805494     
  -284852.86883255263        29322363.491135158     
  -282476.57772467152        29589784.724762015     
  -279613.04411890986        29858105.603395298     
  -276279.11775818298        30127336.789286032     
  -272492.01148612489        30397472.960298866     
  -268269.64409201487        30668508.722377539     
  -263629.61324927973        30940454.845654249     
  -258590.52496504222        31213305.954053059     
  -253170.91203230861        31487056.599577129     
  -247389.59848029583        31761717.660239816     
  -241265.91131531456        32037283.706024602     
  -234819.46929199493        32313749.234994061     
  -228069.75238017179        32591125.233042724     
  -221036.84908829685        32869406.216213487     
  -213740.95931027687        33148586.628628336     
  -206202.26888173248        33428677.564062975     
  -198441.32307435878        33709673.484619714     
  -190478.94117108639        33991568.780479953     
  -182335.59735816714        34274374.653300568     
  -174032.52663358493        34558079.865464427     
  -165590.24216635985        34842695.690548919     
  -157029.90497326342        35128216.500755511     
  -148372.58660205227        35414636.596364759     
  -139639.10189364955        35701967.358835228     
  -130850.61503101753        35990203.106427796     
  -122027.87612700713        36279338.085482433     
  -113191.78181556010        36569383.785338879     
  -104362.89894422662        36860334.470317423     
  -95562.144405721818        37152184.332817450     
  -86809.658256043665        37444944.970059872     
  -78125.651942400582        37738610.592424393     
  -69530.475724008807        38033175.338369817     
  -61043.402094279867        38328650.912998214     
  -52684.272018361386        38625031.472748712     
  -44472.381187381441        38922311.102139525     
  -36426.365056909905        39220501.614153899     
  -28564.912925906734        39519591.159848332     
  -20905.944534008890        39819591.624126583     
  -13467.402904200135        40120497.073526926     
  -6266.6651783414309        40422301.502666749     
   679.73821387891348        40725016.904330976     
   7355.2652320405623        41028637.291117303     
   13744.164749526484        41333162.663025722     
   19831.018736296312        41638593.020056233     
   25601.125819388704        41944916.171641544     
   31040.568805732128        42252156.462955624     
   36135.837603537417        42560301.739391804     
   40873.851937968830        42869352.000950076     
   45242.674766986231        43179307.247630447     
   49230.499805889689        43490155.109063908     
   52826.896273204125        43801920.290027849     
   56021.676745087170        44114590.456113882     
   58805.522852314469        44428165.607322007     
   61170.052706478178        44742645.743652232     
   63107.365653599845        45058030.865104556     
   64610.759713124324        45374308.385547638     
   65674.084106696377        45691503.441283524     
   66292.147793845565        46009603.482141510     
   66460.635890492063        46328608.508121587     
   66175.988825563356        46648518.519223765     
   65435.780349336797        46969333.515448034     
   64238.290044374065        47291040.694900744     
   62582.722351253651        47613665.625408582     
   60469.242928393258        47937195.541038513     
   57898.976110509779        48261630.441790543     
   54873.979134710644        48586970.327664673     
   51397.385976857026        48913202.216965526     
   47472.814373318368        49240352.037123218     
   43105.341054445955        49568406.842403010     
   38300.746305927474        49897366.632804893     
   33065.823177190556        50227231.408328876     
   27408.306752746892        50558001.168974951     
   21337.128733165675        50889662.717285432     
   14861.382286562904        51222242.412215076     
   7991.8586583509614        51555727.092266820     
   740.00355909908910        51890116.757440656     
  -6881.8152882689328        52225411.407736585     
  -14860.338841909801        52561611.043154612     
  -23181.092843307804        52898702.250474714     
  -31829.730451769017        53236711.820176311     
  -40790.072911174313        53575626.375000000     
  -50045.441399213087        53915445.914945789     
  -59578.353007188649        54256170.440013669     
  -69370.145106607903        54597786.357181922     
  -79402.585244105736        54940320.816533372     
  -89655.498445592326        55283760.261006922     
  -100108.42277833687        55628104.690602563     
  -110740.26896788865        55973354.105320297     
  -121529.22765463470        56319508.505160131     
  -132452.52788950087        56666554.081338003     
  -143488.05809697651        57014518.415461406     
  -154611.89670435252        57363387.734706908     
  -165800.06414159227        57713162.039074495     
  -177028.18812569309        58063841.328564182     
  -188271.29490076812        58415425.603175968     
  -199503.83897975876        58767900.838363469     
  -210701.18697963480        59121295.047258824     
  -221836.91216841276        59475594.241276264     
  -232885.09420064313        59830798.420415804     
  -243819.48690467881        60186907.584677443     
  -254613.19127564100        60543907.529713094     
  -265240.60033181449        60901826.628258303     
  -275674.84716667002        61260650.711925611     
  -285889.43966512446        61620379.780715004     
  -295857.95485158748        61981013.834626496     
  -305554.00043841446        62342552.873660088     
  -314951.26517680375        62704982.477705359     
  -324024.52808774146        63068331.451022521     
  -332747.90114069992        63432585.409461766     
  -341096.03481069661        63797744.353023112     
  -349044.07522245945        64163808.281706557     
  -356567.82779582567        64530777.195512101     
  -363643.04026615544        64898636.458566993     
  -370246.97487623245        65267415.306656107     
  -376356.65712008381        65637099.139867306     
  -381950.19311126554        66007687.958200604     
  -387006.32606890850        66379181.761656001     
  -391504.42421497160        66751565.734559044     
  -395425.33834220981        67124869.472298011     
  -398750.06095738563        67499078.195159063     
  -401460.93865044805        67874191.903142229     
  -403541.22120018426        68250210.596247479     
  -404975.21610123914        68627134.274474815     
  -405748.42283345835        69004947.906387493     
  -405847.46995423827        69383681.518898398     
  -405260.08296884183        69763320.116531417     
  -403975.37563646707        70143863.699286520     
  -401983.64919595467        70525312.267163724     
  -399276.43966326257        70907665.820163012     
  -395847.09354782547        71290909.111085311     
  -391689.73619085818        71675072.598368168     
  -386800.33480588440        72060141.070773125     
  -381176.20541552285        72446114.528300181     
  -374816.33867773513        72832992.970949337     
  -367721.20264252112        73220760.971719772     
  -359892.29121340963        73609449.348652497     
  -351333.33846538467        73999042.710707307     
  -342049.40083711233        74389541.057884216     
  -332047.21662854339        74780944.390183225     
  -321334.99295182654        75173252.707604334     
  -309923.25161561952        75566450.367384389     
  -297822.60983378696        75960568.619089067     
  -285046.74193943950        76355591.855915830     
  -271610.38535570377        76751520.077864692     
  -257530.02980102066        77148353.284935653     
  -242823.72237143773        77546091.477128699     
  -227511.79089309654        77944718.795918390     
  -211614.29283160344        78344266.922395006     
  -195154.62980767468        78744720.033993721     
  -178157.15222790022        79146078.130714536     
  -160647.73229782018        79548341.212557450     
  -142653.79012933967        79951509.279522449     
  -124204.83968122532        80355566.257321760     
  -105329.67245683838        80760544.258570328     
  -86060.569587335340        81166427.244940996     
  -66430.452888015294        81573215.216433764     
  -46473.503456847866        81980908.173048630     
  -26225.912454723519        82389489.860696077     
  -5722.6109891855940        82798992.751594514     
   14997.960269869511        83209400.627615035     
   35897.141561867706        83620713.488757655     
   56935.312162937043        84032931.335022360     
   78071.972472559370        84446054.166409180     
   99264.943137101902        84860065.513066247     
   120473.90236435381        85274998.278736636     
   141655.26546302816        85690836.029529110     
   162765.80529278278        86107578.765443668     
   183761.77379741002        86525226.486480340     
   204599.10449722671        86943779.192639098     
   225232.48694525310        87363220.198305801     
   245618.99545545239        87783582.838748127     
   265713.12841481995        88204850.464312553     
   285470.15891444572        88627023.074999079     
   304845.45469497034        89050100.670807689     
   323793.90350762854        89474066.386322543     
   342272.93380463950        89898953.916414723     
   360238.08664853906        90324746.431629002     
   377646.30274727248        90751443.931965381     
   394454.89315106842        91179046.417423859     
   410622.23171870084        91607553.888004422     
   426106.67820820218        92036949.262528896     
   440869.47644620278        92467266.667393029     
   454871.10636813386        92898489.057379261     
   468073.75452771399        93330616.432487592     
   480441.03518346953        93763648.792718008     
   491937.69997421704        94197586.138070524     
   502529.74864686717        94632411.171604618     
   512185.96396455076        95068158.451240703     
   520875.48567447253        95504810.715998888     
   528569.73860184976        95942367.965879172     
   535242.01965791942        96380830.200881541     
   540867.31498677831        96820179.944263786     
   545423.34896940924        97260452.113549724     
   548889.33924769226        97701629.267957762     
   551246.85980672913        98143711.407487899     
   552479.86708455835        98586698.532140121     
   552574.59627358976        99030590.641914442     
   551519.80173392280        99475370.044306323     
   549306.79821207048        99921072.088364214     
   545929.26264619699        100367679.11754419     
   541383.62151228182        100815191.13184628     
   535668.95840280724        101263608.13127045     
   528786.97312595719        101712930.11581673     
   520742.54581701191        102163139.17721823     
   511542.20740541897        102614271.09604806     
   501196.42455167836        103066308.00000000     
   489717.99522484664        103519249.88907403     
   477122.53778397717        103973096.76327017     
   463429.14645828714        104427830.53451981     
   448658.02436009515        104883487.34299950     
   432833.83267581242        105340049.13660130     
   415983.41147321637        105797515.91532518     
   398136.42502734845        106255887.67917117     
   379325.20091637160        106715164.42813925     
   359585.62552074157        107175327.85839851     
   338953.85447443696        107636414.54165016     
   317470.83736507565        108098406.21002391     
   295179.36651506089        108561302.86351974     
   272124.67132916214        109025104.50213768     
   248354.33884903567        109489811.12587771     
   223919.18584608892        109955404.21514660     
   198869.29752177559        110421920.77317020     
   173259.76179935859        110889342.31631589     
   147146.64561999688        111357668.84458368     
   120587.90020262147        111826900.35797356     
   93644.273807604783        112297018.15709060     
   66374.917931238408        112768059.60476406     
   38843.641729267139        113240006.03755961     
   11114.528286186171        113712857.45547725     
  -16747.159618909543        114186613.85851699     
  -44675.125046539149        114661275.24667883     
  -72601.097989634174        115136822.70480549     
  -100459.42775639739        115613294.02725090     
  -128180.58276898059        116090670.33481839     
  -155695.78065397171        116568951.62750798     
  -182936.02321562089        117048137.90531968     
  -209832.31436994168        117528229.16825347     
  -236314.82528804668        118009206.28538975     
  -262317.11141459667        118491107.48260711     
  -287770.21319141885        118973913.66494656     
  -312606.83617692062        119457624.83240810     
  -336760.75671595993        119942240.98499174     
  -360165.73475697642        120427742.81197618     
  -382759.78036959923        120914168.89884339     
  -404479.47423891799        121401499.97083269     
  -425264.04157342733        121889736.02794410     
  -445054.43993607553        122378877.07017760     
  -463793.88856554701        122868923.09753318     
  -481426.92412235739        123359854.58352725     
  -497902.61579020944        123851710.54516640     
  -513170.59134528879        124344471.49192765     
  -527183.71471790108        124838137.42381102     
  -539897.94366384146        125332708.34081647     
  -551272.14959809824        125828184.24294400     
  -561268.05372686579        126324545.38794768     
  -569852.04382890137        126821831.22435880     
  -576992.46766197425        127320022.04589200     
  -582662.05795872572        127819117.85254732     
  -586836.98279847309        128319118.64432472     
  -589497.35178519296        128820004.49917653     
  -590627.44227849226        129321815.22523749     
  -590215.36702762742        129824530.93642056     
  -588253.17284200364        130328151.63272572     
  -584737.47752070904        130832677.31415299     
  -579668.92711964902        131338107.98070231     
  -573052.71638399479        131844423.49456379     
  -564897.85797395965        132351664.09539670     
  -555218.11965842487        132859809.68135172     
  -544031.68008537940        133368860.25242883     
  -531360.95408936520        133878815.80862802     
  -517232.78975650598        134389676.34994933     
  -501679.03561205743        134901421.52282038     
  -484733.83229765110        135414091.99842528     
  -466437.57327291399        135927667.45915222     
  -446834.04101916897        136442147.90500128     
  -425971.29002675478        136957533.33597243     
  -403901.26496712264        137473823.75206569     
  -380680.77439492941        137990998.58394641     
  -356367.66073639260        138509098.93432322     
  -331026.14624721825        139028104.26982212     
  -304722.99159196275        139548014.59044313     
  -277528.30281174707        140068829.89618623     
  -249516.52847010235        140590529.43791509     
  -220761.70622476222        141113154.67794177     
  -191344.03505703184        141636684.90309054     
  -161345.08727793995        142161120.11336139     
  -130848.91329376069        142686460.30875435     
  -99941.625699118638        143212705.48926941     
  -68712.482211176408        143739834.69000790     
  -37248.694691468299        144267889.80480650     
  -5642.5431594399533        144796849.90472722     
   26013.772451090150        145326714.98977005     
   57627.206617172706        145857485.05993494     
   89104.132297536547        146389160.11522198     
   120349.38384799365        146921718.97497007     
   151271.50281003379        147455203.96454063     
   181775.59543591764        147989593.93923330     
   211768.59172143490        148524888.89904806     
   241158.29836518355        149061088.84398493     
   269852.51878569979        149598172.41358119     
   297763.98433764715        150136182.29280162     
   324803.72453336086        150675097.15714413     
   350886.00692825619        151214917.00660875     
   375927.45609960012        151755641.84119546     
   399847.34204923944        152297271.66090429     
   422566.90540298645        152839784.88951015     
   444013.36429499858        153383224.64350253     
   464114.68439630262        153927569.38261700     
   482803.37420795392        154472819.10685357     
   500016.09311706229        155018973.81621224     
   515693.69003590057        155566033.51069301     
   529780.92050626187        156113976.39830852     
   542228.81691495061        156662846.02707285     
   552991.78407835099        157212620.64095926     
   562029.77595867636        157763300.23996779     
   569308.08696978202        158314884.82409841     
   574797.23255322932        158867352.42156205     
   578473.93780480209        159420746.93997625     
   580320.03002118273        159975046.44351253     
   580323.34402358497        160530250.93217090     
   578477.71597181738        161086360.40595138     
   574783.05911855935        161643374.86485395     
   569245.38082673738        162201272.12132719     
   561876.29015372286        162760096.51451334     
   552694.14697867353        163319825.89282158     
   541723.22555327264        163880460.25625190     
   528993.83655713964        164441999.60480434     
   514542.34489276673        165004443.93847886     
   498411.85027583281        165567770.85396174     
   480649.38008939038        166132025.12191981     
   461309.53152613045        166697184.37500000     
   440452.08128584264        167263248.61320227     
   418142.15207119635        167830217.83652666     
   394451.31411562546        168398069.46185771     
   369453.26762072422        168966848.61946565     
   343229.54778171197        169536532.76219568     
   315865.27779821627        170107121.89004782     
   287450.21293940052        170678616.00302204     
   258078.01274437612        171251015.10111836     
   227847.60301941587        171824296.38545904     
   196857.72417580982        172398505.41783893     
   165213.90677549056        172973619.43534091     
   133023.42161321361        173549638.43796501     
   100396.01362006829        174126562.42571118     
   67443.589069812006        174704391.39857945     
   34281.128014780748        175283102.34192973     
   1021.0415781671069        175862741.24908158     
  -32219.350609846137        176443285.14135551     
  -65323.474723045103        177024734.01875156     
  -98174.612264524636        177607087.88126969     
  -130655.03412861979        178190323.53446811     
  -162651.59030991531        178774487.33126980     
  -194048.36335288393        179359556.11319360     
  -224732.27706286206        179945529.88023949     
  -254592.25493801106        180532408.63240749     
  -283519.63003029244        181120192.36969757     
  -311407.48935575725        181708857.68190563     
  -338155.36409817298        182298451.35347927     
  -363663.24529591168        182888950.01017502     
  -387836.10704655293        183480353.65199286     
  -410583.53549471695        184072662.27893281     
  -431819.80338551162        184665875.89099485     
  -451463.55679650459        185259970.86221251     
  -469441.38513913238        185854994.40855810     
  -485683.19213146187        186450922.94002581     
  -500125.90217056638        187047756.45661560     
  -512712.86003713612        187645494.95832750     
  -523393.67421580193        188244114.63939333     
  -532126.16287012363        188843663.07538876     
  -538873.92237887299        189444116.49650633     
  -543608.26854214980        190045474.90274596     
  -546308.23420082661        190647738.29410771     
  -546960.30193018157        191250882.68502170     
  -545558.84196679632        191854956.01066700     
  -542105.87686238391        192459934.32143441     
  -536611.35010736051        193065817.61732391     
  -529093.20545339363        193672605.89833552     
  -519577.10541648878        194280299.16446921     
  -508096.70862396387        194888897.41572499     
  -494693.32946412626        195498400.65210289     
  -479415.94035352871        196108808.87360287     
  -462321.12642849243        196720122.08022493     
  -443474.31717346323        197332291.58162117     
  -422943.43114263355        197945414.68656617     
  -400807.90903746389        198559442.77663329     
  -377152.29318251321        199174375.85182250     
  -352067.52470826334        199790213.91213381     
  -325650.54621322535        200406956.95756721     
  -298003.99623448408        201024604.98812273     
  -269235.88795103016        201643158.00380030     
  -239459.10913994006        202262616.00460002     
  -208790.99133581441        202882978.99052179     
  -177352.96329475095        203504246.96156567     
  -145272.60571834826        204126370.43625563     
  -112672.88182946965        204749448.30562246     
  -79686.963947066542        205373431.16011140     
  -46447.575254747695        205998318.99972239     
  -13088.980471290442        206624111.82445553     
   20253.593963586449        207250809.63431072     
   53444.475090074557        207878412.42928803     
   86348.137441482540        208506920.20938742     
   118829.72396423556        209136332.97460893     
   150755.68136506563        209766650.72495252     
   181994.24633606829        210397873.46041822     
   212413.70506620800        211029950.90840191     
   241892.49047669291        211662983.54219055     
   270305.28943505633        212296921.16110128     
   297533.25434561912        212931763.76513410     
   323462.14186529344        213567511.35428903     
   347982.77317072463        214204163.92856604     
   370991.62600001175        214841721.48796514     
   392391.14554967207        215480184.03248635     
   412090.40539299510        216119551.56212965     
   430005.40190712217        216759824.07689506     
   446059.40599569579        217401001.57678255     
   460183.49940885894        218043084.06179214     
   472316.03382889234        218686020.39627042     
   482406.34711058077        219329912.77960297     
   490409.73321055359        219974710.14805758     
   496291.18113423861        220620412.50163433     
   500025.02280254365        221267019.84033313     
   501594.68066931283        221914532.16415405     
   500993.07329389156        222562949.47309706     
   498222.60617344733        223212271.76716217     
   493295.21350887761        223862499.04634938     
   486232.35752637882        224513631.31065869     
   477064.89558218507        225165668.56009009     
   465834.22299302230        225818558.86786211     
   452588.07020721282        226472406.01561645     
   437386.03401970008        227127158.14849287     
   420295.62891859567        227782815.26649141     
   401393.11786880315        228439377.36961204     
   380763.04500073771        229096844.45785475     
   358497.87128910003        229755216.53121957     
   334697.77283605660        230414493.58970648     
   309470.04717631964        231074675.63331550     
   282928.78775045322        231735762.66204661     
   255194.25259761410        232397754.67589980     
   226394.84824842578        233060598.95696560     
   196657.15263585577        233724400.86914173     
   166119.23831505582        234389107.76643997     
   134920.90167689740        235054719.64886031     
   103205.28648143151        235721236.51640275     
   71118.268232183691        236388658.36906728     
   38807.739252737359        237056985.20685390     
   6422.9750645601307        237726217.02976263     
  -25886.097295318490        238396353.83779344     
  -57969.580576749067        239067395.63094634     
  -89678.322025769434        239739342.40922135     
  -120864.62260248854        240412194.17261845     
  -151380.54342570456        241085897.34017882     
  -181088.24668620396        241760559.00189885     
  -209846.17592723147        242436125.64874101     
  -237519.40376355921        243112597.28070524     
  -263977.95622869179        243789973.89779156     
  -289097.36385552655        244468255.50000000     
  -312759.37598232494        245147442.08733052     
  -334852.42825028405        245827533.65978315     
  -355272.37537931494        246508530.21735787     
  -373922.92108838347        247190431.76005468     
  -390716.11108002847        247873238.28787360     
  -405571.78185539565        248556895.42872769     
  -418422.44467213063        249241511.85486954     
  -429206.69149955473        249927033.26613349     
  -437874.33664440661        250613459.66251954     
  -444385.42585209419        251300791.04402769     
  -448710.55413341027        251989027.41065791     
  -450831.05675446801        252678168.76241025     
  -450738.98366134061        253368215.09928468     
  -448437.42416427360        254059166.42128119     
  -443940.37383714732        254751022.72839981     
  -437272.74788270978        255443784.02064052     
  -428470.26073712716        256137450.29800335     
  -417580.29667505086        256831966.32535201     
  -404658.12092741212        257527442.50103778     
  -389771.75591449218        258223823.66184562     
  -372998.31299347267        258921109.80777556     
  -354424.61503571476        259619300.93882763     
  -334146.61820222222        260318397.05500174     
  -312269.08518768055        261018398.15629798     
  -288904.98546749941        261719304.24271631     
  -264174.95601727767        262421115.31425673     
  -238206.76276996572        263123831.37091929     
  -211134.65688568383        263827452.41270387     
  -183100.89779571738        264531922.41334629     
  -154246.15841558386        265237353.35345387     
  -124722.09787196618        265943689.27868354     
  -94681.787746789691        266650930.18903530     
  -64281.108284872833        267359076.08450913     
  -33677.943242202484        268068126.96510506     
  -3031.3592162537325        268778082.83082312     
   27499.222013682185        269488943.68166322     
   57754.866122799387        270200709.51762545     
   87577.974973896198        270913380.33870977     
   116813.09480744945        271626956.14491624     
   145305.54713609818        272341380.11885238     
   172911.25352035786        273056765.82338172     
   199483.90120983127        273773056.51303321     
   224884.88162028868        274490252.18780679     
   248981.72562373179        275208352.84770244     
   271648.91782735178        275927358.49272019     
   292768.46848872007        276647269.12286001     
   312230.65281081374        277368084.73812193     
   329934.57996620599        278089805.33850598     
   345788.90865929658        278812430.92401212     
   359712.08414851542        279535961.49464035     
   371633.12894866290        280260397.05039066     
   381491.13479689375        280985679.91082144     
   389238.69364341069        281711925.36489469     
   394837.47439928609        282439075.80409008     
   398261.70678105828        283167131.22840750     
   399497.63931637799        283896091.63784707     
   398543.44117774873        284625957.03240871     
   395409.38076743926        285356727.41209245     
   390117.76587943459        286088402.77689832     
   382702.88345037302        286820983.12682623     
   373210.77038126439        287554468.46187627     
   361699.02018121077        288288858.78204840     
   348237.61561124242        289024095.61577290     
   332904.23751115444        289760295.83426797     
   315790.04086287518        290497401.03788513     
   296995.34306750336        291235411.22662443     
   276629.79984056979        291974326.40048575     
   254811.94853645182        292714146.55946922     
   231668.52642921725        293454871.70357478     
   207333.78530966188        294196501.83280241     
   181948.71554569446        294939036.94715220     
   155660.21366110229        295682477.04662400     
   128620.37479001402        296426822.13121796     
   100987.69537004502        297172012.93823618     
   72917.486111708975        297918167.92115307     
   44574.040290428937        298665227.88919204     
   16121.018312404651        299413192.84235311     
  -12277.352242064699        300162062.78063625     
  -40457.225285553439        300911837.70404154     
  -68256.086413528232        301662517.61256891     
  -95513.721986360091        302414102.50621837     
  -122073.14428020072        303166592.38498992     
  -147781.52104364548        303919987.24888355     
  -172491.09697095907        304674287.09789926     
  -196060.03441207690        305429491.93203712     
  -218351.62333344348        306185541.62554997     
  -239241.96308098114        306942556.35801071     
  -258610.22493840588        307700476.07559359     
  -276346.46051476721        308459300.77829856     
  -292350.48749289953        309219030.46612567     
  -306532.53091546206        309979665.13907480     
  -318813.75669438817        310741204.79714608     
  -329126.67808464845        311503649.44033945     
  -337415.82438423508        312266999.06865489     
  -343637.76591202716        313031253.68209243     
  -347761.67162377143        313796413.28065205     
  -349769.24921736080        314562416.94745862     
  -349655.48314641602        315329386.44434124     
  -347427.63310793298        316097260.92634588     
  -343106.09580922074        316866040.39347267     
  -336723.88857480203        317635724.84572154     
  -328326.72420787212        318406314.28309250     
  -317972.48903008748        319177808.70558560     
  -305731.09902867675        319950208.11320072     
  -291683.92174198403        320723512.50593799     
  -275923.46747886459        321497721.88379735     
  -258552.62945039693        322272836.24677879     
  -239685.76801599859        323048793.88687909     
  -219441.82661345613        323825718.14818352     
  -197952.61134297075        324603547.39460999     
  -175356.12519485698        325382281.62615860     
  -151797.10239643717        326161920.84282923     
  -127426.10570238743        326942465.04462200     
  -102398.64882998317        327723914.23153687     
  -76874.157676766597        328506268.40357387     
  -51015.009271176095        329289527.56073290     
  -24985.457221798144        330073691.70301408     
   1049.3555441593890        330858760.83041734     
   26924.480717870039        331644734.94294268     
   52474.190609614721        332431551.46953756     
   77541.133316868640        333219335.48038590     
   101965.14387646210        334008024.47635627     
   125592.45452512844        334797618.45744872     
   148274.62219369432        335588117.42366332     
   169869.47941566931        336379521.37500000     
   190242.09607174702        337171830.31145877     
   209265.62268778199        337965044.23303962     
   226822.11053652866        338759163.13974261     
   242803.35838747284        339554187.03156769     
   257111.49379960311        340350115.90851480     
   269658.83242156147        341146886.40840346     
   280372.20169045631        341944625.18367356     
   289187.50234338659        342743268.94406575     
   296054.24311849289        343542817.68958002     
   300934.84287860012        344343271.42021644     
   303804.83685571223        345144630.13597488     
   304653.04363528133        345946893.83685547     
   303481.72195325157        346750062.52285814     
   300306.51199796813        347554136.19398296     
   295156.26331258594        348359114.85022980     
   288073.04610004748        349164998.49159878     
   279111.65361900354        349971787.11808980     
   268340.27502413030        350779416.50447303     
   255836.51895080108        351588015.02928704     
   241691.97328784567        352397518.53922313     
   226008.25189286910        353207927.03428131     
   208897.24435246567        354019240.51446164     
   190480.24043737579        354831458.97976398     
   170887.16720959201        355644582.43018848     
   150255.66350922320        356458610.86573505     
   128730.21498194039        357273544.28640372     
   106461.09975307962        358089382.69219452     
   83603.393968452176        358906126.08310735     
   60317.775587198696        359723709.44278431     
   36761.995065903538        360542262.73202014     
   13100.875669489104        361361721.00637805     
  -10502.183629439709        362182084.26585805     
  -33884.501907720216        363003352.51046014     
  -56885.247531426372        363825525.74018431     
  -79346.547496006635        364648603.95503062     
  -101114.59264103224        365472587.15499896     
  -122040.70843749697        366297475.34008944     
  -141982.38137513993        367123268.51030201     
  -160804.27450377392        367949966.66563672     
  -178377.81618473690        368777503.99860740     
  -194587.60407088860        369606012.05226499     
  -209323.83304177586        370435425.09104472     
  -222488.73177509874        371265743.11494654     
  -233995.82439057977        372096966.12397045     
  -243770.60340292324        372929094.11811644     
  -251750.92588800736        373762127.09738451     
  -257887.56782155760        374596065.06177467     
  -262144.58063683729        375430908.01128697     
  -264499.39880436263        376266655.94592136     
  -264943.21170321316        377103308.86567783     
  -263480.87787710660        377940866.77055639     
  -260131.23811312157        378779262.99002171     
  -254925.85910533104        379618630.79322320     
  -247910.32479672809        380458903.58154684     
  -239142.97959145191        381300081.35499251     
  -228694.76482292500        382142164.11356032     
  -216648.64208199209        382985151.85725021     
  -203099.00988436036        383829044.58606219     
  -188151.01517783027        384673842.29999632     
  -171919.79897680753        385519544.99905246     
  -154529.60913752281        386366152.68323076     
  -136112.94717512454        387213665.35253114     
  -116811.11241371938        388062015.54529017     
  -96767.007819372709        388911338.11291349     
  -76133.227156713081        389761565.66565889     
  -55064.920549265931        390612698.20352644     
  -33720.099492040776        391464735.72651601     
  -12258.495806941646        392317678.23462772     
   9159.6405606869430        393171525.72786152     
   30374.729130421354        394026278.20621741     
   51229.052191875096        394881935.66969544     
   71567.923234157337        395738498.11829549     
   91240.863740235742        396595965.55201769     
   110101.25257706446        397454269.71807045     
   128013.34453031475        398313547.05011559     
   144844.31532634463        399173729.36728281     
   160471.31283268641        400034816.66957211     
   174780.89770800350        400896808.95698351     
   187669.79731499584        401759706.22951704     
   199045.82092373067        402623508.48717266     
   208828.43180240039        403488215.72995037     
   216949.46389905320        404353827.95785016     
   223353.57902339177        405220345.17087203     
   227998.68461951162        406087767.36901599     
   230856.27119892169        406956094.55228209     
   231911.66833938938        407825257.60482949     
   231164.25809083247        408695394.68641847     
   228627.01730864809        409566436.75312960     
   224326.89689936713        410438383.80496281     
   218304.45083245490        411311235.84191817     
   210613.50374827391        412184992.86399555     
   201320.79897359660        413059654.87119508     
   190505.39148833306        413935221.86351669     
   178258.03833057845        414811693.84096038     
   164680.57765587850        415689070.80352616     
   149885.03934589727        416567352.75121403     
   133994.10027326853        417446469.77705514     
   117135.00424823478        418326561.62306601     
   99446.087722732394        419207558.45419890     
   81070.800470654183        420089460.27045393     
   62157.712351910224        420972267.07183105     
   42859.387247737861        421855978.85833025     
   23331.153370817174        422740595.62995160     
   3729.8779498231929        423626117.38669497     
  -15787.284746614399        424512544.12856048     
  -35064.147424791860        425399875.85554808     
  -53946.729222731308        426288112.56765777     
  -72283.070539134846        427177183.56679261     
  -89930.220160644938        428067230.17722529     
  -106746.64020882129        428958181.77278000     
  -122599.22242127797        429850038.35345685     
  -137362.90316289908        430742799.91925573     
  -150921.65092678231        431636466.47017676     
  -163169.38836740915        432531038.00621986     
  -174010.91261136910        433426514.52738512     
  -183362.62708043616        434322896.03367239     
  -191153.23490990256        435220182.52508181     
  -197324.30802580900        436118374.00161332     
  -201830.79700842468        437017470.46326691     
  -204641.25538757120        437917400.34889632     
  -205738.80847284436        438818306.70887291     
  -205120.00107625040        439720118.05397153     
  -202795.82551509319        440622834.38419223     
  -198791.39698696986        441526455.69953507     
  -193145.70493304814        442430982.00000000     
