  -7.0529586586248316E-003   8.2250397894099227E-006
 -0.11285709715625240        1.2027584195723270E-004
 -0.57142034111786699        5.1437129732637957E-004
  -1.8063264493960283        1.2119838341757153E-003
  -4.4110779769932353        1.6746407389087547E-003
  -9.1495667339975650        2.5335309355176518E-004
  -16.956659553259286        6.5013565076616694E-003
  -28.938883746244532        2.4661094240785345E-002
  -46.375222238920998        6.3865450943676447E-002
  -70.717977463190039       0.13838476793341578     
  -103.59380261182687       0.26829308940728419     
  -146.80462580368550       0.48074389926870781     
  -202.32897047327830       0.81134375221811983     
  -272.32276561238052        1.3056134529175647     
  -359.12112351881569        2.0205389710571655     
  -465.23891156717190        3.0261925145066506     
  -593.37277727076230        4.4074364231184626     
  -746.40230579878801        6.2656893413463601     
  -927.39071435202334        8.7207445628359128     
  -1139.5873982887933        11.912672237293211     
  -1386.4289582738727        16.003746817971326     
  -1671.5395543814975        21.180427883142098     
  -1998.7341646706591        27.655396209447638     
  -2372.0188694448616        35.669630772867393     
  -2795.5936771442148        45.494520279295003     
  -3273.8496113096562        57.433891733237090     
  -3811.3764316105953        71.826348804465823     
  -4412.9599205720842        89.047302343611008     
  -5083.5842656317036        109.51129099190491     
  -5828.4352777633203        133.67416904943119     
  -6652.8941140559682        162.03510961016073     
  -7562.5496210171395        195.13931314428700     
  -8563.1922590812101        233.57985240608150     
  -9660.8171027404114        278.00018137666615     
  -10861.624777287410        329.09619986786106     
  -12172.026003696203        387.61886756465191     
  -13598.629091992034        454.37562149870780     
  -15148.260569940559        530.23383570253475     
  -16827.953012928974        616.12216751068138     
  -18644.948865715400        713.03310555716553     
  -20606.706444705927        822.02561145621871     
  -22720.880225209683        944.22585223841168     
  -24995.344804697357        1080.8309532389883     
  -27438.205441662492        1233.1121391775491     
  -30057.751323718072        1402.4135062236051     
  -32862.479932167582        1590.1557586193726     
  -35861.143695528415        1797.8417071422587     
  -39062.649545708788        2027.0519618739665     
  -42476.177356059350        2279.4537253114863     
  -46111.072115317758        2556.7975665952781     
  -49976.884974427740        2860.9197762389340     
  -54083.436299912901        3193.7522903704075     
  -58440.676347441651        3557.3108077440152     
  -63058.849008234531        3953.7128841053022     
  -67948.340871374996        4385.1652830923540     
  -73119.740094659384        4853.9718474181072     
  -78583.918019981415        5362.5429180449137     
  -84351.843588713702        5913.3807264392617     
  -90434.799849824471        6509.1016230671339     
  -96844.184690570575        7152.4176563760657     
  -103591.58718017935        7846.1472735416819     
  -110688.89496578493        8593.2288851832873     
  -118148.05007148562        9396.6959421612810     
  -125981.33132261068        10259.709704879609     
  -134201.05458161945        11185.530596840239     
  -142819.87867998763        12177.548389165198     
  -151850.52490327615        13239.262497346634     
  -161305.88456273466        14374.285143672932     
  -171199.16782217662        15586.368912433185     
  -181543.56119595270        16879.363294214094     
  -192352.62313644410        18257.268701529836     
  -203639.92113431622        19724.188074971858     
  -215419.17224821280        21284.357977170122     
  -227704.42701677664        22942.156070920140     
  -240509.64549270982        24702.069190352722     
  -253849.17807017558        26568.740433784791     
  -267737.33313030400        28546.925318205227     
  -282188.53714958730        30641.512211888894     
  -297217.55986485735        32857.553389803514     
  -312839.00736283354        35200.202374985027     
  -329067.89653455367        37674.786024728521     
  -345919.13429010019        40286.754218530572     
  -363407.70742334257        43041.673882883901     
  -381548.96720340347        45945.313829395658     
  -400357.99713046139        49003.526319835124     
  -419850.23160551948        52222.351694639787     
  -440041.29588001670        55607.999735407517     
  -460946.27324595075        59166.729967210304     
  -482580.90026833862        62905.042764840466     
  -504960.99525241484        66829.603438151767     
  -528101.74851059285        70947.124562824538     
  -552019.03113282449        75264.565282440817     
  -576728.78213538195        79789.059721580896     
  -602246.20402660756        84527.778293848023     
  -628587.23634683597        89488.159847771516     
  -655767.57019391062        94677.774106029043     
  -683803.15162131505        100104.40197427734     
  -712709.06054698874        105775.81658497566     
  -742501.17895345553        111700.13569321543     
  -773195.36430522252        117885.63972295678     
  -804806.48774886888        124340.59822637645     
  -837350.25761654787        131073.61567463557     
  -870842.00737186649        138093.44035283037     
  -905297.28146339080        145409.01210026859     
  -940730.52089604666        153029.27983449819     
  -977157.05673780909        160963.57668380206     
  -1014592.0798741805        169221.36904918708     
  -1053049.5568146685        177812.11989201841     
  -1092544.3739595197        186745.68042093085     
  -1133091.2925495065        196032.10711612838     
  -1174703.6295043302        205681.35015655897     
  -1217395.7460143592        215703.85816879882     
  -1261181.3527961562        226110.11840529411     
  -1306074.3437994013        236910.94015405327     
  -1352087.0907090660        248117.02227546566     
  -1399232.9469414197        259739.53409690430     
  -1447525.0383964512        271789.86893406865     
  -1496974.8121150131        284279.28266858624     
  -1547594.7343813071        297219.55758783512     
  -1599396.9976590630        310622.64389350562     
  -1652391.9721133714        324500.43788221985     
  -1706591.0835108631        338865.23699203081     
  -1762004.9531658168        353729.60926644847     
  -1818644.2600926582        369106.32837226620     
  -1876517.6584821478        385008.00864137319     
  -1935635.0061899913        401447.91736257717     
  -1996005.7084412100        418439.45960614533     
  -2057636.9218629017        435995.88909174321     
  -2120537.1707135895        454131.16830714070     
  -2184713.6802379265        472859.18008485588     
  -2250173.9334155787        492194.31422480592     
  -2316922.9137118226        512150.67833293887     
  -2384966.8685390865        532743.07536060933     
  -2454311.5375294038        553986.50971634954     
  -2524960.0340747684        575895.79149962240     
  -2596916.7739467472        598486.33249708533     
  -2670185.6675792271        621774.03729036706     
  -2744767.7809354169        645774.36288312555     
  -2820665.4561395119        670503.33108475152     
  -2897879.8586000330        695977.47391708160     
  -2976411.9825419355        722213.49069474498     
  -3056259.8657186665        749227.77477569401     
  -3137423.0763825919        777037.63947017177     
  -3219900.2043788512        805660.54343828477     
  -3303686.9511379292        835113.68268092303     
  -3388780.2901721010        865415.09445814195     
  -3475176.5287236469        896583.17509246792     
  -3562868.4620684157        928635.81999824685     
  -3651850.4967915770        961591.79708208749     
  -3742115.4856304610        995470.37198354246     
  -3833655.9206675137        1030290.8150639914     
  -3926460.8235705812        1066072.0777265069     
  -4020520.7914891904        1102834.1404456962     
  -4115825.6643332141        1140597.6981049303     
  -4212361.1427857671        1179382.2367351120     
  -4310114.9737505997        1219208.8367656404     
  -4409072.7264893549        1260098.6757001651     
  -4509219.8013235079        1302073.0327665952     
  -4610537.8238655599        1345153.2059788639     
  -4713009.9377423022        1389361.3190366512     
  -4816618.1606135452        1434719.8188169289     
  -4921340.6144732758        1481250.6819206784     
  -5027157.0200093724        1528977.1220369241     
  -5134045.9982697023        1577923.0075697671     
  -5241981.7074133828        1628110.8418331097     
  -5350940.4477310907        1679565.0068634893     
  -5460895.9791295948        1732309.6529721532     
  -5571822.0402213018        1786370.2447079048     
  -5683688.7408394311        1841771.0317425611     
  -5796463.9177839439        1898536.0603309500     
  -5910120.7191958940        1956693.7107928575     
  -6024621.9176620729        2016267.4029189737     
  -6139938.1348271789        2077285.9819204248     
  -6256031.7429868001        2139775.1319834921     
  -6372863.5774173299        2203761.0367836356     
  -6490400.3355619153        2269273.4214530303     
  -6608600.0821489291        2336339.5122681302     
  -6727419.6506320024        2404985.8983540740     
  -6846821.3748059766        2475244.3397511644     
  -6966759.1432529492        2547142.7348085074     
  -7087185.6303442875        2620709.2760158982     
  -7208058.8015167816        2695976.9081485718     
  -7329328.3349645510        2772974.6926968186     
  -7450942.4476185190        2851732.2947115251     
  -7572854.9139863057        2932283.8416598104     
  -7695011.0510341888        3014659.9168291567     
  -7817354.7186976578        3098891.1243998995     
  -7939835.3317437591        3185013.0762589229     
  -8062391.5076487437        3273056.2656960548     
  -8184969.9019792508        3363057.7178674033     
  -8307508.4070989201        3455049.4702239516     
  -8429943.8111516666        3549065.3931967402     
  -8552218.2446904872        3645142.9826362566     
  -8674265.6290103868        3743317.1595408441     
  -8796018.1509393286        3843621.6257649567     
  -8917413.9675591011        3946097.1344789374     
  -9038382.6187096853        4050779.2766119372     
  -9158852.1106144544        4157703.5749822855     
  -9278756.3646722455        4266912.1277402453     
  -9398021.0274158381        4378441.9930438502     
  -9516570.0734331999        4492330.1286104675     
  -9634333.5219288711        4608622.0113207866     
  -9751232.4825061206        4727354.1792866569     
  -9867187.7101974897        4848566.6945480844     
  -9982124.8418093622        4972305.4030504487     
  -10095959.649099151        5098608.1661249446     
  -10208615.454501526        5227522.1152436975     
  -10320007.991023701        5359089.1812925413     
  -10430051.495818980        5493350.5208809515     
  -10538665.684646416        5630355.2672975371     
  -10645763.304226272        5770147.7792556090     
  -10751255.464201126        5912769.5094082998     
  -10855059.086707350        6058274.4878121214     
  -10957083.016094804        6206705.3874674877     
  -11057236.377801985        6358108.5529322457     
  -11155432.874472177        6512538.1763740350     
  -11251579.102619667        6670039.7120832251     
  -11345581.607037023        6830661.0466107540     
  -11437351.789477464        6994459.5075968839     
  -11526794.492122639        7161482.8261758359     
  -11613813.838021277        7331779.1376558896     
  -11698319.393920511        7505409.0785408467     
  -11780214.169667069        7682422.2672848850     
  -11859401.870828070        7862869.7116742078     
  -11935789.843768643        8046813.7183290571     
  -12009279.050765008        8234302.5260753864     
  -12079776.037833935        8425400.1644455474     
  -12147183.518419905        8620160.5890411884     
  -12211403.729660084        8818638.2863636222     
  -12272342.880351877        9020900.0156829078     
  -12329903.510152055        9227001.9176342897     
  -12383987.891590964        9436998.8622458037     
  -12434502.558813620        9650962.7602066752     
  -12481350.916019119        9868950.1316605285     
  -12524436.705259452        10091021.122308206     
  -12563667.180117356        10317247.519478185     
  -12598947.034604475        10547690.640187044     
  -12630182.301865941        10782411.025552308     
  -12657281.345373753        11021484.768611984     
  -12680151.703185750        11264974.160824761     
  -12698702.204913015        11512944.273137311     
  -12712843.887283366        11765473.626163827     
  -12722486.859216377        12022621.810773244     
  -12727544.939487182        12284472.613405015     
  -12727930.655851444        12551089.126363436     
  -12723560.309138509        12822543.217338914     
  -12714350.342611372        13098917.929653818     
  -12700219.411578994        13380282.980341719     
  -12681088.756385654        13666710.532108704     
  -12656879.147738077        13958286.874808822     
  -12627515.618907204        14255086.267842431     
  -12592925.347440777        14557180.780080661     
  -12553035.631754780        14864664.015007164     
  -12507778.130820015        15177610.117729809     
  -12457087.823769720        15496095.880187400     
  -12400897.945693115        15820216.550549952     
  -12339149.485820036        16150053.374277459     
  -12271784.254503731        16485680.520379633     
  -12198745.351348924        16827202.621350978     
  -12119983.104363848        17174693.959988721     
  -12035445.182071138        17528253.722101171     
  -11945087.282053655        17887968.333178822     
  -11848869.427557101        18253921.333351724     
  -11746748.895162806        18626219.504967004     
  -11638692.424175723        19004948.681522444     
  -11524671.859203944        19390199.443014372     
  -11404654.761432333        19782080.039113998     
  -11278620.015903529        20180679.355717264     
  -11146551.971166782        20586092.780392088     
  -11008430.367750462        20998432.654596351     
  -10864247.317189058        21417794.132711273     
  -10714000.342835622        21844270.125904299     
  -10557682.411725167        22277981.762467664     
  -10395299.915636919        22719026.119129505     
  -10226864.607987504        23167497.687264044     
  -10052384.069114383        23623528.914033718     
  -9871883.0596215818        24087204.993862119     
  -9685378.5520641822        24558654.729610249     
  -9492902.9555629846        25037984.569575552     
  -9294494.9216996878        25525294.576194052     
  -9090186.8384953644        26020724.127457310     
  -8880027.5881267283        26524372.192163274     
  -8664073.2553321347        27036351.804293029     
  -8442371.8397003133        27556799.783250842     
  -8214990.8927237345        28085828.406808641     
  -7982003.6735736141        28623546.663722206     
  -7743475.9195441101        29170100.507882949     
  -7499492.8551096944        29725603.997946113     
  -7250146.5969728036        30290174.233695596     
  -6995520.3199203908        30863955.823633719     
  -6735718.7609709157        31447073.523800343     
  -6470852.8005400114        32039643.832256135     
  -6201024.1672601132        32641823.686219353     
  -5926356.6510243965        33253737.540776622     
  -5646980.6102390271        33875505.721994452     
  -5363016.4484292828        34507288.222107098     
  -5074613.5099860672        35149204.724815600     
  -4781904.5487872409        35801419.216513865     
  -4485046.3544791322        36464063.259674974     
  -4184201.9530989449        37137263.754170746     
  -3879523.6596763916        37821195.975423843     
  -3571187.4192701192        38515990.045367800     
  -3259376.5884147356        39221791.618348993     
  -2944261.8337186361        39938767.504325278     
  -2626038.9192546285        40667067.220928892     
  -2304910.1938642175        41406822.911807373     
  -1981065.1144394835        42158222.593324095     
  -1654718.4734895304        42921408.030643024     
  -1326091.4700895783        43696528.479895145     
  -995391.60498737392        44483772.020900309     
  -662852.04744004330        45283291.852970481     
  -328711.91460755857        46095238.865989313     
   6803.8452121093069        46919803.990174532     
   343438.02367423999        47757130.872794680     
   680954.61402038683        48607418.342149876     
   1019092.1831234322        49470831.819966227     
   1357584.0808185604        50347526.500441253     
   1696178.6586849636        51237707.896519087     
   2034599.2223630461        52141538.671309136     
   2372564.7053601453        53059199.128133297     
   2709809.0475345952        53990881.060274422     
   3046042.3910120712        54936777.607952788     
   3380970.3872302589        55897040.775170021     
   3714314.8098672060        56871902.985854410     
   4045774.2032387746        57861542.045994863     
   4375043.3329966348        58866123.110985167     
   4701833.9596954277        59885891.363225982     
   5025834.7221614169        60921016.028493203     
   5346732.3101280034        61971681.351738766     
   5664229.8628954440        63038131.209855631     
   5978003.7050747713        64120526.566572338     
   6287752.9468725892        65219121.762379535     
   6593156.6045144154        66334099.426858500     
   6893893.2840978373        67465648.142221823     
   7189658.6349197123        68614030.694503725     
   7480129.6979299868        69779440.541250437     
   7764989.9451404465        70962091.508322328     
   8043922.3896411806        72162205.099997371     
   8316601.5003288481        73379971.151906133     
   8582733.2058482226        74615689.333544344     
   8841994.3211708535        75869554.844239846     
   9094072.4372448046        77141786.400448710     
   9338659.7246209159        78432635.782098085     
   9575439.7474641521        79742264.601536766     
   9804128.2216726355        81071026.796430796     
   10024415.981916679        82419108.106277689     
   10236007.056382198        83786744.440643370     
   10438610.972295150        85174201.197393373     
   10631939.898991013        86581705.564993232     
   10815707.389904728        88009468.518117636     
   10989651.021877283        89457840.543819502     
   11153494.792175313        90927031.657895669     
   11306976.492807666        92417299.498015106     
   11449839.810025079        93928896.539339021     
   11581838.511059400        95462100.503214672     
   11702727.172359241        97017111.848620251     
   11812284.879708685        98594319.651088402     
   11910283.882546075        100193929.84014060     
   11996511.745298719        101816223.29820330     
   12070765.965703987        103461483.98054123     
   12132852.042033320        105129929.47721796     
   12182592.617035966        106821944.33063601     
   12219816.204052338        108537795.49981107     
   12244363.200396113        110277743.37201904     
   12256087.566469917        112042076.65260972     
   12254855.897296166        113831105.26231892     
   12240549.234247137        115645067.76564409     
   12213057.781841015        117484373.27754125     
   12172290.140138518        119349276.03147081     
   12118166.244716547        121240069.14846522     
   12050623.543559220        123157098.29291943     
   11969611.749645127        125100632.15315042     
   11875102.028844712        127070952.16553509     
   11767068.802376790        129068492.95605376     
   11645513.947613327        131093533.70903952     
   11510452.458041515        133146373.47886606     
   11361916.108422771        135227368.27854827     
   11199960.343379771        137336747.00900313     
   11024638.699676335        139475022.40408149     
   10836040.384223327        141642452.86235294     
   10634267.062637726        143839362.05655032     
   10419439.087169927        146066111.77834868     
   10191693.777330460        148323055.80201089     
   9951197.8571731579        150610457.85246927     
   9698106.6902702842        152928839.37138525     
   9432623.1363154761        155278471.14341068     
   9154959.6160868164        157659719.85978001     
   8865347.9484513588        160072982.23660189     
   8564037.1936293170        162518566.14814150     
   8251310.1004042719        164996800.85006908     
   7927429.8309075329        167508254.71122661     
   7592714.3488006694        170053170.57368028     
   7247490.2177334931        172631977.73074174     
   6892101.6478654388        175245068.22367308     
   6526925.6390041253        177892686.19510949     
   6152314.3976646522        180575442.59125683     
   5768681.9082389716        183293662.85625911     
   5376445.3674190752        186047753.25952566     
   4976039.6293722522        188838092.54968843     
   4567916.6112626940        191665093.15183797     
   4152562.7732770946        194529071.69773343     
   3730430.6713977400        197430678.89897719     
   3302038.9646620131        200370208.43730345     
   2867905.2752314326        203348104.87079802     
   2428562.7994509703        206364749.16522941     
   1984559.7830014566        209420662.08943999     
   1536476.0578396837        212516090.24352160     
   1084851.7895101451        215651741.55298924     
   630293.51350230910        218827940.19538850     
   173402.41652132265        222045137.32878035     
  -285208.74921228539        225303806.77963403     
  -744898.01625865605        228604238.22093984     
  -1205068.1664752723        231947214.76814634     
  -1665057.7112277825        235333015.94241664     
  -2124215.0390713406        238762131.92986938     
  -2581880.8263700977        242235038.01020977     
  -3037388.9871335537        245752233.93543279     
  -3490049.9180630222        249314041.10599399     
  -3939222.9258883991        252921250.87969947     
  -4384209.4017859902        256574194.02604356     
  -4824326.2599976882        260273409.59965277     
  -5258888.3820573147        264019377.57981309     
  -5687209.5427398486        267812558.69615966     
  -6108588.4348352030        271653375.22732717     
  -6522374.6859714147        275542645.50947261     
  -6927870.2092709187        279480714.18093538     
  -7324397.6206440488        283468079.84980375     
  -7711285.6057727011        287505387.11541361     
  -8087852.3446002863        291592863.51199549     
  -8453470.1982536316        295731486.90084392     
  -8807474.1460849866        299921564.90042371     
  -9149224.2422340456        304163691.61005914     
  -9478092.3772969637        308458417.16763562     
  -9793461.6242356803        312806270.19943035     
  -10094719.142589392        317207687.23074448     
  -10381301.329127759        321663551.88426131     
  -10652625.484354381        326174314.12778789     
  -10908137.204971593        330740493.72794515     
  -11147302.365519775        335362695.23870891     
  -11369606.168628378        340041501.07797140     
  -11574548.204786379        344777340.25582737     
  -11761674.570379682        349571205.07459104     
  -11930529.722299974        354423480.29526925     
  -12080691.504061371        359334797.42613989     
  -12211763.899705866        364305703.82651019     
  -12323379.945677305        369336931.37014651     
  -12415195.363900667        374428806.77593106     
  -12486908.350286841        379582472.96391654     
  -12538233.958358426        384798267.04507571     
  -12568924.611752605        390076852.07465643     
  -12578765.374709424        395418930.14566410     
  -12567574.954270454        400824900.84396172     
  -12535204.493778098        406295832.32987964     
  -12481542.583947329        411832201.82211417     
  -12406513.837022351        417434702.20520329     
  -12310078.862787602        423103998.11924344     
  -12192236.759167828        428840759.04174483     
  -12053029.153205702        434645397.17163306     
  -11892522.644838287        440519185.43654627     
  -11710835.274842488        446462478.11289072     
  -11508123.106083238        452476038.58093804     
  -11284580.602075491        458560525.84282875     
  -11040444.302829506        464716792.90420181     
  -10775999.152049348        470945153.95123690     
  -10491541.893533761        477246918.07283646     
  -10187440.742146609        483622565.46262217     
  -9864093.7756762225        490072860.93549454     
  -9521939.8723556623        496598454.15807086     
  -9161473.9981431346        503199946.16284758     
  -8783187.7155056037        509878588.70767599     
  -8387654.7972056651        516634834.34896725     
  -7975475.6882148245        523469563.17818254     
  -7547287.3622892285        530383449.76797229     
  -7103768.0822091522        537377345.38897383     
  -6645649.9739890927        544451748.45498407     
  -6173647.9022232573        551607979.60412109     
  -5688567.1468231175        558846596.28268397     
  -5191229.3895521257        566168341.27547264     
  -4682490.8581808489        573574241.32849538     
  -4163239.1870105709        581064865.80958807     
  -3634415.3175099101        588640917.97192752     
  -3096926.6144865421        596303745.07398331     
  -2551771.6532472535        604053877.30837798     
  -1999955.2293487384        611892238.56523871     
  -1442507.2754161500        619819712.51357770     
  -880503.47424724360        627836729.29813731     
  -314974.11422872479        635944847.24563980     
   252963.85408913519        644144717.53827226     
   822198.01967222779        652437147.61278927     
   1391600.3058555771        660823001.44062412     
   1960029.0326025044        669303202.76079094     
   2526308.7027030801        677878244.80559886     
   3089322.7847701772        686549884.18464863     
   3647879.8761673197        695318633.28347337     
   4200807.2063304223        704185332.38053119     
   4746930.2820801325        713151055.49253559     
   5285075.0000826670        722216656.72541761     
   5814050.1736102598        731382761.02684081     
   6332732.7267114939        740650988.84909856     
   6839946.0754750110        750022044.13971114     
   7334545.0810274947        759496866.13790894     
   7815398.4480228461        769076337.65914381     
   8281374.0322975880        778761163.40756655     
   8731414.0111914258        788553036.29686046     
   9164427.2870816551        798452619.35762358     
   9579365.6533024888        808460949.69280386     
   9975209.2379093319        818579007.32155037     
   10350967.781774826        828807777.98385131     
   10705671.398410983        839147927.42577958     
   11038428.182322351        849601373.86754072     
   11348339.951331744        860168669.29896224     
   11634565.534649033        870850897.06978559     
   11896307.382787986        881649078.88084376     
   12132814.065192869        892564385.26110375     
   12343374.128791716        903597363.72756863     
   12527351.854038976        914750034.77510011     
   12684139.782375306        926023036.81617796     
   12813193.513437567        937417428.24022198     
   12914027.137911698        948934349.08948708     
   12986211.212582128        960574508.24933243     
   13029387.023132471        972339863.46906018     
   13043248.590213479        984231144.35830164     
   13027559.000886783        996249526.05112839     
   12982146.704662908        1008396112.9699888     
   12906908.967248382        1020672015.4859304     
   12801817.120827658        1033078045.8272196     
   12666898.706929287        1045616263.7817438     
   12502264.069499360        1058287423.6172149     
   12308092.580310894        1071092668.0308744     
   12084635.114588726        1084033145.7228465     
   11832216.463407420        1097110185.2559185     
   11551247.480972545        1110324455.4890106     
   11242174.665416082        1123678119.3806722     
   10905554.148598230        1137172132.6385701     
   10542001.423203288        1150807416.1731930     
   10152207.804342866        1164585436.5580552     
   9736949.3476702012        1178506876.3625937     
   9297026.3143255003        1192573989.0004311     
   8833355.9530646205        1206787759.7060168     
   8346908.5017021429        1221149325.9638453     
   7838719.8516156040        1235659827.1405778     
   7309893.7822014615        1250320797.6487911     
   6761617.2001684410        1265132837.7557068     
   6195073.3256384628        1280098512.2765810     
   5611570.2636014679        1295218541.9591527     
   5012449.5700674253        1310494203.8019092     
   4399107.9739576308        1325926988.6995842     
   3772992.2436907510        1341518192.7089312     
   3135622.7209780561        1357268528.5122309     
   2488488.5908203889        1373180692.4453824     
   1833195.0249371435        1389255205.1900897     
   1171360.5615523842        1405493826.2178886     
   504636.83852020581        1421897785.5925252     
  -165267.69112517327        1438467695.6165168     
  -836698.86763215892        1455206361.3400257     
  -1507901.3246594090        1472114872.8646107     
  -2177128.7066138485        1489194259.5401394     
  -2842622.5596643081        1506446244.4178483     
  -3502616.0090479692        1523872098.4114349     
  -4155312.6606903044        1541472556.7580070     
  -4798996.5393428551        1559250807.2055380     
  -5431878.2607472129        1577207252.4546993     
  -6052207.0830398314        1595343676.9014821     
  -6658247.6654383009        1613661512.3358338     
  -7248286.3641965371        1632162070.5749459     
  -7820613.7237192821        1650846478.7432480     
  -8373618.3594879778        1669717450.6369367     
  -8905658.5542044509        1688776148.5540767     
  -9415154.9114387799        1708023656.5709133     
  -9900576.6486434210        1727461846.3838849     
  -10360442.944974147        1747092209.2678514     
  -10793312.840765696        1766915506.0363159     
  -11197858.521263812        1786934843.6342411     
  -11572765.883920508        1807151283.7562785     
  -11916807.825636024        1827566355.0738556     
  -12228832.092810974        1848181450.7702014     
  -12507756.558460154        1868997478.0434575     
  -12752614.180139111        1890017665.9194922     
  -12962493.421161268        1911243245.0861881     
  -13136581.152130052        1932675349.7265341     
  -13274164.276824402        1954315847.7051158     
  -13374624.648697490        1976166625.1469228     
  -13437442.842573723        1998228007.8808453     
  -13462214.667039787        2020504137.9381077     
  -13448628.858669709        2042995210.1054285     
  -13396489.322022069        2065702994.6856558     
  -13305712.056396652        2088629591.5801396     
  -13176323.569818983        2111776645.1649249     
  -13008472.272147223        2135144617.5256040     
  -12802400.966406349        2158737366.5746064     
  -12558488.638970139        2182555703.0061808     
  -12277224.231932342        2206601466.7504826     
  -11959212.914759802        2230876510.3415618     
  -11605188.922198465        2255381452.8583908     
  -11215960.734909236        2280120136.3916030     
  -10792491.511058329        2305093201.6542163     
  -10335844.310608851        2330302711.9535370     
  -9847192.9487932324        2355750573.0166612     
  -9327819.7611593977        2381438524.2738023     
  -8779134.1617145967        2407367354.1254563     
  -8202584.0917107351        2433540718.0601115     
  -7599781.8884019004        2459959978.2061114     
  -6972413.0625503883        2486626540.1075797     
  -6322256.7997445958        2513542553.3249764     
  -5651178.8441670695        2540709997.6518755     
  -4961154.8467956986        2568129663.3404126     
  -4254154.8034847286        2595805174.5327129     
  -3532303.6834710687        2623737923.5255575     
  -2797764.4574605166        2651929738.9505486     
  -2052760.2861310660        2680382454.8677201     
  -1299597.6782877618        2709096853.4031882     
  -540539.96139853471        2738077291.7451797     
   222019.97135423942        2767324583.9423084     
   985686.49124177312        2796840597.0746365     
   1748038.7891374326        2826627413.2278342     
   2506638.8088017497        2856687339.6735654     
   3259008.3663185043        2887020733.6570783     
   4002757.5056954394        2917631926.3136730     
   4735412.8246015031        2948522152.9218793     
   5454545.4379150616        2979693556.1208134     
   6157748.7617696598        3011147847.1895623     
   6842647.0966123287        3042886958.3242631     
   7506878.8450853769        3074912103.0910230     
   8148209.0348464092        3107227808.5479646     
   8764377.7085564025        3139834643.0832481     
   9353217.6926532481        3172735037.6381011     
   9912631.9384564701        3205930503.0379062     
   10440585.947956920        3239422734.0765114     
   10935193.255091418        3273215704.3336682     
   11394602.176726343        3307310917.6715407     
   11817081.876034718        3341709905.1982498     
   12201017.551563339        3376415419.5496955     
   12544904.872327521        3411428748.7198987     
   12847358.486680422        3446751371.4978256     
   13107155.366488546        3482388168.3965597     
   13323170.450693002        3518339910.5658779     
   13494435.819267605        3554608658.3145285     
   13620127.883451996        3591196999.0365715     
   13699575.244816508        3628106751.5920553     
   13732259.513147315        3665338363.1842680     
   13717827.421914881        3702897973.8835301     
   13656080.637261447        3740785531.9725337     
   13546987.176722640        3779003957.5575933     
   13390682.705686979        3817554821.5459080     
   13187479.125986306        3856439089.8569198     
   12937832.965959266        3895662570.5725927     
   12642392.043024054        3935225431.4100537     
   12301965.308806473        3975130384.4085250     
   11917530.365822157        4015379296.5235753     
   11490230.716621656        4055974904.6001387     
   11021393.214412643        4096917878.9563165     
   10512445.903423676        4138213381.9085379     
   9965033.6221632659        4179862703.6286750     
   9380931.6924684197        4221867736.5897450     
   8762067.6009059381        4264231283.6355863     
   8110508.9370471910        4306955245.3238821     
   7428487.1880359333        4350040558.4825897     
   6718283.5794315087        4393493211.4001379     
   5982380.8038384309        4437313237.2395115     
   5223350.7071579872        4481503816.6277132     
   4443871.2955881078        4526066549.7048378     
   3646749.5983099202        4571002674.4804773     
   2834785.3936926774        4616318379.8978748     
   2010950.9161561814        4662013971.6159716     
   1178254.6655328558        4708091377.8193283     
   339762.62648751785        4754554208.3878736     
  -501380.46380576637        4801402016.3240623     
  -1342095.7476534115        4848641521.9287663     
  -2179181.3941597128        4896273319.7859344     
  -3009458.1438075025        4944299707.9858847     
  -3829748.7257303991        4992723339.6710644     
  -4636888.9780910360        5041546524.3935070     
  -5427741.9885130515        5090771932.8984919     
  -6199209.0577776209        5140402249.4602947     
  -6948242.7450935524        5190439071.3931313     
  -7671860.6428856757        5240886191.0602484     
  -8367102.0662593758        5291741858.9480162     
  -9031258.1774961315        5343015841.6359987     
  -9661556.5395184942        5394707544.0808668     
  -10255391.870031347        5446818944.9463758     
  -10810283.763637567        5499353169.8190041     
  -11323886.273239914        5552312590.7113276     
  -11793999.468690420        5605699185.6087265     
  -12218581.801622258        5659516109.6519279     
  -12595757.197733242        5713766545.0657644     
  -12923823.108602922        5768451680.4148865     
  -13201263.271485828        5823575107.5047655     
  -13426738.741863651        5879134739.1775723     
  -13599160.910028942        5935142739.9196720     
  -13717590.500384454        5991596240.8877239     
  -13781320.738550471        6048498059.5994825     
  -13789865.457355510        6105851878.2238274     
  -13742955.430938682        6163659273.5108070     
  -13640547.323250735        6221922657.3301973     
  -13482828.319508495        6280646187.6703262     
  -13270208.749445537        6339830994.5183859     
  -13003333.669037331        6399480828.1604557     
  -12683072.618754463        6459597688.0641575     
  -12310557.076055195        6520179559.7346134     
  -11887050.546924552        6581239104.3674822     
  -11414127.081640281        6642773911.4084673     
  -10893548.878947766        6704786893.1892214     
  -10327291.073546957        6767280974.5756474     
  -9717533.6028228309        6830258148.6592035     
  -9066656.3739141859        6893721817.4226980     
  -8377227.0731797963        6957674450.8362494     
  -7651996.5656457823        7022118514.9433136     
  -6893885.6988492450        7087057937.0741291     
  -6105974.1450706078        7152494226.7049503     
  -5291490.9915967211        7218430346.1259136     
  -4453868.7907118080        7284864383.5103531     
  -3596459.5320539703        7351808554.1925774     
  -2722924.6009399593        7419262524.0307646     
  -1836951.4941989928        7487226246.0139904     
  -942307.07821528206        7555704763.5540314     
  -42819.937044370403        7624699543.3209047     
   857634.87187439203        7694214119.1898909     
   1755152.9463341292        7764250460.1694288     
   2645817.5574515541        7834812654.7413063     
   3525716.9261902776        7905903217.7236910     
   4390960.9721382326        7977524112.8149767     
   5237634.1244191406        8049673610.2840376     
   6062078.2185587762        8122364257.9502821     
   6860508.8609742261        8195595501.5627098     
   7629300.4496265827        8269367624.3092270     
   8364938.6512849368        8343685938.6720924     
   9064035.2615889944        8418552407.4695950     
   9723343.6284104604        8493968967.0590973     
   10339778.371217558        8569939273.0995646     
   10910427.226362769        8646466424.2380123     
   11432569.146780930        8723553530.0205479     
   11903684.070357818        8801202517.5761242     
   12321441.288062608        8879411313.5355034     
   12683833.563210148        8958193948.9822197     
   12988995.659772001        9037547813.1378193     
   13235348.908092206        9117476039.4951134     
   13421574.876605989        9197980528.9704666     
   13546626.999275777        9279065658.7902126     
   13609732.407785043        9360732698.5315857     
   13610405.553912438        9442987324.5704174     
   13548443.093041917        9525828885.5282993     
   13423938.253101870        9609263088.1701813     
   13237274.118886188        9693291817.5815868     
   12989128.685991010        9777918242.3983917     
   12680499.494579300        9863139227.5989342     
   12312598.285833340        9948969204.9546185     
   11886998.193280067        10035407094.424284     
   11405529.060147827        10122454081.917669     
   10870299.600644138        10210113352.042446     
   10283684.793877674        10298388788.987783     
   9648320.2228599414        10387282916.740158     
   8967087.3576110825        10476798246.460608     
   8243106.4385951292        10566938690.128876     
   7479719.9946234152        10657707478.668861     
   6680478.6718530003        10749106415.495337     
   5849194.3601710172        10841131877.076130     
   4989654.7511047525        10933801444.560570     
   4106004.0481528295        11027110842.644623     
   3202460.9503459884        11121064053.961782     
   2283363.9121925267        11215663598.552334     
   1353151.2327854303        11310911228.326916     
   416339.47001143853        11406812452.405453     
  -522498.60201831401        11503368268.443897     
  -1458755.9121112635        11600582695.595505     
  -2387814.2017200580        11698459007.987238     
  -3305066.9598265155        11797001271.477207     
  -4205942.3082363270        11896210426.186735     
  -5085857.5622646101        11996082285.060946     
  -5940521.2393488595        12096637368.564150     
  -6765535.4228218738        12197869997.118910     
  -7556698.9165537804        12299783474.655485     
  -8309961.6444231076        12402380291.877455     
  -9021443.7429271005        12505663749.097652     
  -9687459.2187213376        12609637988.005138     
  -10304534.346194396        12714306343.316948     
  -10869426.842754712        12819670463.628851     
  -11379145.912598453        12925734513.010231     
  -11830969.777161092        13032502689.065815     
  -12222429.810343193        13139968579.324623     
  -12551449.682119299        13248152421.125183     
  -12816167.869751854        13357050465.683964     
  -13015080.922345124        13466664325.947645     
  -13147019.650094841        13576997355.206161     
  -13211157.678579278        13688053814.237522     
  -13207017.214860765        13799836183.144745     
  -13134478.300754661        13912349664.779583     
  -12993774.624978127        14025594917.093132     
  -12785503.222676016        14139578092.103693     
  -12510615.553894846        14254299819.285202     
  -12170451.260027453        14369755746.661093     
  -11766618.360562515        14485967520.523577     
  -11301147.013065863        14602930918.059177     
  -10776380.292947350        14720647474.113169     
  -10194987.053522436        14839119643.708460     
  -9559953.1227527224        14958354754.627602     
  -8874562.3484412991        15078353353.121101     
  -8142384.2929390976        15199119879.200321     
  -7367255.3826767663        15320655804.407932     
  -6553262.8106153961        15442968600.950659     
  -5704718.0937860468        15566058751.448343     
  -4826141.3086167388        15689931775.438606     
  -3922306.3441294581        15814579728.351866     
  -2997928.6160476687        15940027956.649492     
  -2058070.6119185307        16066268583.201988     
  -1107829.2390132542        16193305126.661213     
  -152379.82757049386        16321144301.739876     
   803052.78626333748        16449786496.795052     
   1753222.3731593969        16579236328.204586     
   2692890.5440917960        16709497363.101868     
   3616856.3234268334        16840575365.550795     
   4519985.1260551773        16972471756.697018     
   5397238.0390691906        17105192345.698051     
   6243634.5264539486        17238728422.269169     
   7054549.3582005473        17373107125.827522     
   7825332.3653273573        17508319816.556877     
   8551613.1378054228        17644372419.725483     
   9229253.1381227113        17781268627.382271     
   9854373.5053807553        17919010976.300541     
   10423378.223664239        18057604316.615479     
   10932977.295408936        18197052360.028667     
   11380206.750761949        18337362387.940266     
   11762444.823052630        18478533417.612244     
   12077436.380586835        18620573975.094547     
   12323281.580255797        18763473376.486370     
   12498532.657223674        18907261905.688320     
   12602076.976859106        19051931399.407246     
   12633236.963666877        19197485696.023552     
   12591750.600248523        19343928641.044975     
   12477777.406013042        19491265345.947014     
   12291897.005406773        19639499697.770012     
   12035113.136004068        19788638145.312511     
   11708845.260609757        19938684645.705490     
   11314924.648992617        20089641868.202740     
   10855586.826158369        20241517673.014343     
   10333458.023546735        20394313468.071911     
   9751594.9201318845        20548022845.092381     
   9113273.1096300315        20702674530.419628     
   8422253.2381312065        20858263624.912949     
   7682575.3480979837        21014794256.557518     
   6898582.3540213034        21172269199.836262     
   6074896.1804318512        21330695315.918816     
   5216390.7857788336        21490078171.032516     
   4328163.1494345795        21650419204.298309     
   3415507.2288971944        21811728196.254967     
   2483878.4583735261        21974008036.769089     
   1538864.9605524966        22137265851.530251     
   586228.35749723017        22301490572.825500     
  -368433.01845507603        22466715862.920357     
  -1319264.3843951370        22632933647.325336     
  -2260492.5861745877        22800151266.116405     
  -3186385.2517802618        22968371733.697350     
  -4091287.7110755597        23137603968.473503     
  -4969656.4947475838        23307849555.694130     
  -5816095.9810186289        23479117531.290890     
  -6625390.4192011245        23651411009.305779     
  -7392540.3584885858        23824740702.806450     
  -8112790.9066017559        23999108289.449921     
  -8781614.8238597512        24174508127.683380     
  -9394948.7867731601        24350971784.866409     
  -9948901.9175761901        24528493836.698761     
  -10440000.181262061        24707080734.369072     
  -10865152.758745613        24886740578.846878     
  -11221672.344763091        25067475165.930843     
  -11507298.427692238        25249294284.706757     
  -11720209.419589367        25432204624.731068     
  -11859040.878057817        25616214572.790012     
  -11922889.001577921        25801326033.882397     
  -11911326.999343826        25987550791.278198     
  -11824406.409588834        26174894147.823341     
  -11662672.302012958        26363348655.977440     
  -11427110.314543201        26552953583.599491     
  -11119213.788995555        26743696654.867012     
  -10740936.343012901        26935588467.744091     
  -10294687.944549941        27128638052.571945     
  -9783321.6214894932        27322851074.000847     
  -9210119.4469982386        27518234970.518158     
  -8578770.7311271131        27714800779.339672     
  -7893350.1209114846        27912550820.968880     
  -7158295.3448318308        28111501652.975689     
  -6378375.4563333839        28311655739.736488     
  -5558732.1069649123        28513007292.467606     
  -4704580.8652544580        28715596853.915253     
  -3821570.1561752632        28919417136.406612     
  -2915487.0920578376        29124476270.209183     
  -1992284.0638565766        29330784325.906696     
  -1058039.5270317257        29538353378.551144     
  -118918.59027771083        29747188128.566757     
   818867.42283791280        29957298959.503830     
   1749102.6271206359        30168698301.579708     
   2665607.4319631066        30381391060.417305     
   3562281.2291842788        30595393764.268085     
   4433142.2622261364        30810711512.636463     
   5272303.4480479565        31027338717.573677     
   6074277.6202949854        31245319538.648830     
   6833614.9071421400        31464652751.922626     
   7545208.0415076232        31685341813.649914     
   8204263.9203900099        31907400210.897942     
   8806334.3673117962        32130839595.932823     
   9347349.5634748358        32355673815.453655     
   9823645.2709388565        32581910736.104218     
   10231993.233981460        32809564489.966045     
   10569621.409176411        33038647327.352497     
   10834236.283732595        33269167446.900230     
   11024028.826799393        33501121768.981358     
   11137744.010049440        33734560339.211849     
   11174599.221599452        33969478463.904510     
   11134358.755347367        34205884860.814735     
   11017320.657877164        34443794816.518913     
   10824315.910586197        34683221650.783417     
   10556703.927903973        34924181051.695435     
   10216366.898576876        35166684499.256737     
   9805697.8076217137        35410748048.278358     
   9327584.9461471252        35656385737.525444     
   8785395.1664610598        35903609518.401947     
   8183000.9748869175        36152414893.314911     
   7524560.1140694739        36402860828.964760     
   6814774.2171293115        36654941122.591591     
   6058669.6516115824        36908668425.531609     
   5261609.8016893184        37164060185.160980     
   4429259.3221752346        37421136447.292740     
   3567542.0133583527        37679908100.394524     
   2682602.1584023559        37940390865.427452     
   1780760.7616495895        38202610247.908974     
   868469.74910065997        38466575301.406601     
  -47732.097629956603        38732307236.466591     
  -961267.10250251379        38999827588.886414     
  -1865493.9687315640        39269123256.018784     
  -2754042.4523017495        39540263863.194824     
  -3620428.6829737909        39813244235.630531     
  -4458390.3514236556        40088081937.019707     
  -5261861.3894082243        40364802319.392090     
  -6025016.0728551298        40643418435.092224     
  -6742312.6258343505        40923956214.309227     
  -7408534.7793175932        41206429130.137550     
  -8018831.8062775508        41490868885.297462     
  -8568753.6823218223        41777284267.554665     
  -9054287.6882121284        42065705023.839127     
  -9471856.9662680421        42356126658.479973     
  -9818478.6462378465        42648619949.668953     
  -10091584.240785517        42943183739.756546     
  -10289184.071939554        43239843904.323235     
  -10409843.084459171        43538615858.675079     
  -10452697.472698541        43839534216.042999     
  -10417461.636019496        44142617716.352852     
  -10304430.786644809        44447888043.762848     
  -10114484.902234435        44755375475.673920     
  -9849079.4395391941        45065105163.259880     
  -9510241.2376711369        45377099774.310867     
  -9100587.1200068146        45691370613.389442     
  -8623171.1432692539        46007984027.092430     
  -8081659.7932005562        46326943689.837082     
  -7480180.5668805139        46648279334.799858     
  -6823324.2645771364        46972024023.268501     
  -6116107.1970007680        47298199621.887337     
  -5363940.0598533945        47626842919.779449     
  -4572583.4539010068        47957973525.045349     
  -3748108.3662972115        48291632044.886597     
  -2896848.9576932136        48627847762.370872     
  -2025355.2309336856        48966647318.524231     
  -1140343.8879611155        49308063729.232147     
  -248718.20524175820        49652105830.512199     
   642769.05406846001        49998859763.187752     
   1527142.2398163239        50348329310.600586     
   2397539.9143070169        50700555518.121834     
   3247197.6030980400        51055567535.755882     
   4069500.4414397478        51413394840.842590     
   4858036.4514405075        51774089439.232887     
   5606646.0802573645        52137678695.489464     
   6309470.7039840603        52504196657.127472     
   6961002.3457081150        52873684256.051521     
   7556125.7331348266        53246183011.726013     
   8090120.7662115116        53621698918.381630     
   8558866.9149544463        54000340126.290154     
   8958620.0002969112        54382097375.032333     
   9286223.9469105136        54767030826.857582     
   9539086.8666951824        55155178203.271225     
   9715207.7833728474        55546577685.206215     
   9813192.6713249311        55941274705.170120     
   9832269.3050330766        56339315331.022736     
   9772293.5420370214        56740735965.508301     
   9633757.3197602239        57145597604.565918     
   9417780.4451067708        57553930934.869110     
   9126136.8226518705        57965756256.843307     
   8761140.0760149956        58381189285.344337     
   8325766.5787417321        58800244941.223473     
   7823547.5989013361        59222970166.568291     
   7258564.3128391411        59649416090.044144     
   6635414.9130379744        60079638142.089844     
   5959179.0412639081        60513681654.139626     
   5235380.8562657032        60951599793.224884     
   4469943.5956204180        61393453788.794891     
   3669143.3272244288        61839290987.062492     
   2839558.7864102987        62289166722.663239     
   1988019.2755610785        62743137067.156342     
   1121618.5620685590        63201224783.399490     
   247380.65248770991        63663570476.593712     
  -627384.17150235083        64130179861.087593     
  -1495413.7900982741        64601123459.464355     
  -2349486.0446009869        65076449713.718872     
  -3182478.6863148967        65556238598.461143     
