   3.0000000260770321E-003  -857.49842422717586       -843.33676567152361     
   6.0000000521540642E-003  -938.31891192565308       -874.39122254919243     
   8.9999996125698090E-003  -1110.9102395254542       -930.63647534222798     
   1.2000000104308128E-002  -1490.3882365927202       -1021.1713401079290     
   1.4999999664723873E-002  -2634.0443502333665       -1164.5487185160487     
   1.7999999225139618E-002  -36113.893877234710       -1401.2107229879250     
   2.0999999716877937E-002  -2608.1725457258544       -1834.9072066996225     
   2.4000000208616257E-002  -1173.4630857695047       -2829.1652002605456     
   2.7000000700354576E-002  -726.13943147163798       -7148.8517397700525     
   2.9999999329447746E-002  -511.02428771074136       -10529.370739215765     
   3.2999999821186066E-002  -386.12177019053064       -2854.3519018086113     
   3.5999998450279236E-002  -305.36971145551712       -1598.7754690276922     
   3.9000000804662704E-002  -249.37515069307472       -1087.3709397961209     
   4.1999999433755875E-002  -208.57840044757469       -811.59956733080446     
   4.5000001788139343E-002  -177.73531154953179       -640.10986698963893     
   4.8000000417232513E-002  -153.73738099508125       -523.76582092125204     
   5.0999999046325684E-002  -134.62991188218297       -440.04106255761855     
   5.4000001400709152E-002  -119.12532925521685       -377.16383730310821     
   5.7000000029802322E-002  -106.34306596986757       -328.38987070991760     
   5.9999998658895493E-002  -95.661777272882446       -289.58110255406785     
   6.3000001013278961E-002  -86.631522857946578       -258.06044871856494     
   6.5999999642372131E-002  -78.919064506336412       -232.02132932924764     
   6.8999998271465302E-002  -72.272845036581018       -210.20150428778891     
   7.1999996900558472E-002  -66.499675439566673       -191.69350326869252     
   7.5000002980232239E-002  -61.449019793632523       -175.82869555749795     
   7.8000001609325409E-002  -57.002050749332625       -162.10417587813618     
   8.1000000238418579E-002  -53.063764134612697       -150.13472023326872     
   8.3999998867511749E-002  -49.557480175464370       -139.62044815292367     
   8.6999997496604919E-002  -46.420640461698902       -130.32476330046848     
   9.0000003576278687E-002  -43.601806685688324       -122.05854817748826     
   9.3000002205371857E-002  -41.058349206305508       -114.66906303256263     
   9.6000000834465027E-002  -38.754618427017583       -108.03158292562848     
   9.8999999463558197E-002  -36.660663027537126       -102.04339406634460     
  0.10199999809265137       -34.751117984526928       -96.619154050294540     
  0.10499999672174454       -33.004406558473107       -91.687474453299075     
  0.10800000280141830       -31.402047274352558       -87.188188896067928     
  0.11100000143051147       -29.928166143989984       -83.070276116471888     
  0.11400000005960464       -28.569019081684651       -79.290167079738666     
  0.11699999868869781       -27.312688782029966       -75.810529336887669     
  0.11999999731779099       -26.148784285613498       -72.599143791402142     
  0.12300000339746475       -25.068204880138879       -69.628078706229644     
  0.12600000202655792       -24.062971980005468       -66.873056458282335     
  0.12899999320507050       -23.126044576899254       -64.312863604261196     
  0.13199999928474426       -22.251184275878590       -61.928829964533939     
  0.13500000536441803       -21.432873535749856       -59.704561209373971     
  0.13799999654293060       -20.666201882449496       -57.625571511050062     
  0.14100000262260437       -19.946774820643771       -55.678987718726731     
  0.14399999380111694       -19.270670057020244       -53.853377990304914     
  0.14699999988079071       -18.634367034695998       -52.138516450198843     
  0.15000000596046448       -18.034698060480746       -50.525287983160361     
  0.15299999713897705       -17.468817332630387       -49.005505209990162     
  0.15600000321865082       -16.934136208052745       -47.571784334574950     
  0.15899999439716339       -16.428330136411024       -46.217506746940131     
  0.16200000047683716       -15.949273722364468       -44.936641536030038     
  0.16500000655651093       -15.495046705162919       -43.723770733042066     
  0.16799999773502350       -15.063898677853427       -42.573958941194377     
  0.17100000381469727       -14.654226403586843       -41.482711583108411     
  0.17399999499320984       -14.264571738391366       -40.445946303545668     
  0.17700000107288361       -13.893591633189308       -39.459923988168711     
  0.18000000715255737       -13.540062863112901       -38.521229670690317     
  0.18299999833106995       -13.202860406342975       -37.626742059797714     
  0.18600000441074371       -12.880943408436167       -36.773582085600253     
  0.18899999558925629       -12.573360976955380       -35.959116111178503     
  0.19200000166893005       -12.279229622129838       -35.180907554564151     
  0.19499999284744263       -11.997737024610119       -34.436725161216479     
  0.19799999892711639       -11.728130664383940       -33.724490691119023     
  0.20100000500679016       -11.469711770856534       -33.042291228599694     
  0.20399999618530273       -11.221836978358258       -32.388366217221659     
  0.20700000226497650       -10.983903228776507       -31.761061908050209     
  0.20999999344348907       -10.755355994866358       -31.158865935979748     
  0.21299999952316284       -10.535673559995656       -30.580350735789235     
  0.21600000560283661       -10.324375348697680       -30.024197888810171     
  0.21899999678134918       -10.121008699406117       -29.489193073381117     
  0.22200000286102295       -9.9251537786110138       -28.974170686734361     
  0.22499999403953552       -9.7364169632655617       -28.478077525258733     
  0.22800000011920929       -9.5544302788016680       -27.999905224418530     
  0.23100000619888306       -9.3788500914163215       -27.538718526150038     
  0.23399999737739563       -9.2093541336415594       -27.093647975591999     
  0.23700000345706940       -9.0456388014906519       -26.663863129163943     
  0.23999999463558197       -8.8874207037273205       -26.248601883004607     
  0.24300000071525574       -8.7344330587190075       -25.847131865865983     
  0.24600000679492950       -8.5864235280336594       -25.458779400347435     
  0.24899999797344208       -8.4431592603060110       -25.082900888323174     
  0.25200000405311584       -8.3044153016382207       -24.718892332812075     
  0.25499999523162842       -8.1699834113450063       -24.366187010981161     
  0.25799998641014099       -8.0396653536499745       -24.024247898600834     
  0.26100000739097595       -7.9132732335960529       -23.692563874240356     
  0.26399999856948853       -7.7906329030082153       -23.370664087810834     
  0.26699998974800110       -7.6715773339886786       -23.058094735039763     
  0.27000001072883606       -7.5559478026790456       -22.754422158573242     
  0.27300000190734863       -7.4435962241563765       -22.459246650725525     
  0.27599999308586121       -7.3343814457878791       -22.172183294053244     
  0.27900001406669617       -7.2281686756034249       -21.892863049798788     
  0.28200000524520874       -7.1248318148501406       -21.620948689147077     
  0.28499999642372131       -7.0242503300562547       -21.356105659611078     
  0.28799998760223389       -6.9263095418732661       -21.098024191476618     
  0.29100000858306885       -6.8308999218338471       -20.846403714638797     
  0.29399999976158142       -6.7379206661517896       -20.600968756733376     
  0.29699999094009399       -6.6472719513316978       -20.361446994319362     
  0.30000001192092896       -6.5588596382248943       -20.127580938325170     
  0.30300000309944153       -6.4725962334814051       -19.899131713559612     
  0.30599999427795410       -6.3883967288665087       -19.675865335525319     
  0.30899998545646667       -6.3061793894543792       -19.457558219643598     
  0.31200000643730164       -6.2258677669794755       -19.243999359063864     
  0.31499999761581421       -6.1473890611878375       -19.034986722230890     
  0.31799998879432678       -6.0706718679427896       -18.830328001423304     
  0.32100000977516174       -5.9956498731509020       -18.629839674921758     
  0.32400000095367432       -5.9222597281566829       -18.433342317790117     
  0.32699999213218689       -5.8504398682576699       -18.240669869783062     
  0.33000001311302185       -5.7801311694225133       -18.051657662672746     
  0.33300000429153442       -5.7112792609061458       -17.866155811285285     
  0.33599999547004700       -5.6438292590097641       -17.684011659970480     
  0.33899998664855957       -5.5777307167454344       -17.505087227056116     
  0.34200000762939453       -5.5129338600831002       -17.329241114581201     
  0.34499999880790710       -5.4493927031251630       -17.156347492075312     
  0.34799998998641968       -5.3870618957042957       -16.986280696471500     
  0.35100001096725464       -5.3258977020500895       -16.818918909541072     
  0.35400000214576721       -5.2658596787729746       -16.654150189548712     
  0.35699999332427979       -5.2069074691491588       -16.491859400083957     
  0.36000001430511475       -5.1490032330270257       -16.331945146856736     
  0.36300000548362732       -5.0921101459749671       -16.174302924262424     
  0.36599999666213989       -5.0361940299913313       -16.018836865868288     
  0.36899998784065247       -4.9812198555269331       -15.865451997045824     
  0.37200000882148743       -4.9271554571084044       -15.714055996434015     
  0.37500000000000000       -4.8739704535083694       -15.564567210237568     
  0.37799999117851257       -4.8216341958047249       -15.416900440385680     
  0.38100001215934753       -4.7701182635116277       -15.270974104299073     
  0.38400000333786011       -4.7193952359260187       -15.126714989172935     
  0.38699999451637268       -4.6694376398305595       -14.984046368212978     
  0.38999998569488525       -4.6202205059144115       -14.842900411354762     
  0.39300000667572021       -4.5717186655427904       -14.703206481358150     
  0.39599999785423279       -4.5239087083774931       -14.564903176893077     
  0.39899998903274536       -4.4767674679294940       -14.427925468085769     
  0.40200001001358032       -4.4302731104157260       -14.292214104518322     
  0.40500000119209290       -4.3844043859042925       -14.157712380523828     
  0.40799999237060547       -4.3391413185854066       -14.024364651374908     
  0.41100001335144043       -4.2944631127019166       -13.892117726081844     
  0.41400000452995300       -4.2503511113094072       -13.760921957440642     
  0.41699999570846558       -4.2067881326945713       -13.630728786020356     
  0.41999998688697815       -4.1637552466896146       -13.501494141792243     
  0.42300000786781311       -4.1212356469258529       -13.373169495414803     
  0.42599999904632568       -4.0792132494469504       -13.245716698527771     
  0.42899999022483826       -4.0376719440796514       -13.119094067543262     
  0.43200001120567322       -3.9965966195110090       -12.993262299664849     
  0.43500000238418579       -3.9559727252130163       -12.868185910471222     
  0.43799999356269836       -3.9157859758546287       -12.743830719401782     
  0.44100001454353333       -3.8760224653616091       -12.620159893571302     
  0.44400000572204590       -3.8366692144991155       -12.497147869283463     
  0.44699999690055847       -3.7977138614045729       -12.374762835381162     
  0.44999998807907104       -3.7591430051042516       -12.252973803243391     
  0.45300000905990601       -3.7209454501731196       -12.131756970711047     
  0.45600000023841858       -3.6831100875881737       -12.011086436369611     
  0.45899999141693115       -3.6456259776872240       -11.890939243659954     
  0.46200001239776611       -3.6084814752576984       -11.771290365436611     
  0.46500000357627869       -3.5716674472280174       -11.652122179821015     
  0.46799999475479126       -3.5351736665431512       -11.533414046452728     
  0.47099998593330383       -3.4989900485686043       -11.415148599624329     
  0.47400000691413879       -3.4631082034949214       -11.297306055959369     
  0.47699999809265137       -3.4275187416369315       -11.179874886160885     
  0.47999998927116394       -3.3922132948182169       -11.062839970387733     
  0.48300001025199890       -3.3571838190576697       -10.946184833354467     
  0.48600000143051147       -3.3224225139879571       -10.829901675312726     
  0.48899999260902405       -3.2879216749248186       -10.713976502953384     
  0.49200001358985901       -3.2536733247694301       -10.598401295308236     
  0.49500000476837158       -3.2196712734320792       -10.483167002393659     
  0.49799999594688416       -3.1859085095632751       -10.368267219664203     
  0.50099998712539673       -3.1523786580304756       -10.253693645011621     
  0.50400000810623169       -3.1190745909073114       -10.139440164323279     
  0.50700002908706665       -3.0859909526657630       -10.025502973735836     
  0.50999999046325684       -3.0531228976359359       -9.9118815193141554     
  0.51300001144409180       -3.0204628790885710       -9.7985671051232757     
  0.51599997282028198       -2.9880073986913431       -9.6855631698081766     
  0.51899999380111694       -2.9557500451386494       -9.5728641411748825     
  0.52200001478195190       -2.9236865357845763       -9.4604713801698974     
  0.52499997615814209       -2.8918124383932535       -9.3483888470779188     
  0.52799999713897705       -2.8601226604972401       -9.2366125345886871     
  0.53100001811981201       -2.8286128995581068       -9.1251462482879688     
  0.53399997949600220       -2.7972802897664053       -9.0139961946833544     
  0.53700000047683716       -2.7661193946995493       -8.9031603592277602     
  0.54000002145767212       -2.7351271085233102       -8.7926452906740007     
  0.54299998283386230       -2.7043005858011449       -8.6824575016061267     
  0.54600000381469727       -2.6736352153946394       -8.5725977877281654     
  0.54900002479553223       -2.6431284621052611       -8.4630751511904503     
  0.55199998617172241       -2.6127776655039212       -8.3538974558101788     
  0.55500000715255737       -2.5825790826919790       -8.2450668428416698     
  0.55800002813339233       -2.5525303892745099       -8.1365940176100224     
  0.56099998950958252       -2.5226296778049888       -8.0284883039325514     
  0.56400001049041748       -2.4928736999314904       -7.9207525753755919     
  0.56699997186660767       -2.4632608953742441       -7.8134015210290402     
  0.56999999284744263       -2.4337881144572027       -7.7064390082889034     
  0.57300001382827759       -2.4044542570791148       -7.5998767605489066     
  0.57599997520446777       -2.3752573923577627       -7.4937262967453915     
  0.57899999618530273       -2.3461955499219713       -7.3879933149595463     
  0.58200001716613770       -2.3172670813910874       -7.2826910961224876     
  0.58499997854232788       -2.2884713968661643       -7.1778310665123382     
  0.58799999952316284       -2.2598059965740305       -7.0734205224708750     
  0.59100002050399780       -2.2312700844735653       -6.9694724872745066     
  0.59399998188018799       -2.2028631780594115       -6.8659996104961616     
  0.59700000286102295       -2.1745834193183327       -6.7630099779358703     
  0.60000002384185791       -2.1464304066027893       -6.6605167133688221     
  0.60299998521804810       -2.1184039910212009       -6.5585330370640245     
  0.60600000619888306       -2.0905019978342212       -6.4570666035831499     
  0.60900002717971802       -2.0627251762163401       -6.3561314153240112     
  0.61199998855590820       -2.0350731116666987       -6.2557405046447840     
  0.61500000953674316       -2.0075445960510492       -6.1559028916327287     
  0.61799997091293335       -1.9801403285266190       -6.0566330824419463     
  0.62099999189376831       -1.9528593527577298       -5.9579394189612875     
  0.62400001287460327       -1.9257018575187530       -5.8598351207886754     
  0.62699997425079346       -1.8986684822264619       -5.7623341876311711     
  0.62999999523162842       -1.8717585630621805       -5.6654450191521573     
  0.63300001621246338       -1.8449723839827985       -5.5691794384406705     
  0.63599997758865356       -1.8183112747916028       -5.4735525516808838     
  0.63899999856948853       -1.7917740618298617       -5.3785702025202831     
  0.64200001955032349       -1.7653621900951231       -5.2842464524323240     
  0.64499998092651367       -1.7390763755838339       -5.1905939369222995     
  0.64800000190734863       -1.7129163119444701       -5.0976196256887638     
  0.65100002288818359       -1.6868833752573729       -5.0053359422078056     
  0.65399998426437378       -1.6609785684895737       -4.9137558667709653     
  0.65700000524520874       -1.6352016588351146       -4.8228852640485318     
  0.66000002622604370       -1.6095541624412215       -4.7327360282286142     
  0.66299998760223389       -1.5840376012382766       -4.6433205817279877     
  0.66600000858306885       -1.5586518031865657       -4.5546447043516487     
  0.66900002956390381       -1.5333984204216911       -4.4667186533220056     
  0.67199999094009399       -1.5082790769405865       -4.3795544523300824     
  0.67500001192092896       -1.4832939175143653       -4.2931577153852967     
  0.67799997329711914       -1.4584452068326959       -4.2075391270976876     
  0.68099999427795410       -1.4337332117244157       -4.1227043498598208     
  0.68400001525878906       -1.4091597706268513       -4.0386636229445898     
  0.68699997663497925       -1.3847266815039621       -3.9554254748640396     
  0.68999999761581421       -1.3604344199599052       -3.8729950914169544     
  0.69300001859664917       -1.3362849190036061       -3.7913807882417556     
  0.69599997997283936       -1.3122803205089970       -3.7105913298288637     
  0.69900000095367432       -1.2884209449117525       -3.6306295983052572     
  0.70200002193450928       -1.2647090875429354       -3.5515043617275750     
  0.70499998331069946       -1.2411466147436454       -3.4732222288359291     
  0.70800000429153442       -1.2177343963492298       -3.3957866285444305     
  0.71100002527236938       -1.1944744555364639       -3.3192041634693648     
  0.71399998664855957       -1.1713690260865366       -3.2434815811208080     
  0.71700000762939453       -1.1484188937429143       -3.1686202894018543     
  0.72000002861022949       -1.1256263460667697       -3.0946269440279979     
  0.72299998998641968       -1.1029934570726956       -3.0215064376777772     
  0.72600001096725464       -1.0805212175235168       -2.9492601581934594     
  0.72899997234344482       -1.0582123483095840       -2.8778945528684510     
  0.73199999332427979       -1.0360676717695376       -2.8074096374468245     
  0.73500001430511475       -1.0140897357757228       -2.7378104517933597     
  0.73799997568130493      -0.99228055569611506       -2.6691003946032952     
  0.74099999666213989      -0.97064127059137861       -2.6012792528676916     
  0.74400001764297485      -0.94917420134074348       -2.5343506824337361     
  0.74699997901916504      -0.92788156495980356       -2.4683173077609637     
  0.75000000000000000      -0.90676450923075258       -2.4031784309060646     
  0.75300002098083496      -0.88582526837408138       -2.3389360115306501     
  0.75599998235702515      -0.86506621973619535       -2.2755924609302922     
  0.75900000333786011      -0.84448835298809344       -2.2131461070392269     
  0.76200002431869507      -0.82409404601907554       -2.1515981665733372     
  0.76499998569488525      -0.80388556705413672       -2.0909500607522706     
  0.76800000667572021      -0.78386398227033294       -2.0311991016280406     
  0.77100002765655518      -0.76403149883534549       -1.9723458850769227     
  0.77399998903274536      -0.74439051753631436       -1.9143911549629669     
  0.77700001001358032      -0.72494196604435623       -1.8573313131913449     
  0.77999997138977051      -0.70568844676937736       -1.8011675207920772     
  0.78299999237060547      -0.68663115977695977       -1.7458959459522627     
  0.78600001335144043      -0.66777216168801912       -1.6915160385910843     
  0.78899997472763062      -0.64911364583937603       -1.6380268336113177     
  0.79199999570846558      -0.63065663389343884       -1.5854238169676247     
  0.79500001668930054      -0.61240325450031008       -1.5337059378055664     
  0.79799997806549072      -0.59435550898141432       -1.4828713262491386     
  0.80099999904632568      -0.57651443826344595       -1.4329151388812167     
  0.80400002002716064      -0.55888207810547530       -1.3838354199186229     
  0.80699998140335083      -0.54146029992557343       -1.3356296307058475     
  0.81000000238418579      -0.52425009755863017       -1.2882923717204144     
  0.81300002336502075      -0.50725332636362197       -1.2418209959733548     
  0.81599998474121094      -0.49047188489627269       -1.1962124062500135     
  0.81900000572204590      -0.47390659191183954       -1.1514607288686409     
  0.82200002670288086      -0.45755922199869464       -1.1075628131962780     
  0.82499998807907104      -0.44143155838576204       -1.0645146428374590     
  0.82800000905990601      -0.42552423499872183       -1.0223103339460751     
  0.83099997043609619      -0.40983929277544351      -0.98094649647253573     
  0.83399999141693115      -0.39437740620159334      -0.94041662255786518     
  0.83700001239776611      -0.37914005934399814      -0.90071636680975697     
  0.83999997377395630      -0.36412880148964544      -0.86184141526575497     
  0.84299999475479126      -0.34934411486663103      -0.82378458546952849     
  0.84600001573562622      -0.33478747484739207      -0.78654126784106981     
  0.84899997711181641      -0.32046014632626546      -0.75010635372529699     
  0.85199999809265137      -0.30636256408959461      -0.71447262418360569     
  0.85500001907348633      -0.29249594399473844      -0.67963486418305263     
  0.85799998044967651      -0.27886144814087949      -0.64558762737706776     
  0.86100000143051147      -0.26545934997555143      -0.61232331336767443     
  0.86400002241134644      -0.25229068030469193      -0.57983630537493092     
  0.86699998378753662      -0.23935638471526346      -0.54812067608689896     
  0.87000000476837158      -0.22665663338474751      -0.51716871252459873     
  0.87300002574920654      -0.21419222859873008      -0.48697429189907215     
  0.87599998712539673      -0.20196394299569070      -0.45753124221909303     
  0.87900000810623169      -0.18997174382380011      -0.42883152030153010     
  0.88200002908706665      -0.17821625745849889      -0.40086870797882374     
  0.88499999046325684      -0.16669804597404417      -0.37363628398452742     
  0.88800001144409180      -0.15541691986661141      -0.34712597082191587     
  0.89099997282028198      -0.14437349435685390      -0.32133155574906447     
  0.89399999380111694      -0.13356745775546031      -0.29624471535500962     
  0.89700001478195190      -0.12299908330400122      -0.27185852454407444     
  0.89999997615814209      -0.11266855794212983      -0.24816592702500606     
  0.90299999713897705      -0.10257538292013030      -0.22515841838186632     
  0.90600001811981201       -9.2719605936745608E-002 -0.20282882064639687     
  0.90899997949600220       -8.3101165294293011E-002 -0.18116984830290769     
  0.91200000047683716       -7.3719396408509080E-002 -0.16017285224315084     
  0.91500002145767212       -6.4574091487550500E-002 -0.13983040544147907     
  0.91799998283386230       -5.5664985424587123E-002 -0.12013498565766217     
  0.92100000381469727       -4.6991191577255731E-002 -0.10107782714385120     
  0.92400002479553223       -3.8552287760647827E-002  -8.2651301036202815E-002
  0.92699998617172241       -3.0347753385024979E-002  -6.4847686995584686E-002
  0.93000000715255737       -2.2376510798582862E-002  -4.7658117313321133E-002
  0.93300002813339233       -1.4637894470928612E-002  -3.1074786749026643E-002
  0.93599998950958252       -7.1311467885698228E-003  -1.5089763945688497E-002
  0.93900001049041748        1.4501009453351721E-004   3.0586042099752138E-004
  0.94199997186660767        7.1913454053388884E-003   1.5119793909619018E-002
  0.94499999284744263        1.4009273424626580E-002   2.9360985790963842E-002
  0.94800001382827759        2.0599859465312866E-002   4.3037533141511090E-002
  0.95099997520446777        2.6964265678606124E-002   5.6157613254724091E-002
  0.95399999618530273        3.3104108835442188E-002   6.8730218849518021E-002
  0.95700001716613770        3.9020697781643784E-002   8.0763580408783370E-002
  0.95999997854232788        4.4715426247399818E-002   9.2266014711099395E-002
  0.96299999952316284        5.0190124597326247E-002  0.10324652478271172     
  0.96600002050399780        5.5446324368525000E-002  0.11371345674805881     
  0.96899998188018799        6.0485677601954863E-002  0.12367524192430795     
  0.97200000286102295        6.5310190355175157E-002  0.13314088739156418     
  0.97500002384185791        6.9921645019808465E-002  0.14211885695302817     
  0.97799998521804810        7.4321920686844012E-002  0.15061763622755653     
  0.98100000619888306        7.8513216596833926E-002  0.15864625671679869     
  0.98400002717971802        8.2497552565617055E-002  0.16621323881712111     
  0.98699998855590820        8.6277025142839497E-002  0.17332715592054057     
  0.99000000953674316        8.9854025717213459E-002  0.17999701720011263     
  0.99299997091293335        9.3230733201608740E-002  0.18623127919109181     
  0.99599999189376831        9.6409653748198210E-002  0.19203891440453008     
  0.99900001287460327        9.9393172764547455E-002  0.19742854140500193     
   1.0019999742507935       0.10218375534709274       0.20240881160298241     
   1.0049999952316284       0.10478408806692703       0.20698867637225793     
   1.0080000162124634       0.10719675652183072       0.21117675631410784     
   1.0110000371932983       0.10942447974817343       0.21498179112599600     
   1.0140000581741333       0.11147001922258988       0.21841252144086207     
   1.0169999599456787       0.11333612387380741       0.22147754631759034     
   1.0199999809265137       0.11502585156698078       0.22418582084841729     
   1.0230000019073486       0.11654206142797942       0.22654595674955000     
   1.0260000228881836       0.11788776046793631       0.22856662144775200     
   1.0290000438690186       0.11906599378561782       0.23025648774347676     
   1.0319999456405640       0.12007985721639033       0.23162419518994379     
   1.0349999666213989       0.12093257738415950       0.23267844457780942     
   1.0379999876022339       0.12162732905323857       0.23342784402684619     
   1.0410000085830688       0.12216738011146432       0.23388096705594827     
   1.0440000295639038       0.12255601843689035       0.23404637241023671     
   1.0470000505447388       0.12279660962569124       0.23393262412492627     
   1.0499999523162842       0.12289254295040090       0.23354822822870624     
   1.0529999732971191       0.12284726475701341       0.23290166833485393     
   1.0559999942779541       0.12266423514339805       0.23200139047368556     
   1.0590000152587891       0.12234696917378020       0.23085578578558602     
   1.0620000362396240       0.12189901331620234       0.22947324265932245     
   1.0650000572204590       0.12132394374319663       0.22786207966662736     
   1.0679999589920044       0.12062539225677510       0.22603067155957990     
   1.0709999799728394       0.11980695157196398       0.22398708884740803     
   1.0740000009536743       0.11887230994481333       0.22173959554276051     
   1.0770000219345093       0.11782514963418816       0.21929637319958245     
   1.0800000429153442       0.11666917485906374       0.21666545766181514     
   1.0829999446868896       0.11540816304516359       0.21385501701742421     
   1.0859999656677246       0.11404578612919011       0.21087279783780505     
   1.0889999866485596       0.11258581536303278       0.20772683712912185     
   1.0920000076293945       0.11103204351117414       0.20442498199707049     
   1.0950000286102295       0.10938825781023619       0.20097499617954290     
   1.0980000495910645       0.10765823514631939       0.19738462557869046     
   1.1009999513626099       0.10584583908976331       0.19366164799418994     
   1.1039999723434448       0.10395474258512054       0.18981337047259644     
   1.1069999933242798       0.10198880583849414       0.18584740685051801     
   1.1100000143051147        9.9951825579026835E-002  0.18177121930208082     
   1.1130000352859497        9.7847576068232495E-002  0.17759210699389116     
   1.1160000562667847        9.5679866229546426E-002  0.17331736389801347     
   1.1189999580383301        9.3452530467978537E-002  0.16895432422923157     
   1.1219999790191650        9.1169181051671017E-002  0.16450974764247711     
   1.1250000000000000        8.8833626023541334E-002  0.15999077192250671     
   1.1280000209808350        8.6449612988284186E-002  0.15540433324291833     
   1.1310000419616699        8.4020832861428710E-002  0.15075722697783708     
   1.1339999437332153        8.1551082192485275E-002  0.14605635711147272     
   1.1369999647140503        7.9043820962696743E-002  0.14130796052451053     
   1.1399999856948853        7.6502772758063636E-002  0.13651873588162855     
   1.1430000066757202        7.3931550519925643E-002  0.13169508335686772     
   1.1460000276565552        7.1333719781499619E-002  0.12684331268882665     
   1.1490000486373901        6.8712808822755433E-002  0.12196959488809386     
   1.1519999504089355        6.6072422852076249E-002  0.11708021314681724     
   1.1549999713897705        6.3415813067923613E-002  0.11218074438703639     
   1.1579999923706055        6.0746496709152810E-002  0.10727721705322982     
   1.1610000133514404        5.8067841451380789E-002  0.10237536590064403     
   1.1640000343322754        5.5383162258747690E-002   9.7480793806865140E-002
   1.1670000553131104        5.2695746686707103E-002   9.2598984584287267E-002
   1.1699999570846558        5.0008909614569760E-002   8.7735492561202236E-002
   1.1729999780654907        4.7325606995153216E-002   8.2895156295296465E-002
   1.1759999990463257        4.4649060780145314E-002   7.8083277293987882E-002
   1.1790000200271606        4.1982315866400943E-002   7.3304820995521089E-002
   1.1820000410079956        3.9328362947530955E-002   6.8564623510228226E-002
   1.1849999427795410        3.6690241620420026E-002   6.3867572044040588E-002
   1.1879999637603760        3.4070604005610988E-002   5.9217867871171746E-002
   1.1909999847412109        3.1472347807042486E-002   5.4620114869189704E-002
   1.1940000057220459        2.8898200989932142E-002   5.0078607206448113E-002
   1.1970000267028809        2.6350825525643991E-002   4.5597488204295766E-002
   1.2000000476837158        2.3832804065391133E-002   4.1180760354446101E-002
   1.2029999494552612        2.1346746463322984E-002   3.6832452353265273E-002
   1.2059999704360962        1.8894888536074756E-002   3.2555935756915885E-002
   1.2089999914169312        1.6479690221489353E-002   2.8354949817679460E-002
   1.2120000123977661        1.4103427602896144E-002   2.4232907016840482E-002
   1.2150000333786011        1.1768302528773946E-002   2.0193083681266259E-002
   1.2180000543594360        9.4764277946647168E-003   1.6238592301853091E-002
   1.2209999561309814        7.2299281248729922E-003   1.2372557659537894E-002
   1.2239999771118164        5.0305728193879616E-003   8.5974858805201414E-003
   1.2269999980926514        2.8803155252456730E-003   4.9161980874036599E-003
   1.2300000190734863        7.8093318596104706E-004   1.3312056398763243E-003
   1.2330000400543213       -1.2658851765041121E-003  -2.1551334214630954E-003
   1.2359999418258667       -3.2584610944033860E-003  -5.5404818226157037E-003
   1.2389999628067017       -5.1954414183410409E-003  -8.8230568315292267E-003
   1.2419999837875366       -7.0753255957727735E-003  -1.2000825010959480E-002
   1.2450000047683716       -8.8967836813221186E-003  -1.5072043094757764E-002
   1.2480000257492065       -1.0658577089336168E-002  -1.8035121120388017E-002
   1.2510000467300415       -1.2359557992590114E-002  -2.0888621493526487E-002
   1.2539999485015869       -1.3998609555164420E-002  -2.3631155549713095E-002
   1.2569999694824219       -1.5574898954465743E-002  -2.6261808128598775E-002
   1.2599999904632568       -1.7087491664656545E-002  -2.8779489994851578E-002
   1.2630000114440918       -1.8535609409422071E-002  -3.1183373584322542E-002
   1.2660000324249268       -1.9918569728722097E-002  -3.3472781729204461E-002
   1.2690000534057617       -2.1235783603382605E-002  -3.5647182384142329E-002
   1.2719999551773071       -2.2486701774728050E-002  -3.7706118347143526E-002
   1.2749999761581421       -2.3671017144775104E-002  -3.9649519716053849E-002
   1.2779999971389771       -2.4788365914886801E-002  -4.1477210597814479E-002
   1.2810000181198120       -2.5838526949929948E-002  -4.3189249576024685E-002
   1.2840000391006470       -2.6821360403508375E-002  -4.4785834275925487E-002
   1.2869999408721924       -2.7736797969568860E-002  -4.6267245226703495E-002
   1.2899999618530273       -2.8584951459997912E-002  -4.7634077077641689E-002
   1.2929999828338623       -2.9365924884424823E-002  -4.8886882472089735E-002
   1.2960000038146973       -3.0079935556422171E-002  -5.0026408575423474E-002
   1.2990000247955322       -3.0727293695947271E-002  -5.1053533612542203E-002
   1.3020000457763672       -3.1308392948746953E-002  -5.1969269557683231E-002
   1.3049999475479126       -3.1823690121501540E-002  -5.2774720573429253E-002
   1.3079999685287476       -3.2273788150119928E-002  -5.3471214941317381E-002
   1.3109999895095825       -3.2659302167432222E-002  -5.4060093270900854E-002
   1.3140000104904175       -3.2980954590774186E-002  -5.4542868136355747E-002
   1.3170000314712524       -3.3239541916208662E-002  -5.4921140194340294E-002
   1.3200000524520874       -3.3435936885895967E-002  -5.5196653233769120E-002
   1.3229999542236328       -3.3571081545550462E-002  -5.5371236659433755E-002
   1.3259999752044678       -3.3646005161866784E-002  -5.5446841341218196E-002
   1.3289999961853027       -3.3661792701659275E-002  -5.5425514054731895E-002
   1.3320000171661377       -3.3619598186965229E-002  -5.5309395949300143E-002
   1.3350000381469727       -3.3520649749478965E-002  -5.5100726162299232E-002
   1.3380000591278076       -3.3366227146472152E-002  -5.4801840590838015E-002
   1.3409999608993530       -3.3157692835664422E-002  -5.4415173362151341E-002
   1.3439999818801880       -3.2896430261346282E-002  -5.3943196419242626E-002
   1.3470000028610229       -3.2583914825400399E-002  -5.3388504870358240E-002
   1.3500000238418579       -3.2221662333726614E-002  -5.2753762280188903E-002
   1.3530000448226929       -3.1811237186028671E-002  -5.2041689675207656E-002
   1.3559999465942383       -3.1354276961857025E-002  -5.1255117257503598E-002
   1.3589999675750732       -3.0852407276480545E-002  -5.0396844100807713E-002
   1.3619999885559082       -3.0307349762169828E-002  -4.9469814702311224E-002
   1.3650000095367432       -2.9720849204634490E-002  -4.8476993480822107E-002
   1.3680000305175781       -2.9094688108615444E-002  -4.7421408077181378E-002
   1.3710000514984131       -2.8430685521618045E-002  -4.6306113132848291E-002
   1.3739999532699585       -2.7730718492910197E-002  -4.5134265393785698E-002
   1.3769999742507935       -2.6996605455567205E-002  -4.3908903189842523E-002
   1.3799999952316284       -2.6230278800453491E-002  -4.2633245448052526E-002
   1.3830000162124634       -2.5433663055783422E-002  -4.1310487053473954E-002
   1.3860000371932983       -2.4608704775306526E-002  -3.9943839602915442E-002
   1.3890000581741333       -2.3757360335169592E-002  -3.8536534920716528E-002
   1.3919999599456787       -2.2881643566429240E-002  -3.7091878141464189E-002
   1.3949999809265137       -2.1983467040289115E-002  -3.5612998310943798E-002
   1.3980000019073486       -2.1064858155246620E-002  -3.4103210101521633E-002
   1.4010000228881836       -2.0127810703181492E-002  -3.2565757488893156E-002
   1.4040000438690186       -1.9174324431796883E-002  -3.1003883008178620E-002
   1.4069999456405640       -1.8206428812252418E-002  -2.9420882222085016E-002
   1.4099999666213989       -1.7226037550953505E-002  -2.7819839046372995E-002
   1.4129999876022339       -1.6235170839332375E-002  -2.6204009241046492E-002
   1.4160000085830688       -1.5235796403887711E-002  -2.4576557020809645E-002
   1.4190000295639038       -1.4229869664279594E-002  -2.2940615877725817E-002
   1.4220000505447388       -1.3219329290979282E-002  -2.1299288186312298E-002
   1.4249999523162842       -1.2206132118865926E-002  -1.9655698589300507E-002
   1.4279999732971191       -1.1192093172136435E-002  -1.8012733388105700E-002
   1.4309999942779541       -1.0179121040840415E-002  -1.6373426016304562E-002
   1.4340000152587891       -9.1690562878476139E-003  -1.4740694553781070E-002
   1.4370000362396240       -8.1637049239439430E-003  -1.3117399218885066E-002
   1.4400000572204590       -7.1648441197868654E-003  -1.1506341556857650E-002
   1.4429999589920044       -6.1742485215464356E-003  -9.9103199608706980E-003
   1.4459999799728394       -5.1935387628704345E-003  -8.3318772458573394E-003
   1.4490000009536743       -4.2244106843875757E-003  -6.7736766457866908E-003
   1.4520000219345093       -3.2684762173781148E-003  -5.2382388167008668E-003
   1.4550000429153442       -2.3273013850532392E-003  -3.7280099361521380E-003
   1.4579999446868896       -1.4024402096251426E-003  -2.2454119188021707E-003
   1.4609999656677246       -4.9528526820040897E-004  -7.9260530084011816E-004
   1.4639999866485596        3.9271276655948855E-004   6.2815848528646073E-004
   1.4670000076293945        1.2601949822761912E-003   2.0147781166821510E-003
   1.4700000286102295        2.1058593644921945E-003   3.3652452425152013E-003
   1.4730000495910645        2.9284620550411723E-003   4.6776467987526462E-003
   1.4759999513626099        3.7267882869254374E-003   5.9501173915894939E-003
   1.4789999723434448        4.4997790487417795E-003   7.1810426835267060E-003
   1.4819999933242798        5.2463427579109928E-003   8.3687570884283038E-003
   1.4850000143051147        5.9654852397015975E-003   9.5117505990560645E-003
   1.4880000352859497        6.6562760379029091E-003   1.0608617835571536E-002
   1.4910000562667847        7.3178525458628694E-003   1.1658060270748082E-002
   1.4939999580383301        7.9493946035144401E-003   1.2658849365112714E-002
   1.4969999790191650        8.5502251695524778E-003   1.3609983050373460E-002
   1.5000000000000000        9.1196600538862201E-003   1.4510446912444243E-002
   1.5030000209808350        9.6571103951016077E-003   1.5359380516166116E-002
   1.5060000419616699        1.0162058127819616E-002   1.6156032844439304E-002
   1.5089999437332153        1.0634035724202531E-002   1.6899737053898238E-002
   1.5119999647140503        1.1072703558653698E-002   1.7590022043496127E-002
   1.5149999856948853        1.1477734639351150E-002   1.8226440618153355E-002
   1.5180000066757202        1.1848890978522120E-002   1.8808688097498270E-002
   1.5210000276565552        1.2186006663607142E-002   1.9336568850848036E-002
   1.5240000486373901        1.2488984848760079E-002   1.9809996024922286E-002
   1.5269999504089355        1.2757788047278317E-002   2.0228974111264040E-002
   1.5299999713897705        1.2992479204775068E-002   2.0593667597314944E-002
   1.5329999923706055        1.3193156594020851E-002   2.0904297508092504E-002
   1.5360000133514404        1.3359997186426159E-002   2.1161202818785058E-002
   1.5390000343322754        1.3493245405404421E-002   2.1364828738657849E-002
   1.5420000553131104        1.3593208809965717E-002   2.1515718618342849E-002
   1.5449999570846558        1.3660259120137495E-002   2.1614517658287022E-002
   1.5479999780654907        1.3694836160480653E-002   2.1661975657143284E-002
   1.5509999990463257        1.3697434381314638E-002   2.1658921524675721E-002
   1.5540000200271606        1.3668610298286525E-002   2.1606286774912900E-002
   1.5570000410079956        1.3608978482339530E-002   2.1505088841639750E-002
   1.5599999427795410        1.3519212826342619E-002   2.1356438298797489E-002
   1.5629999637603760        1.3400033787205791E-002   2.1161512059784105E-002
   1.5659999847412109        1.3252220949294799E-002   2.0921582612215731E-002
   1.5690000057220459        1.3076602457744304E-002   2.0637997073319040E-002
   1.5720000267028809        1.2874054687127967E-002   2.0312174470465291E-002
   1.5750000476837158        1.2645500975260449E-002   1.9945601953880076E-002
   1.5779999494552612        1.2391916731302544E-002   1.9539852779755246E-002
   1.5809999704360962        1.2114290056197238E-002   1.9096511024684647E-002
   1.5839999914169312        1.1813675368801756E-002   1.8617268238081134E-002
   1.5870000123977661        1.1491155665306181E-002   1.8103853776742042E-002
   1.5900000333786011        1.1147846504758436E-002   1.7558048072624031E-002
   1.5930000543594360        1.0784893461405032E-002   1.6981676801477621E-002
   1.5959999561309814        1.0403488299179297E-002   1.6376634942991897E-002
   1.5989999771118164        1.0004799836818335E-002   1.5744776995954637E-002
   1.6019999980926514        9.5900645430821215E-003   1.5088066327217478E-002
   1.6050000190734863        9.1605261445558400E-003   1.4408470416606117E-002
   1.6080000400543213        8.7174435517138413E-003   1.3707977780572912E-002
   1.6109999418258667        8.2621065205175891E-003   1.2988628973319299E-002
   1.6139999628067017        7.7957647911790400E-003   1.2252391859513946E-002
   1.6169999837875366        7.3197261755592359E-003   1.1501331198134125E-002
   1.6200000047683716        6.8352889562576487E-003   1.0737485624921729E-002
   1.6230000257492065        6.3437522847651934E-003   9.9628998572657192E-003
   1.6260000467300415        5.8464146129118249E-003   9.1796115624629814E-003
   1.6289999485015869        5.3445907009759307E-003   8.3896854237401619E-003
   1.6319999694824219        4.8395285723915760E-003   7.5950765546533815E-003
   1.6349999904632568        4.3325277409273222E-003   6.7978190272083633E-003
   1.6380000114440918        3.8248544369945902E-003   5.9998947525588117E-003
   1.6410000324249268        3.3177603378238031E-003   5.2032600726054819E-003
   1.6440000534057617        2.8124793716527525E-003   4.4098409212189023E-003
   1.6469999551773071        2.3102449184577846E-003   3.6215627565297096E-003
   1.6499999761581421        1.8122076755891813E-003   2.8402172134751377E-003
   1.6529999971389771        1.3195523889984707E-003   2.0676503433671948E-003
   1.6560000181198120        8.3341565768698896E-004   1.3056304983283399E-003
   1.6590000391006470        3.5490373754954292E-004   5.5587690439222730E-004
   1.6619999408721924       -1.1489148600889554E-004  -1.7991464493304771E-004
   1.6649999618530273       -5.7496922076514655E-004  -9.0019193762441122E-004
   1.6679999828338623       -1.0243095511460738E-003  -1.6033738936558366E-003
   1.6710000038146973       -1.4619507781920553E-003  -2.2879716877273657E-003
   1.6740000247955322       -1.8869724493639746E-003  -2.9525617730023828E-003
   1.6770000457763672       -2.2984973691028807E-003  -3.5957883852090937E-003
   1.6799999475479126       -2.6956773524594376E-003  -4.2163427916477331E-003
   1.6829999685287476       -3.0777579316720268E-003  -4.8130634122155666E-003
   1.6859999895095825       -3.4439850896534146E-003  -5.3847889139170243E-003
   1.6890000104904175       -3.7936697720171398E-003  -5.9304600468186959E-003
   1.6920000314712524       -4.1261736829802959E-003  -6.4490990158641726E-003
   1.6950000524520874       -4.4409109210847260E-003  -6.9398073076608639E-003
   1.6979999542236328       -4.7373355574971080E-003  -7.4017517069239090E-003
   1.7009999752044678       -5.0149912227926627E-003  -7.8342373406037388E-003
   1.7039999961853027       -5.2734393257682140E-003  -8.2365974680423965E-003
   1.7070000171661377       -5.5123094315572690E-003  -8.6082717580782016E-003
   1.7100000381469727       -5.7312852780907484E-003  -8.9487851111777258E-003
   1.7130000591278076       -5.9301065450437021E-003  -9.2577487695520780E-003
   1.7159999608993530       -6.1085619566371378E-003  -9.5348494606509755E-003
   1.7189999818801880       -6.2665175292512488E-003  -9.7798962568475725E-003
   1.7220000028610229       -6.4038722092296446E-003  -9.9927490101262718E-003
   1.7250000238418579       -6.5205883182033308E-003  -1.0173363216631663E-002
   1.7280000448226929       -6.6166837069568003E-003  -1.0321783562102229E-002
   1.7309999465942383       -6.6922276275909057E-003  -1.0438133709252465E-002
   1.7339999675750732       -6.7473518423093537E-003  -1.0522633156476273E-002
   1.7369999885559082       -6.7822311233736868E-003  -1.0575569481673349E-002
   1.7400000095367432       -6.7970966536044586E-003  -1.0597316824243273E-002
   1.7430000305175781       -6.7922307913594344E-003  -1.0588324894350295E-002
   1.7460000514984131       -6.7679640362831861E-003  -1.0549125904033655E-002
   1.7489999532699585       -6.7246794607910432E-003  -1.0480325149072753E-002
   1.7519999742507935       -6.6627998499313957E-003  -1.0382594972369904E-002
   1.7549999952316284       -6.5827999949034117E-003  -1.0256682099246702E-002
   1.7580000162124634       -6.4851962535207794E-003  -1.0103401135657280E-002
   1.7610000371932983       -6.3705465583920500E-003  -9.9236311211091353E-003
   1.7640000581741333       -6.2394494228294409E-003  -9.7183116455647981E-003
   1.7669999599456787       -6.0925485633954862E-003  -9.4884517753184953E-003
   1.7699999809265137       -5.9305041755591884E-003  -9.2350861773580570E-003
   1.7730000019073486       -5.7540289219984112E-003  -8.9593312511783811E-003
   1.7760000228881836       -5.5638611760791615E-003  -8.6623403646245520E-003
   1.7790000438690186       -5.3607686751467780E-003  -8.3453120170955408E-003
   1.7819999456405640       -5.1455548273177734E-003  -8.0095033007110458E-003
   1.7849999666213989       -4.9190218339367946E-003  -7.6561622027765935E-003
   1.7879999876022339       -4.6820195831184857E-003  -7.2866153821026644E-003
   1.7910000085830688       -4.4354084375347594E-003  -6.9022027662153677E-003
   1.7940000295639038       -4.1800660314319227E-003  -6.5042904703773103E-003
   1.7970000505447388       -3.9168845494358629E-003  -6.0942671056293720E-003
   1.7999999523162842       -3.6467779405041667E-003  -5.6735546734818336E-003
   1.8029999732971191       -3.3706377012049323E-003  -5.2435379100542398E-003
   1.8059999942779541       -3.0893924924518187E-003  -4.8056610044251930E-003
   1.8090000152587891       -2.8039647088495801E-003  -4.3613561083841552E-003
   1.8120000362396240       -2.5152774085250148E-003  -3.9120568773651308E-003
   1.8150000572204590       -2.2242518230690986E-003  -3.4591926834263305E-003
   1.8179999589920044       -1.9318163399672877E-003  -3.0042041289436005E-003
   1.8209999799728394       -1.6388575095010918E-003  -2.5484663476055139E-003
   1.8240000009536743       -1.3462867810839344E-003  -2.0933925979486280E-003
   1.8270000219345093       -1.0549919239442895E-003  -1.6403592825671057E-003
   1.8300000429153442       -7.6584603902444658E-004  -1.1907191351092203E-003
   1.8329999446868896       -4.7971621119975727E-004  -7.4581584912036911E-004
   1.8359999656677246       -1.9741588852446474E-004  -3.0690931063122659E-004
   1.8389999866485596        8.0229103821985182E-005   1.2472168663084612E-004
   1.8420000076293945        3.5242855537521685E-004   5.4785360993031573E-004
   1.8450000286102295        6.1841853686025073E-004   9.6130396312549510E-004
   1.8480000495910645        8.7746347806063512E-004   1.3639342069638361E-003
   1.8509999513626099        1.1288482719658953E-003   1.7546379428787188E-003
   1.8539999723434448        1.3719199703002925E-003   2.1324049138707378E-003
   1.8569999933242798        1.6060292509279199E-003   2.4962305568897577E-003
   1.8600000143051147        1.8305726193589499E-003   2.8451815205039750E-003
   1.8630000352859497        2.0449838647135709E-003   3.1783817292571994E-003
   1.8660000562667847        2.2487352275421422E-003   3.4950155033695259E-003
   1.8689999580383301        2.4413311969272767E-003   3.7943166402355124E-003
   1.8719999790191650        2.6223404065935352E-003   4.0756182140655262E-003
   1.8750000000000000        2.7913500884078333E-003   4.3382814915865460E-003
   1.8780000209808350        2.9479983615701240E-003   4.5817470790952752E-003
   1.8810000419616699        3.0919671930078846E-003   4.8055236203183886E-003
   1.8839999437332153        3.2229773033723252E-003   5.0091787878697681E-003
   1.8869999647140503        3.3408104576222865E-003   5.1923755427789129E-003
   1.8899999856948853        3.4452769819260085E-003   5.3548200908603606E-003
   1.8930000066757202        3.5362380970450093E-003   5.4962985836672969E-003
   1.8960000276565552        3.6136008267580299E-003   5.6166652039235671E-003
   1.8990000486373901        3.6773169825208454E-003   5.7158466674317255E-003
   1.9019999504089355        3.7273818450959096E-003   5.7938341171086781E-003
   1.9049999713897705        3.7638410001041441E-003   5.8506980801791061E-003
   1.9079999923706055        3.7867775113718753E-003   5.8865668180378399E-003
   1.9110000133514404        3.7963210908472256E-003   5.9016395181048882E-003
   1.9140000343322754        3.7926429229880555E-003   5.8961806039928748E-003
   1.9170000553131104        3.7759570439334440E-003   5.8705198944724608E-003
   1.9199999570846558        3.7465189165284581E-003   5.8250515155478227E-003
   1.9229999780654907        3.7046193329296298E-003   5.7602245870999906E-003
   1.9259999990463257        3.6505917060849335E-003   5.6765533034336601E-003
   1.9290000200271606        3.5848036490224236E-003   5.5746060586582226E-003
   1.9320000410079956        3.5076595704955612E-003   5.4550056489679252E-003
   1.9349999427795410        3.4196000037110875E-003   5.3184336445894148E-003
   1.9379999637603760        3.3210866525479480E-003   5.1656033751142118E-003
   1.9409999847412109        3.2126220627960527E-003   4.9972898474384270E-003
   1.9440000057220459        3.0947325292921004E-003   4.8143080391533487E-003
   1.9470000267028809        2.9679712639202192E-003   4.6175120389976990E-003
   1.9500000476837158        2.8329146473736453E-003   4.4077928021463682E-003
   1.9529999494552612        2.6901669840695770E-003   4.1860842874795216E-003
   1.9559999704360962        2.5403344229135310E-003   3.9533250475526716E-003
   1.9589999914169312        2.3840576422551620E-003   3.7105052023454536E-003
   1.9620000123977661        2.2219861629407555E-003   3.4586300548720937E-003
   1.9650000333786011        2.0547824491910765E-003   3.1987245324525855E-003
   1.9680000543594360        1.8831189262653418E-003   2.9318302806968849E-003
   1.9709999561309814        1.7076822820767418E-003   2.6590108334963486E-003
   1.9739999771118164        1.5291439536082715E-003   2.3813058416437007E-003
   1.9769999980926514        1.3481988951404562E-003   2.0997924817838633E-003
   1.9800000190734863        1.1655352580037534E-003   1.8155380996568663E-003
   1.9830000400543213        9.8183958339673758E-004   1.5296068784199060E-003
   1.9859999418258667        7.9780080170799631E-004   1.2430684557277179E-003
   1.9889999628067017        6.1407926412462702E-004   9.5694764193702023E-004
   1.9919999837875366        4.3134811015144495E-004   6.7229014749970231E-004
   1.9950000047683716        2.5026163916100417E-004   3.9011275871674099E-004
   1.9980000257492065        7.1460459087440112E-005   1.1141166783504675E-004
   2.0009999275207520       -1.0442376249710946E-004  -1.6283027566957114E-004
   2.0039999485015869       -2.7679830352142271E-004  -4.3169010853884331E-004
   2.0069999694824219       -4.4506939295108365E-004  -6.9424257992710251E-004
   2.0099999904632568       -6.0867227343575385E-004  -9.4960701742966100E-004
   2.0130000114440918       -7.6706608101035181E-004  -1.1969389580024487E-003
   2.0160000324249268       -9.1973543349356459E-004  -1.4354331593307062E-003
   2.0190000534057617       -1.0661923299759182E-003  -1.6643263744726940E-003
   2.0220000743865967       -1.2059774229591649E-003  -1.8828988753181995E-003
   2.0250000953674316       -1.3386618452740301E-003  -2.0904782001263471E-003
   2.0280001163482666       -1.4638479759343207E-003  -2.2864396346088467E-003
   2.0309998989105225       -1.5811621748160506E-003  -2.4701949451934602E-003
   2.0339999198913574       -1.6902922329219252E-003  -2.6412515450110943E-003
   2.0369999408721924       -1.7909324019092121E-003  -2.7991255476252025E-003
   2.0399999618530273       -1.8828222442654210E-003  -2.9434034214678084E-003
   2.0429999828338623       -1.9657373203389584E-003  -3.0737277364112905E-003
   2.0460000038146973       -2.0394900481979471E-003  -3.1897970698964622E-003
   2.0490000247955322       -2.1039301393425917E-003  -3.2913678679101191E-003
   2.0520000457763672       -2.1589446102616935E-003  -3.3782547909253120E-003
   2.0550000667572021       -2.2044577947642184E-003  -3.4503300919634496E-003
   2.0580000877380371       -2.2404318913655870E-003  -3.5075246251658979E-003
   2.0610001087188721       -2.2668658045593903E-003  -3.5498258589349917E-003
   2.0639998912811279       -2.2837950374551049E-003  -3.5772792078703881E-003
   2.0669999122619629       -2.2912946673651520E-003  -3.5899906077781138E-003
   2.0699999332427979       -2.2894717782839177E-003  -3.5881162769401242E-003
   2.0729999542236328       -2.2784698949648067E-003  -3.5718691886887271E-003
   2.0759999752044678       -2.2584670791861621E-003  -3.5415171701726512E-003
   2.0789999961853027       -2.2296747469479641E-003  -3.4973783391943603E-003
   2.0820000171661377       -2.1923363684343581E-003  -3.4398225266121492E-003
   2.0850000381469727       -2.1467262948161175E-003  -3.3692678052289235E-003
   2.0880000591278076       -2.0931486597859424E-003  -3.2861788132752517E-003
   2.0910000801086426       -2.0319357176315140E-003  -3.1910648901544839E-003
   2.0940001010894775       -1.9634462130961885E-003  -3.0844768890442077E-003
   2.0969998836517334       -1.8880702537824377E-003  -2.9670150618123651E-003
   2.0999999046325684       -1.8062025035735284E-003  -2.8392880159700709E-003
   2.1029999256134033       -1.7182772188042365E-003  -2.7019665408499999E-003
   2.1059999465942383       -1.6247420018693697E-003  -2.5557429890830196E-003
   2.1089999675750732       -1.5260621085996131E-003  -2.4013383334504489E-003
   2.1119999885559082       -1.4227183499250912E-003  -2.2394985648376028E-003
   2.1150000095367432       -1.3152048507382135E-003  -2.0709915495183205E-003
   2.1180000305175781       -1.2040268817367461E-003  -1.8966034396480109E-003
   2.1210000514984131       -1.0896991483926206E-003  -1.7171360409560981E-003
   2.1240000724792480       -9.7274295766451222E-004  -1.5334030689323165E-003
   2.1270000934600830       -8.5368459610537021E-004  -1.3462269045839989E-003
   2.1300001144409180       -7.3305285745905015E-004  -1.1564344962819958E-003
   2.1329998970031738       -6.1138664445056215E-004  -9.6487047761100017E-004
   2.1359999179840088       -4.8919385013133769E-004  -7.7233156972680253E-004
   2.1389999389648438       -3.6700744745458053E-004  -5.7965538703635326E-004
   2.1419999599456787       -2.4534472898784637E-004  -3.8765583983240668E-004
   2.1449999809265137       -1.2471465041363557E-004  -1.9713518307234076E-004
   2.1480000019073486       -5.6159507402334132E-006  -8.8807460328430625E-006
   2.1510000228881836        1.1146490838296176E-004   1.7633814691058955E-004
   2.1540000438690186        2.2605568371835197E-004   3.5777333326812071E-004
   2.1570000648498535        3.3770016898239602E-004   5.3470065154314120E-004
   2.1600000858306885        4.4596004138859423E-004   7.0642289029397825E-004
   2.1630001068115234        5.5041650893723499E-004   8.7227245724639992E-004
   2.1659998893737793        6.5066416080866761E-004   1.0316014638224620E-003
   2.1689999103546143        7.4634404787068378E-004   1.1838346546663566E-003
   2.1719999313354492        8.3709705532271405E-004   1.3283949723269218E-003
   2.1749999523162842        9.2259780871259650E-004   1.4647576282636914E-003
   2.1779999732971191        1.0025471611430556E-003   1.5924384792786305E-003
   2.1809999942779541        1.0766738535174618E-003   1.7109963465841867E-003
   2.1840000152587891        1.1447350074057327E-003   1.8200339535950204E-003
   2.1870000362396240        1.2065171107656964E-003   1.9191997476774758E-003
   2.1900000572204590        1.2618365342607887E-003   2.0081888964079758E-003
   2.1930000782012939        1.3105403786929019E-003   2.0867442580431114E-003
   2.1960000991821289        1.3525065519837767E-003   2.1546571102501601E-003
   2.1989998817443848        1.3876416862546033E-003   2.2117633308357718E-003
   2.2019999027252197        1.4158918232230521E-003   2.2579617028425669E-003
   2.2049999237060547        1.4372256643433732E-003   2.2931861898199120E-003
   2.2079999446868896        1.4516461409670041E-003   2.3174244008042260E-003
   2.2109999656677246        1.4591871372561245E-003   2.3307133904034018E-003
   2.2139999866485596        1.4599128293097952E-003   2.3331387191138282E-003
   2.2170000076293945        1.4539174278440827E-003   2.3248333065699145E-003
   2.2200000286102295        1.4413241367483892E-003   2.3059765014434904E-003
   2.2230000495910645        1.4222849534516412E-003   2.2767933564363536E-003
   2.2260000705718994        1.3969789493668747E-003   2.2375531745598230E-003
   2.2290000915527344        1.3656118445620883E-003   2.1885677173700486E-003
   2.2320001125335693        1.3284145320082929E-003   2.1301897148139604E-003
   2.2349998950958252        1.2856453915906264E-003   2.0628162250925152E-003
   2.2379999160766602        1.2375752735973519E-003   1.9868649687936686E-003
   2.2409999370574951        1.1845058283569319E-003   1.9028043727746999E-003
   2.2439999580383301        1.1267553271021688E-003   1.8111296456213689E-003
   2.2469999790191650        1.0646600312688621E-003   1.7123659060314371E-003
   2.2500000000000000        9.9857220431162673E-004   1.6070657265368103E-003
   2.2530000209808350        9.2885890373802145E-004   1.4958059002049462E-003
   2.2560000419616699        8.5589959324075440E-004   1.3791849122838837E-003
   2.2590000629425049        7.8008462813316420E-004   1.2578197161820415E-003
   2.2620000839233398        7.0181321917437594E-004   1.1323432293353349E-003
   2.2650001049041748        6.2149153740098618E-004   1.0034008917563135E-003
   2.2679998874664307        5.3953723896111791E-004   8.7165817026909546E-004
   2.2709999084472656        4.5635132267625401E-004   7.3775569537658583E-004
   2.2739999294281006        3.7235538000342526E-004   6.0236854932468290E-004
   2.2769999504089355        2.8796353791390490E-004   4.6616152151372585E-004
   2.2799999713897705        2.0358705413447430E-004   3.2979674143164772E-004
   2.2829999923706055        1.1963238022738733E-004   1.9393005625993468E-004
   2.2860000133514404        3.6499194823146362E-005   5.9208325229915766E-005
   2.2890000343322754       -4.5421357451593984E-005  -7.3733652743972894E-005
   2.2920000553131104       -1.2574850336312176E-004  -2.0427612274075000E-004
   2.2950000762939453       -2.0411356744420392E-004  -3.3181712469442973E-004
   2.2980000972747803       -2.8016161766613581E-004  -4.5577529204197080E-004
   2.3010001182556152       -3.5355311965379538E-004  -5.7559236824184391E-004
   2.3039999008178711       -4.2395987635047901E-004  -6.9072692048152034E-004
   2.3069999217987061       -4.9108864375703681E-004  -8.0069289284648239E-004
   2.3099999427795410       -5.5464892021474797E-004  -9.0500658621561942E-004
   2.3129999637603760       -6.1437658086622884E-004  -1.0032262320697326E-003
   2.3159999847412109       -6.7002957890796599E-004  -1.0949443357252588E-003
   2.3190000057220459       -7.2138863829423236E-004  -1.1797889979531350E-003
   2.3220000267028809       -7.6825831383394902E-004  -1.2574261696175646E-003
   2.3250000476837158       -8.1046767853055492E-004  -1.3275606279730314E-003
   2.3280000686645508       -8.4787100211294473E-004  -1.3899368276574914E-003
   2.3310000896453857       -8.8034810719227760E-004  -1.4443407140796881E-003
   2.3340001106262207       -9.0780489821707061E-004  -1.4905995357716352E-003
   2.3369998931884766       -9.3017192062200575E-004  -1.5285800716859728E-003
   2.3399999141693115       -9.4741132824717965E-004  -1.5582008017985846E-003
   2.3429999351501465       -9.5950583571412652E-004  -1.5794132905554707E-003
   2.3459999561309814       -9.6646657311176846E-004  -1.5922149164282601E-003
   2.3489999771118164       -9.6833042727621625E-004  -1.5966456000291462E-003
   2.3519999980926514       -9.6515968287893465E-004  -1.5927870780819663E-003
   2.3550000190734863       -9.5704159379746449E-004  -1.5807619126437110E-003
   2.3580000400543213       -9.4408770748522972E-004  -1.5607330066090411E-003
   2.3610000610351562       -9.2643304628329778E-004  -1.5329025037584968E-003
   2.3640000820159912       -9.0423512918084417E-004  -1.4975097626342409E-003
   2.3670001029968262       -8.7767310302879571E-004  -1.4548308485616214E-003
   2.3699998855590820       -8.4694906960094561E-004  -1.4051804196113925E-003
   2.3729999065399170       -8.1227700834560657E-004  -1.3488936974289146E-003
   2.3759999275207520       -7.7389580738822380E-004  -1.2863485717640626E-003
   2.3789999485015869       -7.3205885215973238E-004  -1.2179474165337812E-003
   2.3819999694824219       -6.8703449384512115E-004  -1.1441193146701266E-003
   2.3849999904632568       -6.3910458600369808E-004  -1.0653168816197930E-003
   2.3880000114440918       -5.8856309708409462E-004  -9.8201461261898030E-004
   2.3910000324249268       -5.3571419645697912E-004  -8.9470548260070721E-004
   2.3940000534057617       -4.8087075884552672E-004  -8.0389874092004140E-004
   2.3970000743865967       -4.2435253091248153E-004  -7.1011700179239503E-004
   2.4000000953674316       -3.6648442517636339E-004  -6.1389332708284520E-004
   2.4030001163482666       -3.0759479248798876E-004  -5.1576856138690680E-004
   2.4059998989105225       -2.4801837364654558E-004  -4.1629613955138344E-004
   2.4089999198913574       -1.8807549297911126E-004  -3.1600779073998124E-004
   2.4119999408721924       -1.2809885514240293E-004  -2.1545779445957604E-004
   2.4149999618530273       -6.8412793456802467E-005  -1.1518876013395744E-004
   2.4179999828338623       -9.3363446063184294E-006  -1.5736567398690186E-005
   2.4210000038146973        4.8818432167481203E-005   8.2372435015025904E-005
   2.4240000247955322        1.0574807780360886E-004   1.7862412478798071E-004
   2.4270000457763672        1.6115927879663649E-004   2.7251927463075822E-004
   2.4300000667572021        2.1477035344205053E-004   3.6357611846221595E-004
   2.4330000877380371        2.6631272043635461E-004   4.5133278160023547E-004
   2.4360001087188721        3.1553214544392973E-004   5.3534965388766869E-004
   2.4389998912811279        3.6218648925336955E-004   6.1520537482435847E-004
   2.4419999122619629        4.0606146655902361E-004   6.9052399948628146E-004
   2.4449999332427979        4.4694936163590474E-004   7.6093875131719049E-004
   2.4479999542236328        4.8466519150577257E-004   8.2611966069994771E-004
   2.4509999752044678        5.1904356947344687E-004   8.8576828523373853E-004
   2.4539999961853027        5.4993958753717077E-004   9.3961957234858773E-004
   2.4570000171661377        5.7722929580826499E-004   9.8744255881127530E-004
   2.4600000381469727        6.0081034439534429E-004   1.0290419890448045E-003
   2.4630000591278076        6.2060216240511479E-004   1.0642584563671377E-003
   2.4660000801086426        6.3654644863978319E-004   1.0929696062797372E-003
   2.4690001010894775        6.4860709432161914E-004   1.1150902342025341E-003
   2.4719998836517334        6.5676974262658845E-004   1.1305716566396261E-003
   2.4749999046325684        6.6104403268796123E-004   1.1394059386999101E-003
   2.4779999256134033        6.6145928791509236E-004   1.1416183673946517E-003
   2.4809999465942383        6.5806726795913939E-004   1.1372728346389191E-003
   2.4839999675750732        6.5094070774902868E-004   1.1264690990850006E-003
   2.4869999885559082        6.4017277403735379E-004   1.1093425579806900E-003
   2.4900000095367432        6.2587627966930696E-004   1.0860626405294726E-003
   2.4930000305175781        6.0818299104907925E-004   1.0568323081886213E-003
   2.4960000514984131        5.8724261247251712E-004   1.0218861621519118E-003
   2.4990000724792480        5.6322181964336201E-004   9.8148908177201071E-004
   2.5020000934600830        5.3630300857483910E-004   9.3593448041813727E-004
   2.5050001144409180        5.0668329874031619E-004   8.8554246520779569E-004
   2.5079998970031738        4.7457582628009011E-004   8.3066234381347153E-004
   2.5109999179840088        4.4019786410878342E-004   7.7165282990355295E-004
   2.5139999389648438        4.0378496453902961E-004   7.0890561631423946E-004
   2.5169999599456787        3.6557937490635628E-004   6.4282633732858020E-004
   2.5199999809265137        3.2583103345741772E-004   5.7383609814340474E-004
   2.5230000019073486        2.8479597549256803E-004   5.0236894353099899E-004
   2.5260000228881836        2.4273484462286653E-004   4.2886930659069388E-004
   2.5290000438690186        1.9991128617848189E-004   3.5378941530488117E-004
   2.5320000648498535        1.5659039935605061E-004   2.7758656657233925E-004
   2.5350000858306885        1.1303711431329480E-004   2.0072049869134233E-004
   2.5380001068115234        6.9514680397901160E-005   1.2365066923487880E-004
   2.5409998893737793        2.6286510113882384E-005   4.6839740281288977E-005
   2.5439999103546143       -1.6399059867185455E-005  -2.9273526526680284E-005
   2.5469999313354492       -5.8289588303151410E-005  -1.0424013397030027E-004
   2.5499999523162842       -9.9143753907191595E-005  -1.7762785305960063E-004
   2.5529999732971191       -1.3872926164397860E-004  -2.4901756917798359E-004
   2.5559999942779541       -1.7682417404369988E-004  -3.1800562778284952E-004
   2.5590000152587891       -2.1321814708270638E-004  -3.8420607792145461E-004
   2.5620000362396240       -2.4771356816402710E-004  -4.4725282312764030E-004
   2.5650000572204590       -2.8012664515425013E-004  -5.0680160162050708E-004
   2.5680000782012939       -3.1028838679523498E-004  -5.6253193335768553E-004
   2.5710000991821289       -3.3804551438972269E-004  -6.1414876211093481E-004
   2.5739998817443848       -3.6325929683770920E-004  -6.6138032441740867E-004
   2.5769999027252197       -3.8581412149686417E-004  -7.0399455839238853E-004
   2.5799999237060547       -4.0560590404825251E-004  -7.4177727905913821E-004
   2.5829999446868896       -4.2255093968828850E-004  -7.7454899483019512E-004
   2.5859999656677246       -4.3658400039660989E-004  -8.0216151628245864E-004
   2.5889999866485596       -4.4765866009571016E-004  -8.2449883526211827E-004
   2.5920000076293945       -4.5574732893275728E-004  -8.4147737315123222E-004
   2.5950000286102295       -4.6084126769695263E-004  -8.5304626387522917E-004
   2.5980000495910645       -4.6295055986354426E-004  -8.5918731818020546E-004
   2.6010000705718994       -4.6210373009204021E-004  -8.5991507263479938E-004
   2.6040000915527344       -4.5834742546579037E-004  -8.5527626842955991E-004
   2.6070001125335693       -4.5174610230743308E-004  -8.4534906167433720E-004
   2.6099998950958252       -4.4238205298584651E-004  -8.3024410939544024E-004
   2.6129999160766602       -4.3035176025017378E-004  -8.1009816249284284E-004
   2.6159999370574951       -4.1576951505587764E-004  -7.8508008875372113E-004
   2.6189999580383301       -3.9876375286455645E-004  -7.5538523254013485E-004
   2.6219999790191650       -3.7947677006859354E-004  -7.2123492132792927E-004
   2.6250000000000000       -3.5806371725236415E-004  -6.8287490315565452E-004
   2.6280000209808350       -3.3469150390152421E-004  -6.4057340412448601E-004
   2.6310000419616699       -3.0953752110396768E-004  -5.9461924871409566E-004
   2.6340000629425049       -2.8278856244774752E-004  -5.4532000159720844E-004
   2.6370000839233398       -2.5463937975273916E-004  -4.9299939788662430E-004
   2.6400001049041748       -2.2529150237515395E-004  -4.3799534355674251E-004
   2.6429998874664307       -1.9495425543672429E-004  -3.8066220314395265E-004
   2.6459999084472656       -1.6383364375771307E-004  -3.2134970857206958E-004
   2.6489999294281006       -1.3214547645098608E-004  -2.6042794491776576E-004
   2.6519999504089355       -1.0010436119120976E-004  -1.9826668515151810E-004
   2.6549999713897705       -6.7924677421492364E-005  -1.3523721430150497E-004
   2.6579999923706055       -3.5819177645833370E-005  -7.1709582298079371E-005
   2.6610000133514404       -3.9976413825652039E-006  -8.0499179028187782E-006
   2.6640000343322754        2.7334487796942402E-005   5.5382340296598198E-005
   2.6670000553131104        5.7977397951871479E-005   1.1823724298430011E-004
   2.6700000762939453        8.7738162701707880E-005   1.8017718556527566E-004
   2.6730000972747803        1.1643194582266220E-004   2.4087978323433497E-004
   2.6760001182556152        1.4388315116994172E-004   3.0004095599730178E-004
   2.6789999008178711        1.6992444940376917E-004   3.5737350238840618E-004
   2.6819999217987061        1.9440600096220557E-004   4.1262848526584938E-004
   2.6849999427795410        2.1718386536856272E-004   4.6557163049931586E-004
   2.6879999637603760        2.3812929290405126E-004   5.1600562750674756E-004
   2.6909999847412109        2.5712730796499840E-004   5.6377038783361928E-004
   2.6940000057220459        2.7407731880204332E-004   6.0874858919635760E-004
   2.6970000267028809        2.8889367647816914E-004   6.5087311666201181E-004
   2.7000000476837158        3.0150611333095372E-004   6.9013632323612010E-004
   2.7030000686645508        3.1186007473859185E-004   7.2660306054670983E-004
   2.7060000896453857        3.1991689322056127E-004   7.6042911912002436E-004
   2.7090001106262207        3.2565396477157851E-004   7.9188858704741321E-004
   2.7119998931884766        3.2906446843241309E-004   8.2141349184345941E-004
   2.7149999141693115        3.3015826790258547E-004   8.4967049292876927E-004
   2.7179999351501465        3.2895998781592788E-004   8.7765935088657439E-004
   2.7209999561309814        3.2551003433045416E-004   9.0692222446252290E-004
   2.7239999771118164        3.1986372920191021E-004   9.3991606120931122E-004
   2.7269999980926514        3.1209084379685070E-004   9.8077464673398626E-004
   2.7300000190734863        3.0227491697737278E-004   1.0370217144695735E-003
   2.7330000400543213        2.9051265548769043E-004   1.1239780853437532E-003
   2.7360000610351562        2.7691303765322347E-004   1.2785639707024513E-003
   2.7390000820159912        2.6159647853289295E-004   1.6187312095813202E-003
   2.7420001029968262        2.4469392588392024E-004   2.8403503316111762E-003
   2.7449998855590820        2.2634728548659330E-004   9.4191313554837647E-003
   2.7479999065399170        2.0670243883915814E-004   1.0313495729815222E-003
   2.7509999275207520        1.8591693257226792E-004   3.5148320673347895E-004
   2.7539999485015869        1.6415302719023295E-004   1.2089798148359251E-004
   2.7569999694824219        1.4157790552148003E-004   1.8842826299841931E-005
   2.7599999904632568        1.1836250158820798E-004  -2.8204259199300996E-005
   2.7630000114440918        9.4680220659057264E-005  -4.6411344185992126E-005
   2.7660000324249268        7.0705706957985826E-005  -4.7550175136136249E-005
   2.7690000534057617        4.6613588707516650E-005  -3.7791899072894636E-005
   2.7720000743865967        2.2577256807909872E-005  -2.0755504621327024E-005
   2.7750000953674316       -1.2323587474029092E-006   1.2409082464342000E-006
   2.7780001163482666       -2.4647983386891723E-005   2.6601265612551290E-005
   2.7809998989105225       -4.7505363350470005E-005   5.4156475699689297E-005
   2.7839999198913574       -6.9651595189916993E-005   8.3014727736986248E-005
   2.7869999408721924       -9.0935284287476341E-005   1.1245754609754702E-004
   2.7899999618530273       -1.1121485828202008E-004   1.4189429304164793E-004
   2.7929999828338623       -1.3035766526918718E-004   1.7082658424107095E-004
   2.7960000038146973       -1.4824087896241100E-004   1.9882709356451838E-004
   2.7990000247955322       -1.6475221971518173E-004   2.2552569174780326E-004
   2.8020000457763672       -1.7979074954347697E-004   2.5060041019772509E-004
   2.8050000667572021       -1.9326738681818908E-004   2.7377127215026518E-004
   2.8080000877380371       -2.0510556951104983E-004   2.9479622590817840E-004
   2.8110001087188721       -2.1524155325771809E-004   3.1346819685209421E-004
   2.8139998912811279       -2.2362424786006050E-004   3.2961194641219048E-004
   2.8169999122619629       -2.3021796854915723E-004   3.4308748382794462E-004
   2.8199999332427979       -2.3499851110114100E-004   3.5378128625912855E-004
   2.8229999542236328       -2.3795608732322029E-004   3.6161059770214445E-004
   2.8259999752044678       -2.3909448840195519E-004   3.6652120759622008E-004
   2.8289999961853027       -2.3843085150465388E-004   3.6848673593190814E-004
   2.8320000171661377       -2.3599555656075865E-004   3.6750783754944716E-004
   2.8350000381469727       -2.3183173014877989E-004   3.6361107964637810E-004
   2.8380000591278076       -2.2599486195199064E-004   3.5684825760549948E-004
   2.8410000801086426       -2.1855223468043362E-004   3.4729519698492735E-004
   2.8440001010894775       -2.0958239475355644E-004   3.3505060789596922E-004
   2.8469998836517334       -1.9917518336252252E-004   3.2023615425603958E-004
   2.8499999046325684       -1.8742771120315512E-004   3.0299010547990047E-004
   2.8529999256134033       -1.7444836955591051E-004   2.8347293791438754E-004
   2.8559999465942383       -1.6035276485107695E-004   2.6186131958190663E-004
   2.8589999675750732       -1.4526357776699318E-004   2.3834737956928792E-004
   2.8619999885559082       -1.2930951380590240E-004   2.1313707503526637E-004
   2.8650000095367432       -1.1262430451013051E-004   1.8644828687285552E-004
   2.8680000305175781       -9.5345635309487001E-005   1.5850892912950133E-004
   2.8710000514984131       -7.7614033893354058E-005   1.2955498059254007E-004
   2.8740000724792480       -5.9571811029951628E-005   9.9828578900157852E-005
   2.8770000934600830       -4.1361933925328958E-005   6.9575887872351470E-005
   2.8800001144409180       -2.3126924922932347E-005   3.9045177735383800E-005
   2.8829998970031738       -5.0092176571676433E-006   8.4871558869484949E-006
   2.8859999179840088        1.2855674251629760E-005  -2.1856703563566285E-005
   2.8889999389648438        3.0331537525214204E-005  -5.1741545963119371E-005
   2.8919999599456787        4.7288237570692243E-005  -8.0930790305644860E-005
   2.8949999809265137        6.3601243896151406E-005  -1.0919554259000499E-004
   2.8980000019073486        7.9152533187848423E-005  -1.3631639158075647E-004
   2.9010000228881836        9.3831422320664323E-005  -1.6208507973421808E-004
   2.9040000438690186        1.0753539897706277E-004  -1.8630608197129335E-004
   2.9070000648498535        1.2017078835025936E-004  -2.0879815353711748E-004
   2.9100000858306885        1.3165343863684724E-004  -2.2939557143764736E-004
   2.9130001068115234        1.4190924693082313E-004  -2.4794941784725324E-004
   2.9159998893737793        1.5087401051066290E-004  -2.6432743806628026E-004
   2.9189999103546143        1.5849653715028266E-004  -2.7842000015098663E-004
   2.9219999313354492        1.6473472765340515E-004  -2.9013298765253779E-004
   2.9249999523162842        1.6955865247229320E-004  -2.9939387644947366E-004
   2.9279999732971191        1.7294997817864769E-004  -3.0615071664811188E-004
   2.9309999942779541        1.7490200455608465E-004  -3.1037241256486351E-004
   2.9340000152587891        1.7541953992010110E-004  -3.1204883497742497E-004
   2.9370000362396240        1.7451879291154656E-004  -3.1119073930877585E-004
   2.9400000572204590        1.7222712000030150E-004  -3.0782951721673518E-004
   2.9430000782012939        1.6858266819473229E-004  -3.0201681482862499E-004
   2.9460000991821289        1.6363400887012218E-004  -2.9382393058867596E-004
   2.9489998817443848        1.5744014073092437E-004  -2.8334198791226100E-004
   2.9519999027252197        1.5006785889876243E-004  -2.7067759266743318E-004
   2.9549999237060547        1.4159407987269679E-004  -2.5595685308280400E-004
   2.9579999446868896        1.3210326292141582E-004  -2.3932093286377815E-004
   2.9609999656677246        1.2168709752132243E-004  -2.2092559619237275E-004
   2.9639999866485596        1.1044365642391274E-004  -2.0093985093913458E-004
   2.9670000076293945        9.8476557339925984E-005  -1.7954440075723305E-004
   2.9700000286102295        8.5894067982242612E-005  -1.5693008370183036E-004
   2.9730000495910645        7.2808146793595791E-005  -1.3329624400280343E-004
   2.9760000705718994        5.9333528387187631E-005  -1.0884891797675879E-004
   2.9790000915527344        4.5586719742987927E-005  -8.3799199779102104E-005
   2.9820001125335693        3.1685047456795579E-005  -5.8361362566593331E-005
   2.9849998950958252        1.7746785223111131E-005  -3.2753101270700142E-005
   2.9879999160766602        3.8857489555767360E-006  -7.1855812911560407E-006
   2.9909999370574951       -9.7829785112302497E-006   1.8126147591666020E-005
   2.9939999580383301       -2.3148417705716993E-005   4.2973051981346545E-005
   2.9969999790191650       -3.6103476064486169E-005   6.7151823279804025E-005
   3.0000000000000000       -4.8545779232513832E-005   9.0466528820261368E-005
