   2.14176462E-03   4.30141687E-02   2.53417017E-03   1.78657621E-02
   4.28352924E-03   5.22677675E-02   5.06834034E-03   2.24244781E-02
   6.42529363E-03   6.14609905E-02   7.60250958E-03   2.69756150E-02
   8.56705848E-03   7.05940500E-02   1.01366807E-02   3.15186530E-02
   1.07088229E-02   7.96671361E-02   1.26708494E-02   3.60530689E-02
   1.28505873E-02   8.86804461E-02   1.52050192E-02   4.05783504E-02
   1.49923526E-02   9.76341963E-02   1.77391898E-02   4.50940058E-02
   1.71341170E-02  0.106528565       2.02733614E-02   4.95995134E-02
   1.92758814E-02  0.115363762       2.28075311E-02   5.40944040E-02
   2.14176457E-02  0.124139994       2.53416989E-02   5.85781634E-02
   2.35594101E-02  0.132857427       2.78758705E-02   6.30503297E-02
   2.57011745E-02  0.141516298       3.04100383E-02   6.75104186E-02
   2.78429408E-02  0.150116771       3.29442099E-02   7.19579682E-02
   2.99847052E-02  0.158659071       3.54783796E-02   7.63925165E-02
   3.21264714E-02  0.167143375       3.80125530E-02   8.08135942E-02
   3.42682339E-02  0.175569877       4.05467227E-02   8.52207467E-02
   3.64099964E-02  0.183938786       4.30808887E-02   8.96135345E-02
   3.85517627E-02  0.192250296       4.56150621E-02   9.39915329E-02
   4.06935290E-02  0.200504601       4.81492318E-02   9.83542725E-02
   4.28352915E-02  0.208701894       5.06833978E-02  0.102701351    
   4.49770577E-02  0.216842383       5.32175712E-02  0.107032351    
   4.71188203E-02  0.224926233       5.57517409E-02  0.111346826    
   4.92605865E-02  0.232953668       5.82859106E-02  0.115644380    
   5.14023490E-02  0.240924865       6.08200766E-02  0.119924612    
   5.35441190E-02  0.248840034       6.33542538E-02  0.124187134    
   5.56858815E-02  0.256699353       6.58884197E-02  0.128431499    
   5.78276441E-02  0.264503002       6.84225932E-02  0.132657379    
   5.99694103E-02  0.272251219       7.09567592E-02  0.136864364    
   6.21111728E-02  0.279944122       7.34909251E-02  0.141052067    
   6.42529428E-02  0.287581980       7.60251060E-02  0.145220146    
   6.63947091E-02  0.295165002       7.85592720E-02  0.149368182    
   6.85364679E-02  0.302693248       8.10934454E-02  0.153495848    
   7.06782341E-02  0.310167044       8.36276114E-02  0.157602802    
   7.28199929E-02  0.317586511       8.61617774E-02  0.161688656    
   7.49617592E-02  0.324951857       8.86959508E-02  0.165753096    
   7.71035254E-02  0.332263321       9.12301242E-02  0.169795766    
   7.92452917E-02  0.339521021       9.37642902E-02  0.173816323    
   8.13870579E-02  0.346725166       9.62984636E-02  0.177814454    
   8.35288167E-02  0.353875935       9.88326296E-02  0.181789815    
   8.56705830E-02  0.360973597      0.101366796      0.185742125    
   8.78123492E-02  0.368018240      0.103900976      0.189671069    
   8.99541155E-02  0.375010103      0.106435142      0.193576276    
   9.20958742E-02  0.381949335      0.108969308      0.197457492    
   9.42376405E-02  0.388836205      0.111503482      0.201314405    
   9.63794142E-02  0.395670831      0.114037655      0.205146745    
   9.85211730E-02  0.402453363      0.116571821      0.208954185    
  0.100662939      0.409184098      0.119105995      0.212736487    
  0.102804698      0.415863156      0.121640153      0.216493338    
  0.104946464      0.422490746      0.124174334      0.220224500    
  0.107088238      0.429067045      0.126708508      0.223929673    
  0.109229997      0.435592204      0.129242674      0.227608576    
  0.111371763      0.442066491      0.131776839      0.231261000    
  0.113513522      0.448490024      0.134311005      0.234886676    
  0.115655288      0.454863012      0.136845186      0.238485366    
  0.117797062      0.461185634      0.139379352      0.242056787    
  0.119938821      0.467458069      0.141913518      0.245600760    
  0.122080587      0.473680526      0.144447699      0.249117002    
  0.124222346      0.479853094      0.146981850      0.252605289    
  0.126364112      0.485976160      0.149516031      0.256065458    
  0.128505886      0.492049694      0.152050212      0.259497225    
  0.130647644      0.498073995      0.154584363      0.262900382    
  0.132789418      0.504049301      0.157118544      0.266274750    
  0.134931162      0.509975553      0.159652710      0.269620091    
  0.137072936      0.515853167      0.162186891      0.272936225    
  0.139214694      0.521682203      0.164721042      0.276222974    
  0.141356468      0.527462959      0.167255223      0.279480159    
  0.143498242      0.533195555      0.169789404      0.282707512    
  0.145639986      0.538880050      0.172323555      0.285904884    
  0.147781760      0.544516861      0.174857736      0.289072156    
  0.149923518      0.550105929      0.177391902      0.292209148    
  0.152065292      0.555647671      0.179926068      0.295315593    
  0.154207051      0.561142087      0.182460248      0.298391461    
  0.156348810      0.566589415      0.184994414      0.301436484    
  0.158490583      0.571989894      0.187528580      0.304450601    
  0.160632342      0.577343583      0.190062746      0.307433605    
  0.162774116      0.582650721      0.192596927      0.310385346    
  0.164915875      0.587911487      0.195131093      0.313305706    
  0.167057633      0.593126059      0.197665259      0.316194504    
  0.169199407      0.598294616      0.200199440      0.319051713    
  0.171341166      0.603417397      0.202733591      0.321877092    
  0.173482940      0.608494401      0.205267772      0.324670553    
  0.175624698      0.613525987      0.207801953      0.327432036    
  0.177766457      0.618512213      0.210336104      0.330161333    
  0.179908231      0.623453379      0.212870285      0.332858413    
  0.182049990      0.628349602      0.215404451      0.335523069    
  0.184191748      0.633200943      0.217938617      0.338155329    
  0.186333522      0.638007760      0.220472798      0.340754986    
  0.188475281      0.642770171      0.223006964      0.343322009    
  0.190617040      0.647488236      0.225541130      0.345856309    
  0.192758828      0.652162313      0.228075311      0.348357737    
  0.194900587      0.656792462      0.230609477      0.350826263    
  0.197042346      0.661378801      0.233143643      0.353261769    
  0.199184120      0.665921688      0.235677823      0.355664253    
  0.201325879      0.670421064      0.238211989      0.358033568    
  0.203467637      0.674877286      0.240746155      0.360369682    
  0.205609396      0.679290533      0.243280306      0.362672538    
  0.207751170      0.683660805      0.245814502      0.364942074    
  0.209892929      0.687988460      0.248348668      0.367178231    
  0.212034687      0.692273498      0.250882834      0.369380951    
  0.214176476      0.696516275      0.253417015      0.371550202    
  0.216318235      0.700716913      0.255951166      0.373685896    
  0.218459994      0.704875410      0.258485347      0.375788093    
  0.220601752      0.708992124      0.261019498      0.377856642    
  0.222743526      0.713067234      0.263553679      0.379891574    
  0.224885285      0.717100739      0.266087860      0.381892890    
  0.227027044      0.721092939      0.268622011      0.383860469    
  0.229168817      0.725044012      0.271156192      0.385794401    
  0.231310576      0.728954196      0.273690373      0.387694538    
  0.233452335      0.732823372      0.276224524      0.389560997    
  0.235594124      0.736651957      0.278758705      0.391393721    
  0.237735882      0.740440011      0.281292886      0.393192708    
  0.239877641      0.744187951      0.283827037      0.394957900    
  0.242019400      0.747895479      0.286361188      0.396689326    
  0.244161174      0.751563191      0.288895398      0.398387074    
  0.246302933      0.755190969      0.291429549      0.400051057    
  0.248444691      0.758779168      0.293963701      0.401681244    
  0.250586480      0.762327969      0.296497911      0.403277785    
  0.252728224      0.765837371      0.299032062      0.404840648    
  0.254869998      0.769307494      0.301566213      0.406369746    
  0.257011771      0.772738814      0.304100424      0.407865256    
  0.259153515      0.776131272      0.306634575      0.409327090    
  0.261295289      0.779485106      0.309168726      0.410755396    
  0.263437033      0.782800376      0.311702907      0.412150085    
  0.265578836      0.786077380      0.314237088      0.413511276    
  0.267720580      0.789316118      0.316771269      0.414838970    
  0.269862324      0.792516947      0.319305420      0.416133225    
  0.272004128      0.795679986      0.321839601      0.417394131    
  0.274145871      0.798805356      0.324373782      0.418621629    
  0.276287645      0.801893175      0.326907933      0.419815898    
  0.278429389      0.804943442      0.329442084      0.420976877    
  0.280571163      0.807956874      0.331976295      0.422104716    
  0.282712936      0.810933113      0.334510446      0.423199475    
  0.284854680      0.813872576      0.337044597      0.424261093    
  0.286996484      0.816775322      0.339578807      0.425289810    
  0.289138228      0.819641352      0.342112958      0.426285565    
  0.291279972      0.822471142      0.344647110      0.427248538    
  0.293421775      0.825264812      0.347181320      0.428178757    
  0.295563519      0.828022301      0.349715471      0.429076254    
  0.297705293      0.830743968      0.352249622      0.429941237    
  0.299847037      0.833429754      0.354783803      0.430773616    
  0.301988810      0.836080074      0.357317984      0.431573629    
  0.304130584      0.838695049      0.359852135      0.432341248    
  0.306272328      0.841274679      0.362386316      0.433076739    
  0.308414102      0.843819261      0.364920497      0.433780015    
  0.310555875      0.846328914      0.367454648      0.434451282    
  0.312697619      0.848803639      0.369988829      0.435090601    
  0.314839423      0.851243854      0.372523010      0.435698152    
  0.316981167      0.853649557      0.375057161      0.436273903    
  0.319122940      0.856020987      0.377591342      0.436818063    
  0.321264684      0.858358264      0.380125493      0.437330782    
  0.323406458      0.860661507      0.382659674      0.437812030    
  0.325548232      0.862930954      0.385193855      0.438262045    
  0.327689976      0.865166664      0.387728006      0.438680947    
  0.329831749      0.867368937      0.390262187      0.439068764    
  0.331973523      0.869537830      0.392796367      0.439425707    
  0.334115267      0.871673286      0.395330518      0.439751923    
  0.336257041      0.873775899      0.397864670      0.440047503    
  0.338398814      0.875845551      0.400398880      0.440312505    
  0.340540588      0.877882421      0.402933031      0.440547168    
  0.342682332      0.879886687      0.405467182      0.440751642    
  0.344824106      0.881858408      0.408001393      0.440925956    
  0.346965879      0.883798003      0.410535544      0.441070318    
  0.349107623      0.885705352      0.413069695      0.441184878    
  0.351249397      0.887580752      0.415603906      0.441269845    
  0.353391171      0.889424384      0.418138057      0.441325247    
  0.355532914      0.891236067      0.420672208      0.441351295    
  0.357674688      0.893016577      0.423206389      0.441348106    
  0.359816462      0.894765377      0.425740570      0.441315979    
  0.361958236      0.896483123      0.428274751      0.441254854    
  0.364099979      0.898169875      0.430808902      0.441164941    
  0.366241753      0.899825513      0.433343083      0.441046655    
  0.368383497      0.901450396      0.435877234      0.440899760    
  0.370525271      0.903044641      0.438411415      0.440724701    
  0.372667044      0.904608428      0.440945596      0.440521538    
  0.374808788      0.906141996      0.443479747      0.440290570    
  0.376950562      0.907645226      0.446013927      0.440031767    
  0.379092366      0.909118533      0.448548108      0.439745396    
  0.381234080      0.910561740      0.451082259      0.439431757    
  0.383375883      0.911975384      0.453616440      0.439090818    
  0.385517657      0.913359463      0.456150621      0.438722879    
  0.387659401      0.914714098      0.458684772      0.438328087    
  0.389801174      0.916039407      0.461218953      0.437906653    
  0.391942948      0.917335391      0.463753134      0.437458724    
  0.394084692      0.918602526      0.466287285      0.436984479    
  0.396226466      0.919840813      0.468821466      0.436484158    
  0.398368239      0.921050489      0.471355647      0.435957968    
  0.400509983      0.922231436      0.473889798      0.435405999    
  0.402651757      0.923383951      0.476423979      0.434828520    
  0.404793501      0.924508214      0.478958100      0.434225738    
  0.406935275      0.925604463      0.481492311      0.433597833    
  0.409077048      0.926672637      0.484026492      0.432944894    
  0.411218792      0.927713037      0.486560613      0.432267427    
  0.413360566      0.928725600      0.489094824      0.431565225    
  0.415502340      0.929710627      0.491629004      0.430838823    
  0.417644083      0.930668354      0.494163126      0.430088222    
  0.419785857      0.931598902      0.496697336      0.429313689    
  0.421927661      0.932502151      0.499231517      0.428515494    
  0.424069375      0.933378398      0.501765668      0.427693725    
  0.426211178      0.934227824      0.504299819      0.426848829    
  0.428352952      0.935050607      0.506834030      0.425980687    
  0.430494696      0.935846865      0.509368181      0.425089717    
  0.432636470      0.936616778      0.511902332      0.424176157    
  0.434778243      0.937360287      0.514436543      0.423240185    
  0.436919987      0.938077569      0.516970694      0.422281861    
  0.439061761      0.938768983      0.519504845      0.421301663    
  0.441203505      0.939434528      0.522038996      0.420299649    
  0.443345279      0.940074444      0.524573207      0.419276118    
  0.445487052      0.940688610      0.527107358      0.418231130    
  0.447628796      0.941277504      0.529641509      0.417165041    
  0.449770570      0.941841125      0.532175720      0.416078150    
  0.451912344      0.942379355      0.534709871      0.414970577    
  0.454054087      0.942892790      0.537244022      0.413842559    
  0.456195861      0.943381190      0.539778233      0.412694275    
  0.458337635      0.943844914      0.542312384      0.411526144    
  0.460479379      0.944284201      0.544846535      0.410338283    
  0.462621152      0.944698930      0.547380745      0.409130692    
  0.464762956      0.945089102      0.549914896      0.407904088    
  0.466904670      0.945455313      0.552449048      0.406658113    
  0.469046474      0.945797205      0.554983258      0.405393541    
  0.471188247      0.946115494      0.557517409      0.404110372    
  0.473329991      0.946409941      0.560051560      0.402808845    
  0.475471765      0.946680427      0.562585771      0.401489079    
  0.477613539      0.946927667      0.565119922      0.400151670    
  0.479755282      0.947151780      0.567654073      0.398796439    
  0.481897056      0.947352290      0.570188284      0.397423863    
  0.484038800      0.947529554      0.572722375      0.396034002    
  0.486180574      0.947684169      0.575256586      0.394627333    
  0.488322347      0.947815776      0.577790797      0.393204033    
  0.490464091      0.947924614      0.580324888      0.391764462    
  0.492605865      0.948011041      0.582859099      0.390308261    
  0.494747639      0.948074937      0.585393310      0.388836324    
  0.496889383      0.948116422      0.587927401      0.387348652    
  0.499031156      0.948135853      0.590461612      0.385845602    
  0.501172960      0.948133230      0.592995822      0.384327114    
  0.503314674      0.948108673      0.595529914      0.382793963    
  0.505456448      0.948062420      0.598064125      0.381246030    
  0.507598221      0.947994471      0.600598335      0.379683495    
  0.509739995      0.947904706      0.603132427      0.378106773    
  0.511881769      0.947793841      0.605666637      0.376515865    
  0.514023542      0.947661638      0.608200848      0.374911487    
  0.516165257      0.947508335      0.610734940      0.373293519    
  0.518307030      0.947333932      0.613269150      0.371662199    
  0.520448804      0.947138786      0.615803301      0.370018184    
  0.522590578      0.946922779      0.618337452      0.368361115    
  0.524732351      0.946686149      0.620871663      0.366691649    
  0.526874065      0.946429133      0.623405814      0.365010023    
  0.529015839      0.946151853      0.625939965      0.363316238    
  0.531157672      0.945853949      0.628474176      0.361610830    
  0.533299387      0.945536137      0.631008327      0.359893858    
  0.535441160      0.945198298      0.633542538      0.358165562    
  0.537582934      0.944840670      0.636076689      0.356426537    
  0.539724648      0.944463491      0.638610840      0.354676545    
  0.541866481      0.944066525      0.641145051      0.352916241    
  0.544008255      0.943649888      0.643679202      0.351145566    
  0.546149969      0.943214178      0.646213353      0.349364817    
  0.548291743      0.942759275      0.648747563      0.347574413    
  0.550433517      0.942285061      0.651281714      0.345774412    
  0.552575290      0.941792250      0.653815866      0.343965411    
  0.554717064      0.941279888      0.656350076      0.342147350    
  0.556858778      0.940749168      0.658884168      0.340320349    
  0.559000552      0.940200210      0.661418378      0.338485003    
  0.561142325      0.939632535      0.663952589      0.336641252    
  0.563284099      0.939046144      0.666486681      0.334789872    
  0.565425873      0.938441873      0.669020891      0.332930624    
  0.567567647      0.937819481      0.671555102      0.331063628    
  0.569709361      0.937179208      0.674089193      0.329189658    
  0.571851134      0.936520815      0.676623404      0.327308536    
  0.573992968      0.935844898      0.679157615      0.325420797    
  0.576134682      0.935150862      0.681691706      0.323526442    
  0.578276455      0.934439659      0.684225917      0.321625948    
  0.580418229      0.933711052      0.686760128      0.319719493    
  0.582559943      0.932965279      0.689294219      0.317807257    
  0.584701777      0.932202220      0.691828430      0.315889835    
  0.586843550      0.931422472      0.694362640      0.313966691    
  0.588985264      0.930625677      0.696896732      0.312038660    
  0.591127038      0.929811835      0.699430943      0.310105860    
  0.593268812      0.928981543      0.701965094      0.308168709    
  0.595410585      0.928134680      0.704499245      0.306227207    
  0.597552359      0.927271366      0.707033455      0.304281890    
  0.599694073      0.926391602      0.709567606      0.302332342    
  0.601835847      0.925495625      0.712101758      0.300379634    
  0.603977621      0.924583793      0.714635968      0.298423469    
  0.606119394      0.923656225      0.717170119      0.296464384    
  0.608261168      0.922712445      0.719704270      0.294502199    
  0.610402942      0.921752930      0.722238481      0.292537630    
  0.612544656      0.920778036      0.724772632      0.290570796    
  0.614686430      0.919787526      0.727306783      0.288601935    
  0.616828203      0.918781757      0.729840994      0.286631048    
  0.618969977      0.917760491      0.732375145      0.284658730    
  0.621111751      0.916724443      0.734909296      0.282685101    
  0.623253524      0.915672660      0.737443507      0.280710161    
  0.625395238      0.914606810      0.739977658      0.278734267    
  0.627537072      0.913525581      0.742511809      0.276758134    
  0.629678845      0.912429929      0.745046020      0.274781287    
  0.631820560      0.911319852      0.747580171      0.272804081    
  0.633962333      0.910194993      0.750114322      0.270826876    
  0.636104107      0.909055948      0.752648473      0.268850505    
  0.638245881      0.907902598      0.755182683      0.266873777    
  0.640387654      0.906735182      0.757716835      0.264898479    
  0.642529368      0.905553818      0.760250986      0.262924016    
  0.644671142      0.904358387      0.762785196      0.260950625    
  0.646812916      0.903149366      0.765319347      0.258978665    
  0.648954690      0.901926517      0.767853498      0.257008374    
  0.651096463      0.900690317      0.770387709      0.255040228    
  0.653238237      0.899440289      0.772921860      0.253073514    
  0.655379951      0.898177385      0.775456011      0.251109779    
  0.657521725      0.896901131      0.777990222      0.249148071    
  0.659663498      0.895611286      0.780524373      0.247189224    
  0.661805272      0.894309044      0.783058524      0.245233357    
  0.663947046      0.892993927      0.785592735      0.243280828    
  0.666088820      0.891665459      0.788126886      0.241331637    
  0.668230534      0.890324593      0.790661037      0.239386261    
  0.670372367      0.888970852      0.793195248      0.237444103    
  0.672514081      0.887605190      0.795729339      0.235506833    
  0.674655855      0.886226654      0.798263550      0.233572662    
  0.676797628      0.884836197      0.800797760      0.231643856    
  0.678939402      0.883433819      0.803331852      0.229719102    
  0.681081176      0.882019043      0.805866063      0.227799475    
  0.683222950      0.880592346      0.808400273      0.225885332    
  0.685364664      0.879153967      0.810934365      0.223976195    
  0.687506437      0.877703667      0.813468575      0.222072303    
  0.689648211      0.876241684      0.816002786      0.220173895    
  0.691789985      0.874768257      0.818536878      0.218282044    
  0.693931758      0.873283863      0.821071088      0.216395557    
  0.696073532      0.871787786      0.823605299      0.214515269    
  0.698215246      0.870280504      0.826139390      0.212642133    
  0.700357020      0.868762493      0.828673601      0.210775435    
  0.702498794      0.867233038      0.831207812      0.208915293    
  0.704640567      0.865692854      0.833741903      0.207062423    
  0.706782341      0.864141941      0.836276114      0.205216706    
  0.708924055      0.862580776      0.838810265      0.203378260    
  0.711065829      0.861007929      0.841344416      0.201547444    
  0.713207662      0.859425545      0.843878627      0.199724019    
  0.715349376      0.857832670      0.846412778      0.197908938    
  0.717491150      0.856229067      0.848946929      0.196102083    
  0.719632924      0.854615450      0.851481140      0.194303215    
  0.721774697      0.852992296      0.854015350      0.192513049    
  0.723916471      0.851358652      0.856549501      0.190731347    
  0.726058185      0.849715710      0.859083593      0.188958466    
  0.728199959      0.848062515      0.861617804      0.187194288    
  0.730341733      0.846399784      0.864151955      0.185439527    
  0.732483506      0.844727278      0.866686165      0.183694184    
  0.734625280      0.843045473      0.869220376      0.181957901    
  0.736766994      0.841354370      0.871754467      0.180231035    
  0.738908768      0.839653730      0.874288619      0.178514421    
  0.741050541      0.837944031      0.876822829      0.176807463    
  0.743192315      0.836225510      0.879356980      0.175111115    
  0.745334089      0.834497929      0.881891191      0.173424304    
  0.747475922      0.832761526      0.884425402      0.171748221    
  0.749617577      0.831016302      0.886959493      0.170082748    
  0.751759350      0.829262495      0.889493644      0.168427408    
  0.753901124      0.827500105      0.892027855      0.166783154    
  0.756042957      0.825728893      0.894562006      0.165149629    
  0.758184731      0.823949575      0.897096217      0.163527429    
  0.760326505      0.822161674      0.899630427      0.161917150    
  0.762468159      0.820365667      0.902164519      0.160317242    
  0.764609933      0.818562031      0.904698670      0.158728898    
  0.766751766      0.816749811      0.907232881      0.157151997    
  0.768893540      0.814929962      0.909767032      0.155587614    
  0.771035314      0.813102245      0.912301242      0.154034317    
  0.773176968      0.811266899      0.914835334      0.152492583    
  0.775318801      0.809424162      0.917369545      0.150964081    
  0.777460575      0.807573557      0.919903696      0.149446666    
  0.779602349      0.805715561      0.922437906      0.147942722    
  0.781744123      0.803850174      0.924972057      0.146449387    
  0.783885896      0.801977158      0.927506268      0.144970357    
  0.786027610      0.800097227      0.930040359      0.143503249    
  0.788169384      0.798210621      0.932574570      0.142049015    
  0.790311158      0.796316624      0.935108721      0.140607417    
  0.792452931      0.794416189      0.937642932      0.139178455    
  0.794594705      0.792508364      0.940177083      0.137763202    
  0.796736479      0.790594578      0.942711294      0.136360466    
  0.798878193      0.788673401      0.945245385      0.134970844    
  0.801019967      0.786746025      0.947779596      0.133594453    
  0.803161740      0.784812212      0.950313747      0.132232010    
  0.805303514      0.782871962      0.952847958      0.130882561    
  0.807445288      0.780925512      0.955382109      0.129546821    
  0.809587002      0.778973103      0.957916200      0.128224075    
  0.811728776      0.777014732      0.960450411      0.126915753    
  0.813870549      0.775049925      0.962984622      0.125620663    
  0.816012323      0.773079395      0.965518773      0.124339283    
  0.818154097      0.771102905      0.968052983      0.123071492    
  0.820295870      0.769120693      0.970587134      0.121818602    
  0.822437584      0.767132998      0.973121226      0.120579422    
  0.824579358      0.765139580      0.975655437      0.119353354    
  0.826721132      0.763140917      0.978189647      0.118141711    
  0.828862906      0.761136770      0.980723798      0.116944134    
  0.831004679      0.759127140      0.983258009      0.115761220    
  0.833146513      0.757112741      0.985792160      0.114591777    
  0.835288167      0.755092859      0.988326252      0.113436401    
  0.837429941      0.753068447      0.990860462      0.112296402    
  0.839571714      0.751038790      0.993394673      0.111169398    
  0.841713548      0.749004126      0.995928824      0.110057294    
  0.843855321      0.746964455      0.998463035      0.108959377    
  0.845996976      0.744920254       1.00099707      0.107875168    
  0.848138750      0.742872000       1.00353134      0.106806099    
  0.850280523      0.740818262       1.00606549      0.105751574    
  0.852422357      0.738760710       1.00859964      0.104710996    
  0.854564130      0.736699104       1.01113391      0.103684843    
  0.856705904      0.734632254       1.01366806      0.102672279    
  0.858847558      0.732562065       1.01620209      0.101674974    
  0.860989392      0.730487585       1.01873636      0.100691736    
  0.863131166      0.728408575       1.02127051       9.97239947E-02
  0.865272939      0.726326466       1.02380466       9.87691283E-02
  0.867414713      0.724239588       1.02633893       9.78292823E-02
  0.869556487      0.722149611       1.02887309       9.69031453E-02
  0.871698201      0.720055342       1.03140712       9.59921479E-02
  0.873839974      0.717957497       1.03394139       9.50937867E-02
  0.875981748      0.715856791       1.03647554       9.42113996E-02
  0.878123522      0.713751554       1.03900969       9.33426023E-02
  0.880265296      0.711643934       1.04154396       9.24881101E-02
  0.882407010      0.709532738       1.04407799       9.16476846E-02
  0.884548783      0.707417965       1.04661214       9.08207297E-02
  0.886690557      0.705300570       1.04914641       9.00087953E-02
  0.888832331      0.703179359       1.05168056       8.92092586E-02
  0.890974104      0.701055527       1.05421472       8.84243846E-02
  0.893115878      0.698929071       1.05674899       8.76539350E-02
  0.895257592      0.696799278       1.05928302       8.68973136E-02
  0.897399366      0.694666862       1.06181717       8.61544013E-02
  0.899541140      0.692532301       1.06435144       8.54241252E-02
  0.901682913      0.690393925       1.06688559       8.47080350E-02
  0.903824687      0.688253880       1.06941974       8.40051770E-02
  0.905966461      0.686111450       1.07195401       8.33163857E-02
  0.908108175      0.683966398       1.07448804       8.26402307E-02
  0.910249949      0.681818724       1.07702219       8.19775462E-02
  0.912391722      0.679669380       1.07955647       8.13272595E-02
  0.914533496      0.677517414       1.08209062       8.06919932E-02
  0.916675270      0.675363779       1.08462477       8.00678134E-02
  0.918816984      0.673208237       1.08715892       7.94569850E-02
  0.920958757      0.671050310       1.08969307       7.88589120E-02
  0.923100531      0.668890476       1.09222722       7.82738328E-02
  0.925242305      0.666729450       1.09476149       7.76993632E-02
  0.927384079      0.664565563       1.09729564       7.71386027E-02
  0.929525912      0.662400723       1.09982979       7.65910745E-02
  0.931667566      0.660234451       1.10236394       7.60543942E-02
  0.933809340      0.658066511       1.10489810       7.55286813E-02
  0.935951114      0.655897141       1.10743225       7.50160813E-02
  0.938092947      0.653726101       1.10996652       7.45143294E-02
  0.940234721      0.651553869       1.11250067       7.40258098E-02
  0.942376494      0.649380922       1.11503482       7.35470653E-02
  0.944518149      0.647206545       1.11756897       7.30795264E-02
  0.946659982      0.645031452       1.12010312       7.26240277E-02
  0.948801756      0.642854691       1.12263727       7.21779466E-02
  0.950943530      0.640676975       1.12517154       7.17423558E-02
  0.953085303      0.638499022       1.12770569       7.13188052E-02
  0.955227077      0.636319399       1.13023984       7.09050298E-02
  0.957368791      0.634140015       1.13277400       7.05003142E-02
  0.959510565      0.631959915       1.13530815       7.01068044E-02
  0.961652339      0.629778385       1.13784230       6.97215199E-02
  0.963794112      0.627597094       1.14037657       6.93472028E-02
  0.965935886      0.625414610       1.14291072       6.89817071E-02
  0.968077600      0.623231888       1.14544475       6.86245561E-02
  0.970219374      0.621049404       1.14797902       6.82764649E-02
  0.972361147      0.618866444       1.15051317       6.79381490E-02
  0.974502921      0.616682768       1.15304732       6.76079392E-02
  0.976644695      0.614499569       1.15558159       6.72858357E-02
  0.978786469      0.612316370       1.15811574       6.69711232E-02
  0.980928183      0.610132694       1.16064978       6.66649938E-02
  0.983069956      0.607949257       1.16318405       6.63650632E-02
  0.985211730      0.605766058       1.16571820       6.60722852E-02
  0.987353504      0.603582859       1.16825235       6.57871366E-02
  0.989495277      0.601400137       1.17078662       6.55086637E-02
  0.991637051      0.599217415       1.17332077       6.52378201E-02
  0.993778765      0.597035408       1.17585480       6.49707913E-02
  0.995920539      0.594853640       1.17838907       6.47116303E-02
  0.998062313      0.592672586       1.18092322       6.44574761E-02
   1.00020409      0.590492249       1.18345737       6.42078519E-02
   1.00234592      0.588311911       1.18599164       6.39629960E-02
   1.00448763      0.586133003       1.18852568       6.37236238E-02
   1.00662935      0.583954334       1.19105983       6.34902120E-02
   1.00877118      0.581776857       1.19359410       6.32591844E-02
   1.01091290      0.579600334       1.19612825       6.30329251E-02
   1.01305473      0.577423811       1.19866240       6.28095269E-02
   1.01519644      0.575249672       1.20119667       6.25892282E-02
   1.01733816      0.573075294       1.20373070       6.23717904E-02
   1.01947999      0.570902824       1.20626485       6.21564984E-02
   1.02162170      0.568731785       1.20879912       6.19440675E-02
   1.02376354      0.566561699       1.21133327       6.17328286E-02
   1.02590525      0.564393044       1.21386743       6.15246892E-02
   1.02804708      0.562225103       1.21640170       6.13158345E-02
   1.03018880      0.560059071       1.21893573       6.11088872E-02
   1.03233051      0.557894468       1.22146988       6.09012246E-02
   1.03447235      0.555731535       1.22400415       6.06938004E-02
   1.03661406      0.553569794       1.22653830       6.04854226E-02
   1.03875589      0.551410198       1.22907245       6.02782369E-02
   1.04089761      0.549252510       1.23160660       6.00696206E-02
   1.04303932      0.547095776       1.23414075       5.98588586E-02
   1.04518116      0.544940948       1.23667490       5.96454740E-02
   1.04732287      0.542788506       1.23920918       5.94332814E-02
   1.04946470      0.540637970       1.24174333       5.92134595E-02
   1.05160642      0.538489342       1.24427748       5.89950681E-02
   1.05374813      0.536342621       1.24681163       5.87688088E-02
   1.05588996      0.534197807       1.24934578       5.85411191E-02
   1.05803168      0.532056332       1.25187993       5.83077073E-02
   1.06017351      0.529915810       1.25441420       5.80707192E-02
   1.06231534      0.527777672       1.25694835       5.78282475E-02
   1.06445706      0.525642395       1.25948250       5.75810075E-02
   1.06659877      0.523509026       1.26201665       5.73254228E-02
   1.06874049      0.521378040       1.26455081       5.70631623E-02
   1.07088232      0.519249439       1.26708508       5.67937493E-02
   1.07302415      0.517124176       1.26961923       5.65188527E-02
   1.07516587      0.515000343       1.27215338       5.62344193E-02
   1.07730758      0.512880802       1.27468753       5.59414029E-02
   1.07944930      0.510762691       1.27722168       5.56390882E-02
   1.08159113      0.508647442       1.27975583       5.53284287E-02
   1.08373296      0.506535053       1.28229010       5.50082326E-02
   1.08587468      0.504425526       1.28482425       5.46749234E-02
   1.08801651      0.502318382       1.28735840       5.43332696E-02
   1.09015822      0.500215054       1.28989255       5.39782643E-02
   1.09229994      0.498114586       1.29242671       5.36110997E-02
   1.09444177      0.496016979       1.29496086       5.32308221E-02
   1.09658349      0.493922710       1.29749513       5.28402925E-02
   1.09872532      0.491830826       1.30002928       5.24345040E-02
   1.10086703      0.489742756       1.30256343       5.20108342E-02
   1.10300875      0.487658501       1.30509758       5.15781045E-02
   1.10515058      0.485577106       1.30763173       5.11251092E-02
   1.10729229      0.483498096       1.31016588       5.06590009E-02
   1.10943413      0.481422901       1.31270015       5.01769185E-02
   1.11157584      0.479351521       1.31523430       4.96740937E-02
   1.11371756      0.477283478       1.31776834       4.91557717E-02
   1.11585939      0.475219250       1.32030261       4.86207604E-02
   1.11800110      0.473158360       1.32283676       4.80647683E-02
   1.12014294      0.471100807       1.32537091       4.74873185E-02
   1.12228465      0.469048023       1.32790518       4.68917489E-02
   1.12442648      0.466997623       1.33043933       4.62780595E-02
   1.12656820      0.464950562       1.33297336       4.56407666E-02
   1.12870991      0.462908745       1.33550763       4.49798703E-02
   1.13085175      0.460870266       1.33804178       4.42982316E-02
   1.13299346      0.458835602       1.34057593       4.35920358E-02
   1.13513529      0.456804276       1.34311020       4.28619981E-02
   1.13727701      0.454777241       1.34564435       4.21093106E-02
   1.13941872      0.452755928       1.34817839       4.13277745E-02
   1.14156055      0.450736523       1.35071266       4.05221581E-02
   1.14370227      0.448722363       1.35324681       3.96886468E-02
   1.14584410      0.446711540       1.35578096       3.88305783E-02
   1.14798594      0.444705963       1.35831523       3.79424691E-02
   1.15012753      0.442703247       1.36084926       3.70245576E-02
   1.15226936      0.440705299       1.36338341       3.60792279E-02
   1.15441108      0.438712120       1.36591768       3.51019502E-02
   1.15655291      0.436722755       1.36845183       3.40951085E-02
   1.15869474      0.434737682       1.37098598       3.30577493E-02
   1.16083646      0.432757854       1.37352026       3.19865346E-02
   1.16297817      0.430782318       1.37605429       3.08819395E-02
   1.16511989      0.428811073       1.37858844       2.97420602E-02
   1.16726172      0.426844597       1.38112271       2.85702329E-02
   1.16940355      0.424881458       1.38365686       2.73631196E-02
   1.17154527      0.422924995       1.38619101       2.61169057E-02
   1.17368710      0.420972347       1.38872528       2.48368364E-02
   1.17582881      0.419023991       1.39125931       2.35157590E-02
   1.17797053      0.417081356       1.39379346       2.21593957E-02
   1.18011236      0.415142536       1.39632773       2.07605939E-02
   1.18225408      0.413208485       1.39886189       1.93236452E-02
   1.18439591      0.411278248       1.40139604       1.78468805E-02
   1.18653762      0.409355640       1.40393019       1.63262468E-02
   1.18867934      0.407435894       1.40646434       1.47638898E-02
   1.19082117      0.405522346       1.40899849       1.31571870E-02
   1.19296288      0.403614044       1.41153276       1.15082841E-02
   1.19510472      0.401710033       1.41406691       9.81312804E-03
   1.19724643      0.399810314       1.41660106       8.07124190E-03
   1.19938815      0.397916794       1.41913521       6.28167205E-03
   1.20152998      0.396027565       1.42166936       4.44561057E-03
   1.20367169      0.394143581       1.42420352       2.56115012E-03
   1.20581353      0.392265320       1.42673779       6.26383349E-04
   1.20795524      0.390392303       1.42927194      -1.35702081E-03
   1.21009707      0.388525009       1.43180609      -3.39549966E-03
   1.21223879      0.386663437       1.43434024      -5.48070855E-03
   1.21438050      0.384806633       1.43687439      -7.62266107E-03
   1.21652234      0.382954121       1.43940854      -9.81897302E-03
   1.21866405      0.381107807       1.44194281      -1.20703597E-02
   1.22080588      0.379266739       1.44447696      -1.43761057E-02
   1.22294760      0.377431393       1.44701111      -1.67402644E-02
   1.22508931      0.375602245       1.44954526      -1.91602129E-02
   1.22723114      0.373778343       1.45207942      -2.16407198E-02
   1.22937286      0.371959209       1.45461357      -2.41803546E-02
   1.23151469      0.370146275       1.45714784      -2.67798323E-02
   1.23365641      0.368339062       1.45968199      -2.94412989E-02
   1.23579812      0.366537094       1.46221602      -3.21683288E-02
   1.23793995      0.364740849       1.46475029      -3.49552035E-02
   1.24008167      0.362950325       1.46728444      -3.78095508E-02
   1.24222350      0.361166477       1.46981859      -4.07258868E-02
   1.24436533      0.359386444       1.47235286      -4.37135100E-02
   1.24650705      0.357612610       1.47488701      -4.67647910E-02
   1.24864876      0.355846882       1.47742105      -4.98897433E-02
   1.25079048      0.354085445       1.47995532      -5.30800223E-02
   1.25293231      0.352330685       1.48248947      -5.63432574E-02
   1.25507414      0.350580215       1.48502362      -5.96780181E-02
   1.25721586      0.348837852       1.48755789      -6.30878806E-02
   1.25935769      0.347098827       1.49009204      -6.65695071E-02
   1.26149929      0.345368385       1.49262607      -7.01262355E-02
   1.26364112      0.343642712       1.49516034      -7.37618804E-02
   1.26578295      0.341922760       1.49769449      -7.74726272E-02
   1.26792467      0.340209007       1.50022864      -8.12641978E-02
   1.27006650      0.338501930       1.50276291      -8.51311088E-02
   1.27220821      0.336801052       1.50529695      -8.90826583E-02
   1.27434993      0.335105419       1.50783110      -9.31171775E-02
   1.27649176      0.333416939       1.51036537      -9.72341895E-02
   1.27863348      0.331734180       1.51289952     -0.101430357    
   1.28077531      0.330057621       1.51543367     -0.105719030    
   1.28291702      0.328389168       1.51796794     -0.110092103    
   1.28505874      0.326724052       1.52050197     -0.114549816    
   1.28720057      0.325067043       1.52303612     -0.119100034    
   1.28934228      0.323415756       1.52557039     -0.123738945    
   1.29148412      0.321771145       1.52810454     -0.128466308    
   1.29362583      0.320132256       1.53063869     -0.133291900    
   1.29576766      0.318500042       1.53317297     -0.138205707    
   1.29790938      0.316874504       1.53570700     -0.143219650    
   1.30005109      0.315255165       1.53824115     -0.148326099    
   1.30219293      0.313642979       1.54077542     -0.153530061    
   1.30433464      0.312036037       1.54330957     -0.158836305    
   1.30647647      0.310435772       1.54584372     -0.164242446    
   1.30861819      0.308843613       1.54837787     -0.169746816    
   1.31075990      0.307256222       1.55091202     -0.175354660    
   1.31290174      0.305675507       1.55344617     -0.181066453    
   1.31504345      0.304102898       1.55598044     -0.186885774    
   1.31718528      0.302535057       1.55851460     -0.192807138    
   1.31932700      0.300974846       1.56104875     -0.198841512    
   1.32146871      0.299421310       1.56358290     -0.204980075    
   1.32361054      0.297873497       1.56611705     -0.211231649    
   1.32575226      0.296332836       1.56865120     -0.217593133    
   1.32789409      0.294800282       1.57118547     -0.224071443    
   1.33003592      0.293271542       1.57371962     -0.230659187    
   1.33217764      0.291751862       1.57625377     -0.237366378    
   1.33431935      0.290237904       1.57878792     -0.244188488    
   1.33646107      0.288731575       1.58132207     -0.251131475    
   1.33860290      0.287231922       1.58385623     -0.258197486    
   1.34074473      0.285737038       1.58639050     -0.265380323    
   1.34288645      0.284250736       1.58892465     -0.272688091    
   1.34502816      0.282771587       1.59145868     -0.280113161    
   1.34716988      0.281298161       1.59399295     -0.287676275    
   1.34931171      0.279831886       1.59652710     -0.295360267    
   1.35145354      0.278372765       1.59906125     -0.303173006    
   1.35359526      0.276920795       1.60159552     -0.311112344    
   1.35573709      0.275475502       1.60412967     -0.319185913    
   1.35787880      0.274036407       1.60666370     -0.327395856    
   1.36002052      0.272603512       1.60919797     -0.335732400    
   1.36216235      0.271179199       1.61173213     -0.344214618    
   1.36430407      0.269762039       1.61426628     -0.352827489    
   1.36644590      0.268350601       1.61680055     -0.361580074    
   1.36858761      0.266946793       1.61933470     -0.370476902    
   1.37072933      0.265549660       1.62186873     -0.379509628    
   1.37287116      0.264159203       1.62440300     -0.388693750    
   1.37501287      0.262775898       1.62693715     -0.398016393    
   1.37715471      0.261400223       1.62947130     -0.407492101    
   1.37929642      0.260030270       1.63200557     -0.417109668    
   1.38143814      0.258669376       1.63453960     -0.426875293    
   1.38357997      0.257313728       1.63707376     -0.436798036    
   1.38572168      0.255966663       1.63960803     -0.446875751    
   1.38786352      0.254624844       1.64214218     -0.457105100    
   1.39000523      0.253291607       1.64467633     -0.467489660    
   1.39214706      0.251964569       1.64721060     -0.478035390    
   1.39428878      0.250644207       1.64974463     -0.488734424    
   1.39643049      0.249331966       1.65227878     -0.499598205    
   1.39857233      0.248027816       1.65481305     -0.510624826    
   1.40071404      0.246728435       1.65734720     -0.521816432    
   1.40285587      0.245437637       1.65988135     -0.533172786    
   1.40499759      0.244152561       1.66241562     -0.544699609    
   1.40713930      0.242875114       1.66494966     -0.556393325    
   1.40928113      0.241604343       1.66748381     -0.568261325    
   1.41142285      0.240342632       1.67001808     -0.580299795    
   1.41356468      0.239086643       1.67255223     -0.592511117    
   1.41570652      0.237838283       1.67508638     -0.604902208    
   1.41784811      0.236598030       1.67762053     -0.617467582    
   1.41998994      0.235361591       1.68015468     -0.630217016    
   1.42213166      0.234134212       1.68268883     -0.643146455    
   1.42427349      0.232915416       1.68522310     -0.656261623    
   1.42641532      0.231702819       1.68775725     -0.669562519    
   1.42855692      0.230497375       1.69029140     -0.683043659    
   1.43069875      0.229299083       1.69282556     -0.696720302    
   1.43284047      0.228107467       1.69535971     -0.710584104    
   1.43498230      0.226921573       1.69789386     -0.724641740    
   1.43712413      0.225745693       1.70042813     -0.738890827    
   1.43926585      0.224574581       1.70296228     -0.753338993    
   1.44140768      0.223413005       1.70549643     -0.767986476    
   1.44354939      0.222257629       1.70803070     -0.782831132    
   1.44569123      0.221108928       1.71056485     -0.797878921    
   1.44783294      0.219967380       1.71309900     -0.813127697    
   1.44997454      0.218834415       1.71563303     -0.828583419    
   1.45211637      0.217707649       1.71816719     -0.844245613    
   1.45425820      0.216587558       1.72070146     -0.860120237    
   1.45639992      0.215476051       1.72323561     -0.876203954    
   1.45854175      0.214368835       1.72576976     -0.892505586    
   1.46068347      0.213272586       1.72830391     -0.909013450    
   1.46282530      0.212180629       1.73083818     -0.925746620    
   1.46496701      0.211097732       1.73337233     -0.942689359    
   1.46710885      0.210020557       1.73590648     -0.959864080    
   1.46925056      0.208951488       1.73844075     -0.977251232    
   1.47139239      0.207888141       1.74097490     -0.994869411    
   1.47353399      0.206833854       1.74350893      -1.01271629    
   1.47567582      0.205785766       1.74604309      -1.03078651    
   1.47781754      0.204745308       1.74857724      -1.04909420    
   1.47995937      0.203712478       1.75111151      -1.06762624    
   1.48210108      0.202685371       1.75364566      -1.08640265    
   1.48424292      0.201666847       1.75617981      -1.10541081    
   1.48638463      0.200654045       1.75871396      -1.12465644    
   1.48852646      0.199649826       1.76124823      -1.14415073    
   1.49066818      0.198651329       1.76378238      -1.16388226    
   1.49281001      0.197661415       1.76631653      -1.18386388    
   1.49495184      0.196677700       1.76885080      -1.20408750    
   1.49709344      0.195700660       1.77138472      -1.22455931    
   1.49923515      0.194731250       1.77391899      -1.24528956    
   1.50137699      0.193769470       1.77645314      -1.26627231    
   1.50351870      0.192814365       1.77898729      -1.28751349    
   1.50566053      0.191865936       1.78152156      -1.30900717    
   1.50780225      0.190925136       1.78405571      -1.33076715    
   1.50994408      0.189991966       1.78658986      -1.35278702    
   1.51208591      0.189064041       1.78912401      -1.37507439    
   1.51422763      0.188145652       1.79165828      -1.39762425    
   1.51636946      0.187232032       1.79419243      -1.42044568    
   1.51851118      0.186326042       1.79672658      -1.44353700    
   1.52065301      0.185427204       1.79926085      -1.46689939    
   1.52279460      0.184536472       1.80179477      -1.49054313    
   1.52493632      0.183650509       1.80432904      -1.51446438    
   1.52707815      0.182774082       1.80686319      -1.53867054    
   1.52921987      0.181903377       1.80939734      -1.56315422    
   1.53136170      0.181039348       1.81193161      -1.58792281    
   1.53350353      0.180181518       1.81446576      -1.61298013    
   1.53564525      0.179333225       1.81699991      -1.63832641    
   1.53778708      0.178489700       1.81953406      -1.66396117    
   1.53992879      0.177652374       1.82206833      -1.68989658    
   1.54207063      0.176825538       1.82460248      -1.71612835    
   1.54421234      0.176002517       1.82713664      -1.74266005    
   1.54635394      0.175187126       1.82967067      -1.76949239    
   1.54849577      0.174379840       1.83220482      -1.79661727    
   1.55063760      0.173579708       1.83473909      -1.82406473    
   1.55277932      0.172784343       1.83727324      -1.85182023    
   1.55492115      0.171996608       1.83980739      -1.87988019    
   1.55706286      0.171214595       1.84234166      -1.90825558    
   1.55920470      0.170442119       1.84487581      -1.93693876    
   1.56134641      0.169674411       1.84740996      -1.96594906    
   1.56348825      0.168914810       1.84994411      -1.99529362    
   1.56562996      0.168159977       1.85247838      -2.02493882    
   1.56777179      0.167412773       1.85501254      -2.05492187    
   1.56991339      0.166673675       1.85754657      -2.08522463    
   1.57205522      0.165938869       1.86008072      -2.11586571    
   1.57419693      0.165213600       1.86261487      -2.14683390    
   1.57633877      0.164492145       1.86514914      -2.17814803    
   1.57848048      0.163779274       1.86768329      -2.20979667    
   1.58062232      0.163071170       1.87021744      -2.24178720    
   1.58276403      0.162371174       1.87275171      -2.27411270    
   1.58490586      0.161678806       1.87528586      -2.30680299    
   1.58704758      0.160992160       1.87782001      -2.33982396    
   1.58918941      0.160311237       1.88035417      -2.37320256    
   1.59133124      0.159637466       1.88288844      -2.40693903    
   1.59347296      0.158971325       1.88542259      -2.44102859    
   1.59561455      0.158309951       1.88795662      -2.47547603    
   1.59775639      0.157654777       1.89049077      -2.51028848    
   1.59989810      0.157007232       1.89302492      -2.54546189    
   1.60203993      0.156365409       1.89555919      -2.58101606    
   1.60418165      0.155730262       1.89809334      -2.61692381    
   1.60632348      0.155102268       1.90062749      -2.65321159    
   1.60846531      0.154479519       1.90316176      -2.68987632    
   1.61060703      0.153865352       1.90569592      -2.72691369    
   1.61274886      0.153255001       1.90823007      -2.76433492    
   1.61489058      0.152651325       1.91076422      -2.80214024    
   1.61703241      0.152055278       1.91329849      -2.84033418    
   1.61917400      0.151464477       1.91583240      -2.87891555    
   1.62131572      0.150881305       1.91836667      -2.91788912    
   1.62345755      0.150303856       1.92090082      -2.95725012    
   1.62559938      0.149730697       1.92343497      -2.99701834    
   1.62774110      0.149166122       1.92596924      -3.03718257    
   1.62988293      0.148603931       1.92850339      -3.07775378    
   1.63202465      0.148053184       1.93103755      -3.11873174    
   1.63416648      0.147506252       1.93357182      -3.16012096    
   1.63630819      0.146965042       1.93610597      -3.20191288    
   1.63845003      0.146427646       1.93864012      -3.24412012    
   1.64059174      0.145901695       1.94117427      -3.28674889    
   1.64273357      0.145377651       1.94370854      -3.32979703    
   1.64487517      0.144860759       1.94624245      -3.37326288    
   1.64701700      0.144350067       1.94877672      -3.41717029    
   1.64915872      0.143843666       1.95131087      -3.46149659    
   1.65130055      0.143343940       1.95384502      -3.50626016    
   1.65344226      0.142851844       1.95637929      -3.55145788    
   1.65558410      0.142363563       1.95891345      -3.59708881    
   1.65772581      0.141882911       1.96144760      -3.64316511    
   1.65986764      0.141406074       1.96398187      -3.68968320    
   1.66200936      0.140934959       1.96651602      -3.73664975    
   1.66415119      0.140472427       1.96905017      -3.78406978    
   1.66629303      0.140014187       1.97158432      -3.83194184    
   1.66843462      0.139562145       1.97411835      -3.88026381    
   1.67057633      0.139112964       1.97665250      -3.92905641    
   1.67271817      0.138670936       1.97918677      -3.97830296    
   1.67485988      0.138236538       1.98172092      -4.02801323    
   1.67700171      0.137805000       1.98425508      -4.07819939    
   1.67914343      0.137381092       1.98678935      -4.12886143    
   1.68128526      0.136958137       1.98932350      -4.17999172    
   1.68342710      0.136547104       1.99185765      -4.23159790    
   1.68556881      0.136136070       1.99439192      -4.28368998    
   1.68771064      0.135733619       1.99692607      -4.33626270    
   1.68985236      0.135334983       1.99946022      -4.38932562    
   1.69199395      0.134941593       2.00199413      -4.44288063    
   1.69413579      0.134556308       2.00452852      -4.49693727    
   1.69627750      0.134174839       2.00706267      -4.55147791    
   1.69841933      0.133797184       2.00959682      -4.60652781    
   1.70056105      0.133423343       2.01213098      -4.66207266    
   1.70270288      0.133058086       2.01466513      -4.71813107    
   1.70484471      0.132695213       2.01719928      -4.77469635    
   1.70698643      0.132341877       2.01973343      -4.83177185    
   1.70912826      0.131991401       2.02226782      -4.88938427    
   1.71126997      0.131640926       2.02480197      -4.94750214    
   1.71341181      0.131299987       2.02733612      -5.00614548    
   1.71555352      0.130966678       2.02987027      -5.06531429    
   1.71769512      0.130634323       2.03240418      -5.12500763    
   1.71983695      0.130306736       2.03493857      -5.18523884    
   1.72197878      0.129986301       2.03747272      -5.24601841    
   1.72412050      0.129668728       2.04000688      -5.30732250    
   1.72626233      0.129354969       2.04254103      -5.36917496    
   1.72840405      0.129049793       2.04507518      -5.43158340    
   1.73054588      0.128747478       2.04760933      -5.49453640    
   1.73268759      0.128448024       2.05014348      -5.55804491    
   1.73482943      0.128153339       2.05267787      -5.62210560    
   1.73697114      0.127865329       2.05521202      -5.68673706    
   1.73911297      0.127582088       2.05774617      -5.75192451    
   1.74125457      0.127301231       2.06028008      -5.81767893    
   1.74339640      0.127025142       2.06281424      -5.88400888    
   1.74553812      0.126753822       2.06534863      -5.95092487    
   1.74767995      0.126486316       2.06788278      -6.01840878    
   1.74982166      0.126225486       2.07041693      -6.08647442    
   1.75196350      0.125967517       2.07295108      -6.15512657    
   1.75410521      0.125713363       2.07548523      -6.22436142    
   1.75624704      0.125462070       2.07801938      -6.29420090    
   1.75838876      0.125218406       2.08055353      -6.36463165    
   1.76053059      0.124976650       2.08308792      -6.43566751    
   1.76267242      0.124739185       2.08562207      -6.50730467    
   1.76481402      0.124504104       2.08815598      -6.57954311    
   1.76695573      0.124277130       2.09069014      -6.65239906    
   1.76909757      0.124049202       2.09322429      -6.72587585    
   1.77123928      0.123828903       2.09575868      -6.79996872    
   1.77338111      0.123612419       2.09829283      -6.87466812    
   1.77552283      0.123397842       2.10082698      -6.95001793    
   1.77766466      0.123187080       2.10336113      -7.02598476    
   1.77980649      0.122979656       2.10589528      -7.10258770    
   1.78194821      0.122777954       2.10842943      -7.17982960    
   1.78409004      0.122579113       2.11096358      -7.25770092    
   1.78623176      0.122384086       2.11349797      -7.33623505    
   1.78837359      0.122192875       2.11603212      -7.41540813    
   1.79051518      0.122002617       2.11856604      -7.49522018    
   1.79265690      0.121817127       2.12110019      -7.57569981    
   1.79479873      0.121634498       2.12363434      -7.65684509    
   1.79694045      0.121456638       2.12616873      -7.73865747    
   1.79908228      0.121284500       2.12870288      -7.82113218    
   1.80122411      0.121109024       2.13123703      -7.90426683    
   1.80336583      0.120941177       2.13377118      -7.98809814    
   1.80550766      0.120774284       2.13630533      -8.07260132    
   1.80764937      0.120614067       2.13883948      -8.15779305    
   1.80979121      0.120454803       2.14137363      -8.24365234    
   1.81193292      0.120298401       2.14390802      -8.33023357    
   1.81407452      0.120145336       2.14644194      -8.41747665    
   1.81621635      0.119994655       2.14897609      -8.50543976    
   1.81835818      0.119846359       2.15151024      -8.59410286    
   1.82049990      0.119700924       2.15404439      -8.68347549    
   1.82264173      0.119561210       2.15657878      -8.77356052    
   1.82478344      0.119420543       2.15911293      -8.86436844    
   1.82692528      0.119282737       2.16164708      -8.95587349    
   1.82906699      0.119148746       2.16418123      -9.04811001    
   1.83120883      0.119016662       2.16671538      -9.14109230    
   1.83335054      0.118888870       2.16924953      -9.23479176    
   1.83549237      0.118762031       2.17178369      -9.32923317    
   1.83763397      0.118639961       2.17431784      -9.42439938    
   1.83977580      0.118515983       2.17685199      -9.52032661    
   1.84191751      0.118396774       2.17938614      -9.61698818    
   1.84405935      0.118278518       2.18192029      -9.71442032    
   1.84620106      0.118165031       2.18445444      -9.81258678    
   1.84834290      0.118050590       2.18698883      -9.91155052    
   1.85048461      0.117940918       2.18952298      -10.0112524    
   1.85262644      0.117829338       2.19205713      -10.1117201    
   1.85476816      0.117723480       2.19459128      -10.2129841    
   1.85690999      0.117619529       2.19712543      -10.3150053    
   1.85905182      0.117514625       2.19965959      -10.4178009    
   1.86119354      0.117413536       2.20219374      -10.5213957    
   1.86333513      0.117311493       2.20472789      -10.6257868    
   1.86547697      0.117217079       2.20726204      -10.7309704    
   1.86761868      0.117117897       2.20979619      -10.8369656    
   1.86976051      0.117021576       2.21233034      -10.9437485    
   1.87190223      0.116929069       2.21486449      -11.0513439    
   1.87404406      0.116837516       2.21739888      -11.1597614    
   1.87618589      0.116745964       2.21993303      -11.2689877    
   1.87832761      0.116655365       2.22246718      -11.3790131    
   1.88046944      0.116567627       2.22500134      -11.4898911    
   1.88261116      0.116481796       2.22753549      -11.6016006    
   1.88475299      0.116395012       2.23006964      -11.7141399    
   1.88689458      0.116312996       2.23260379      -11.8275127    
   1.88903630      0.116225258       2.23513794      -11.9417419    
   1.89117813      0.116142288       2.23767209      -12.0568104    
   1.89331996      0.116063133       2.24020624      -12.1727257    
   1.89546168      0.115981117       2.24274039      -12.2895203    
   1.89760351      0.115900055       2.24527454      -12.4071455    
   1.89974523      0.115821853       2.24780893      -12.5256634    
   1.90188706      0.115741745       2.25034308      -12.6450596    
   1.90402877      0.115662590       2.25287724      -12.7653065    
   1.90617061      0.115588203       2.25541139      -12.8864441    
   1.90831232      0.115507141       2.25794554      -13.0084553    
   1.91045415      0.115430847       2.26047969      -13.1313725    
   1.91259575      0.115352646       2.26301384      -13.2551785    
   1.91473758      0.115277305       2.26554799      -13.3798866    
   1.91687930      0.115202919       2.26808214      -13.5055027    
   1.91902113      0.115127578       2.27061629      -13.6320076    
   1.92116284      0.115049377       2.27315044      -13.7594299    
   1.92330468      0.114974037       2.27568460      -13.8877945    
   1.92544639      0.114899650       2.27821898      -14.0170679    
   1.92758822      0.114822403       2.28075314      -14.1472702    
   1.92972994      0.114744201       2.28328729      -14.2783861    
   1.93187177      0.114668861       2.28582144      -14.4104557    
   1.93401361      0.114592567       2.28835559      -14.5434771    
   1.93615520      0.114514366       2.29088950      -14.6774120    
   1.93829691      0.114438072       2.29342389      -14.8123331    
   1.94043875      0.114358917       2.29595804      -14.9482040    
   1.94258046      0.114278808       2.29849219      -15.0850286    
   1.94472229      0.114201561       2.30102634      -15.2228127    
   1.94686401      0.114119545       2.30356050      -15.3615656    
   1.94900584      0.114038482       2.30609465      -15.5013008    
   1.95114768      0.113955513       2.30862904      -15.6420498    
   1.95328939      0.113873497       2.31116319      -15.7837372    
   1.95543122      0.113792434       2.31369734      -15.9264431    
   1.95757294      0.113708511       2.31623149      -16.0701351    
   1.95971453      0.113620773       2.31876540      -16.2148075    
   1.96185637      0.113534942       2.32129955      -16.3604965    
   1.96399808      0.113445297       2.32383394      -16.5072269    
   1.96613991      0.113356605       2.32636809      -16.6549549    
   1.96828163      0.113263145       2.32890224      -16.8036995    
   1.97042346      0.113172546       2.33143640      -16.9534817    
   1.97256529      0.113076225       2.33397055      -17.1042728    
   1.97470701      0.112980857       2.33650470      -17.2561245    
   1.97684884      0.112882629       2.33903909      -17.4090080    
   1.97899055      0.112783447       2.34157324      -17.5629406    
   1.98113239      0.112683311       2.34410739      -17.7179203    
   1.98327410      0.112580314       2.34664154      -17.8739548    
   1.98541570      0.112475410       2.34917545      -18.0310593    
   1.98755753      0.112368599       2.35170960      -18.1892147    
   1.98969936      0.112257019       2.35424399      -18.3484688    
   1.99184108      0.112146392       2.35677814      -18.5087795    
   1.99398291      0.112032905       2.35931230      -18.6701603    
   1.99612463      0.111916557       2.36184645      -18.8326511    
   1.99826646      0.111797348       2.36438060      -18.9962425    
   2.00040817      0.111679092       2.36691475      -19.1609364    
   2.00254989      0.111550346       2.36944914      -19.3267307    
   2.00469184      0.111423507       2.37198329      -19.4936428    
   2.00683355      0.111295715       2.37451744      -19.6616535    
   2.00897527      0.111166015       2.37705135      -19.8307667    
   2.01111698      0.111028686       2.37958550      -20.0010033    
   2.01325870      0.110890403       2.38211966      -20.1723976    
   2.01540041      0.110753074       2.38465405      -20.3449345    
   2.01754236      0.110605255       2.38718820      -20.5186024    
   2.01968408      0.110458389       2.38972235      -20.6934261    
   2.02182579      0.110306755       2.39225650      -20.8693867    
   2.02396750      0.110152259       2.39479065      -21.0465260    
   2.02610946      0.109994903       2.39732480      -21.2248116    
   2.02825117      0.109832779       2.39985919      -21.4042778    
   2.03039289      0.109669700       2.40239334      -21.5849247    
   2.03253460      0.109501854       2.40492725      -21.7667236    
   2.03467631      0.109324470       2.40746140      -21.9497356    
   2.03681803      0.109152809       2.40999556      -22.1339111    
   2.03895998      0.108970657       2.41252971      -22.3193150    
   2.04110169      0.108788505       2.41506410      -22.5059319    
   2.04324341      0.108601585       2.41759825      -22.6937351    
   2.04538512      0.108407035       2.42013240      -22.8827534    
   2.04752707      0.108213440       2.42266655      -23.0730038    
   2.04966879      0.108010307       2.42520070      -23.2644520    
   2.05181050      0.107808128       2.42773485      -23.4571438    
   2.05395246      0.107595459       2.43026924      -23.6510925    
   2.05609417      0.107381836       2.43280339      -23.8462906    
   2.05823565      0.107163444       2.43533731      -24.0427094    
   2.06037760      0.106938377       2.43787146      -24.2403698    
   2.06251931      0.106709495       2.44040561      -24.4393120    
   2.06466103      0.106474891       2.44293976      -24.6395321    
   2.06680298      0.106235519       2.44547415      -24.8410282    
   2.06894469      0.105994239       2.44800830      -25.0437965    
   2.07108641      0.105746284       2.45054245      -25.2478218    
   2.07322812      0.105486885       2.45307660      -25.4531651    
   2.07537007      0.105226532       2.45561075      -25.6597919    
   2.07751179      0.104964271       2.45814490      -25.8677044    
   2.07965350      0.104693428       2.46067929      -26.0769749    
   2.08179522      0.104420677       2.46321321      -26.2875099    
   2.08393693      0.104136482       2.46574736      -26.4993877    
   2.08607864      0.103846565       2.46828151      -26.7125607    
   2.08822060      0.103554741       2.47081566      -26.9270916    
   2.09036231      0.103253379       2.47334981      -27.1429691    
   2.09250402      0.102950111       2.47588420      -27.3601990    
   2.09464574      0.102637306       2.47841835      -27.5787239    
   2.09678769      0.102318779       2.48095250      -27.7986641    
   2.09892941      0.101992622       2.48348665      -28.0199261    
   2.10107112      0.101662651       2.48602080      -28.2425823    
   2.10321283      0.101325050       2.48855495      -28.4665756    
   2.10535455      0.100979820       2.49108911      -28.6919823    
   2.10749626      0.100631729       2.49362326      -28.9187565    
   2.10963821      0.100274101       2.49615741      -29.1469288    
   2.11177993       9.99078900E-02   2.49869156      -29.3765106    
   2.11392164       9.95378643E-02   2.50122571      -29.6074905    
   2.11606336       9.91611630E-02   2.50375986      -29.8398952    
   2.11820531       9.87787396E-02   2.50629425      -30.0737133    
   2.12034702       9.83858258E-02   2.50882840      -30.3089466    
   2.12248874       9.79795605E-02   2.51136255      -30.5456085    
   2.12463069       9.75732952E-02   2.51389670      -30.7836933    
   2.12677240       9.71574932E-02   2.51643085      -31.0232372    
   2.12891412       9.67359692E-02   2.51896501      -31.2642117    
   2.13105583       9.63030010E-02   2.52149916      -31.5066719    
   2.13319755       9.58681256E-02   2.52403331      -31.7505856    
   2.13533926       9.54189450E-02   2.52656746      -31.9959736    
   2.13748097       9.49669033E-02   2.52910161      -32.2427979    
   2.13962293       9.45062786E-02   2.53163576      -32.4911308    
   2.14176464       9.40332562E-02   2.53417015      -32.7409897    
