   1.5000000130385160E-003  0.99999999996206701       0.99999999987689703     
   4.4999998062849045E-003  0.99999999803961626       0.99999999641151682     
   7.4999998323619366E-003  0.99999998596222694       0.99999997815810704     
   1.0499999858438969E-002  0.99999994760036237       0.99999992418476535     
   1.3500000350177288E-002  0.99999985888671972       0.99999980396537702     
   1.6499999910593033E-002  0.99999968779714088       0.99999957758852231     
   1.9500000402331352E-002  0.99999939431079077       0.99999919559838524     
   2.2500000894069672E-002  0.99999893032320064       0.99999859894417076     
   2.5499999523162842E-002  0.99999823959265943       0.99999771953953964     
   2.8500000014901161E-002  0.99999725787197691       0.99999647926531121     
   3.1500000506639481E-002  0.99999591264075882       0.99999479108460310     
   3.4499999135732651E-002  0.99999412332117610       0.99999255858081748     
   3.7500001490116119E-002  0.99999180070356342       0.99998967535618044     
   4.0500000119209290E-002  0.99998884791235798       0.99998602672878245     
   4.3499998748302460E-002  0.99998515941289889       0.99998148684077881     
   4.6500001102685928E-002  0.99998062104342467       0.99997592330009599     
   4.9499999731779099E-002  0.99997511108995529       0.99996919154542818     
   5.2499998360872269E-002  0.99996849922116482       0.99996113910283091     
   5.5500000715255737E-002  0.99996064538862905       0.99995160542202011     
   5.8499999344348907E-002  0.99995140360878720       0.99994041623275132     
   6.1500001698732376E-002  0.99994061734702855       0.99992739326900792     
   6.4499996602535248E-002  0.99992812243929263       0.99991234632487258     
   6.7500002682209015E-002  0.99991374626360452       0.99989507689233326     
   7.0500001311302185E-002  0.99989730703272661       0.99987537397875159     
   7.3499999940395355E-002  0.99987861556187452       0.99985302449652635     
   7.6499998569488525E-002  0.99985747282251003       0.99982779788957454     
   7.9499997198581696E-002  0.99983367341312124       0.99979945891413879     
   8.2500003278255463E-002  0.99980699981119681       0.99976776441057569     
   8.5500001907348633E-002  0.99977723039449240       0.99973245781508424     
   8.8500000536441803E-002  0.99974413140181262       0.99969327692058974     
   9.1499999165534973E-002  0.99970746114447062       0.99964994790778483     
   9.4499997794628143E-002  0.99966697038994612       0.99960219009514995     
   9.7499996423721313E-002  0.99962240062568342       0.99954971313383045     
  0.10050000250339508       0.99957348523387690       0.99949221614015371     
  0.10350000113248825       0.99951994852782622       0.99942938880035392     
  0.10649999976158142       0.99946150731818284       0.99936091664136384     
  0.10949999839067459       0.99939786742351744       0.99928647014236405     
  0.11249999701976776       0.99932872347287005       0.99920571581139361     
  0.11550000309944153       0.99925377588185338       0.99911830653602485     
  0.11850000172853470       0.99917269926789798       0.99902388549723242     
  0.12150000035762787       0.99908516592273766       0.99892209663347320     
  0.12449999898672104       0.99899084355806478       0.99881256608258928     
  0.12749999761581421       0.99888938720090614       0.99869491250706932     
  0.13050000369548798       0.99878044374981478       0.99856874710286214     
  0.13349999487400055       0.99866365047396199       0.99843367195872545     
  0.13650000095367432       0.99853863985674474       0.99828928067430656     
  0.13950000703334808       0.99840503011653281       0.99813515717200341     
  0.14249999821186066       0.99826244312570456       0.99797088013798330     
  0.14550000429153442       0.99811047489618754       0.99779601621866298     
  0.14849999547004700       0.99794872391476253       0.99761012228004931     
  0.15150000154972076       0.99777678454455854       0.99741275281011443     
  0.15449999272823334       0.99759423498151722       0.99720344980569753     
  0.15749999880790710       0.99740063678339475       0.99698174215741409     
  0.16050000488758087       0.99719557211299581       0.99674716346530989     
  0.16349999606609344       0.99697858091420499       0.99649922739443819     
  0.16650000214576721       0.99674920886935792       0.99623744214786558     
  0.16949999332427979       0.99650701101267347       0.99596131209313166     
  0.17249999940395355       0.99625150882807278       0.99567032941076417     
  0.17550000548362732       0.99598222686982574       0.99536398076774757     
  0.17849999666213989       0.99569867013205049       0.99504174326921258     
  0.18150000274181366       0.99540036911540797       0.99470308453777534     
  0.18449999392032623       0.99508679353350615       0.99434747083571839     
  0.18750000000000000       0.99475746785075647       0.99397435522657163     
  0.19050000607967377       0.99441185178306468       0.99358318835259718     
  0.19349999725818634       0.99404943208868213       0.99317340855312874     
  0.19650000333786011       0.99366966655166600       0.99274444210862456     
  0.19949999451637268       0.99327204683448822       0.99229572841008196     
  0.20250000059604645       0.99285599128535373       0.99182667234050959     
  0.20550000667572021       0.99242096309406924       0.99133669707822614     
  0.20849999785423279       0.99196641161318666       0.99082520201659074     
  0.21150000393390656       0.99149175556489866       0.99029158466522194     
  0.21449999511241913       0.99099643290998463       0.98973524007500668     
  0.21750000119209290       0.99047985328584820       0.98915554878684986     
  0.22050000727176666       0.98994142033371313       0.98855189659877885     
  0.22349999845027924       0.98938056939667163       0.98792365502254620     
  0.22650000452995300       0.98879667426046058       0.98727018378165221     
  0.22949999570846558       0.98818913992758317       0.98659085900171417     
  0.23250000178813934       0.98755734582507348       0.98588501962706265     
  0.23549999296665192       0.98690067940048809       0.98515202642442945     
  0.23849999904632568       0.98621851174722108       0.98439122044811589     
  0.24150000512599945       0.98551021417277629       0.98360194117723954     
  0.24449999630451202       0.98477514732656535       0.98278352692261084     
  0.24750000238418579       0.98401267112695157       0.98193529832404747     
  0.25049999356269836       0.98322213793156055       0.98105659164823666     
  0.25350001454353333       0.98240288339225645       0.98014671442859502     
  0.25650000572204590       0.98155427221824931       0.97920500175249159     
  0.25949999690055847       0.98067562645193718       0.97823074950267963     
  0.26249998807907104       0.97976628577606228       0.97722327854722402     
  0.26550000905990601       0.97882555747170452       0.97618186834754517     
  0.26850000023841858       0.97785279262618430       0.97510585035310438     
  0.27149999141693115       0.97684729960159566       0.97399451358479494     
  0.27450001239776611       0.97580838676283477       0.97284713381364130     
  0.27750000357627869       0.97473537448214864       0.97166302829984630     
  0.28049999475479126       0.97362757182266446       0.97044147702898609     
  0.28349998593330383       0.97248427720168273       0.96918176491647401     
  0.28650000691413879       0.97130477876395671       0.96788317508564725     
  0.28949999809265137       0.97008840432434817       0.96654499744398015     
  0.29249998927116394       0.96883443603114672       0.96516651350518834     
  0.29550001025199890       0.96754215721753278       0.96374698814947957     
  0.29850000143051147       0.96621086985344673       0.96228572608393936     
  0.30149999260902405       0.96483986639228070       0.96078199715715917     
  0.30450001358985901       0.96342840683633957       0.95923506535697922     
  0.30750000476837158       0.96197581880975991       0.95764422046027720     
  0.31049999594688416       0.96048136553495689       0.95600875122005957     
  0.31349998712539673       0.95894432218216596       0.95432791344408363     
  0.31650000810623169       0.95736396670542434       0.95260099451020153     
  0.31949999928474426       0.95573960171742778       0.95082727997444005     
  0.32249999046325684       0.95407050032226692       0.94900603670587091     
  0.32550001144409180       0.95235592851355366       0.94713655972110244     
  0.32850000262260437       0.95059520172772927       0.94521815782294882     
  0.33149999380111694       0.94878757830629779       0.94325006946635948     
  0.33450001478195190       0.94693233865431059       0.94123161136555467     
  0.33750000596046448       0.94502878826566228       0.93916207454940870     
  0.34049999713897705       0.94307620473068787       0.93704075057285852     
  0.34349998831748962       0.94107386171062457       0.93486695799913400     
  0.34650000929832458       0.93902104043971302       0.93263995999054961     
  0.34950000047683716       0.93691708102291593       0.93035910106380115     
  0.35249999165534973       0.93476125083840600       0.92802369942906737     
  0.35550001263618469       0.93255282467595690       0.92563301438584566     
  0.35850000381469727       0.93029116090058950       0.92318642817043650     
  0.36149999499320984       0.92797552403194272       0.92068326623327912     
  0.36449998617172241       0.92560526360304562       0.91812283117411164     
  0.36750000715255737       0.92317961791064374       0.91550447952833902     
  0.37049999833106995       0.92069797645934370       0.91282755780279612     
  0.37349998950958252       0.91815965608326222       0.91009143845844587     
  0.37650001049041748       0.91556395584422334       0.90729544799665041     
  0.37950000166893005       0.91291024870287840       0.90443904089270089     
  0.38249999284744263       0.91019784701878770       0.90152151128411906     
  0.38550001382827759       0.90742610153629721       0.89854227949951593     
  0.38850000500679016       0.90459441832297838       0.89550075002948781     
  0.39149999618530273       0.90170211289029401       0.89239634704640369     
  0.39449998736381531       0.89874858195323348       0.88922846587253090     
  0.39750000834465027       0.89573318953806047       0.88599649371184863     
  0.40049999952316284       0.89265533787314699       0.88269999578196456     
  0.40349999070167542       0.88951444190015472       0.87933833202698752     
  0.40650001168251038       0.88630982980750728       0.87591095279076314     
  0.40950000286102295       0.88304105179334036       0.87241744569849256     
  0.41249999403953552       0.87970745190174715       0.86885721028896834     
  0.41549998521804810       0.87630849671405664       0.86522976615287805     
  0.41850000619888306       0.87284359202536266       0.86153462032983030     
  0.42149999737739563       0.86931224994838741       0.85777137143063087     
  0.42449998855590820       0.86571397680481432       0.85393951628857911     
  0.42750000953674316       0.86204816862298250       0.85003860351285487     
  0.43050000071525574       0.85831441026223809       0.84606826468585661     
  0.43349999189376831       0.85451219655137822       0.84202809804412038     
  0.43650001287460327       0.85064098954783374       0.83791766633016529     
  0.43950000405311584       0.84670043877434098       0.83373664912886880     
  0.44249999523162842       0.84269007207217705       0.82948466723060188     
  0.44549998641014099       0.83860944266804460       0.82516142068655918     
  0.44850000739097595       0.83445808358986195       0.82076654640516500     
  0.45149999856948853       0.83023571511828786       0.81629982693290259     
  0.45449998974800110       0.82594192858143656       0.81176091013553164     
  0.45750001072883606       0.82157627400395705       0.80714956571076235     
  0.46050000190734863       0.81713852622503091       0.80246562357505402     
  0.46349999308586121       0.81262833357693454       0.79770879020032592     
  0.46650001406669617       0.80804533418931546       0.79287890503521607     
  0.46950000524520874       0.80338931001519176       0.78797585432381789     
  0.47249999642372131       0.79865999190737913       0.78299945418839700     
  0.47549998760223389       0.79385709342433430       0.77794956644707225     
  0.47850000858306885       0.78898037798739240       0.77282607648350687     
  0.48149999976158142       0.78402972342362343       0.76762901863866728     
  0.48449999094009399       0.77900490406749701       0.76235826719093014     
  0.48750001192092896       0.77390567941796684       0.75701377050546914     
  0.49050000309944153       0.76873204683860463       0.75159563628099502     
  0.49349999427795410       0.76348383606763903       0.74610384447269973     
  0.49649998545646667       0.75816095218989077       0.74053846373632204     
  0.49950000643730164       0.75276326364270552       0.73489951144663734     
  0.50249999761581421       0.74729088328919779       0.72918722889317433     
  0.50550001859664917       0.74174361166640090       0.72340164108832294     
  0.50849997997283936       0.73612168253147436       0.71754309414268258     
  0.51150000095367432       0.73042487124343325       0.71161155615777361     
  0.51450002193450928       0.72465337000503594       0.70560738765180464     
  0.51749998331069946       0.71880737647201287       0.69953095948393484     
  0.52050000429153442       0.71288678522742943       0.69338235049196539     
  0.52350002527236938       0.70689180921380668       0.68716198038092913     
  0.52649998664855957       0.70082278521062935       0.68087033082667059     
  0.52950000762939453       0.69467966262695058       0.67450756046778571     
  0.53250002861022949       0.68846275857480943       0.66807421491695473     
  0.53549998998641968       0.68217250820693709       0.66157085912289060     
  0.53850001096725464       0.67580891115096930       0.65499775162231610     
  0.54149997234344482       0.66937254856999628       0.64835566822923385     
  0.54449999332427979       0.66286349685733825       0.64164489667876035     
  0.54750001430511475       0.65628230429030576       0.63486617063270090     
  0.55049997568130493       0.64962944951559642       0.62802023542453145     
  0.55349999666213989       0.64290519537704327       0.62110751460335323     
  0.55650001764297485       0.63611005727025383       0.61412881424615717     
  0.55949997901916504       0.62924474126748531       0.60708502725666302     
  0.56250000000000000       0.62230948695491728       0.59997664959008346     
  0.56550002098083496       0.61530501902832613       0.59280461526723227     
  0.56849998235702515       0.60823208167977272       0.58556992400887564     
  0.57150000333786011       0.60109103179313728       0.57827319368777985     
  0.57450002431869507       0.59388265454468014       0.57091545939827382     
  0.57749998569488525       0.58660787438771433       0.56349784089171528     
  0.58050000667572021       0.57926710097762246       0.55602103477952003     
  0.58350002765655518       0.57186124752598466       0.54848625369628035     
  0.58649998903274536       0.56439129992791881       0.54089467837422078     
  0.58950001001358032       0.55685782764269132       0.53324717677514355     
  0.59249997138977051       0.54926199294364397       0.52554518756485136     
  0.59549999237060547       0.54160442700117573       0.51778959520298162     
  0.59850001335144043       0.53388621575777928       0.50998177632802322     
  0.60149997472763062       0.52610855167081350       0.50212318917677368     
  0.60449999570846558       0.51827214790245968       0.49421480401697926     
  0.60750001668930054       0.51037820518829624       0.48625816637844832     
  0.61049997806549072       0.50242798012541312       0.47825481570668321     
  0.61349999904632568       0.49442236357425390       0.47020585264011572     
  0.61650002002716064       0.48636263832817839       0.46211295113868062     
  0.61949998140335083       0.47825020682017433       0.45397773750801801     
  0.62250000238418579       0.47008599839632337       0.44580148837390920     
  0.62550002336502075       0.46187147498520470       0.43758594963990027     
  0.62849998474121094       0.45360811921940181       0.42933292056377714     
  0.63150000572204590       0.44529699904219572       0.42104373248117499     
  0.63450002670288086       0.43693964806765123       0.41272028939423755     
  0.63749998807907104       0.42853767722732844       0.40436449830477272     
  0.64050000905990601       0.42009230593685315       0.39597785738141350     
  0.64349997043609619       0.41160529967608905       0.38756249610794663     
  0.64649999141693115       0.40307792134035914       0.37911996155735428     
  0.64950001239776611       0.39451195556106972       0.37065235070878971     
  0.65249997377395630       0.38590912829591090       0.36216179472345206     
  0.65549999475479126       0.37727086514645825       0.35364991913156391     
  0.65850001573562622       0.36859896174010259       0.34511896146727539     
  0.66149997711181641       0.35989538486743777       0.33657111711381837     
  0.66449999809265137       0.35116155165596163       0.32800817974108082     
  0.66750001907348633       0.34239946192360754       0.31943245993703112     
  0.67049998044967651       0.33361110134350191       0.31084631342811081     
  0.67350000143051147       0.32479803691965314       0.30225160754190800     
  0.67650002241134644       0.31596234258049716       0.29365075524439782     
  0.67949998378753662       0.30710618041745491       0.28504623745609836     
  0.68250000476837158       0.29823118769614232       0.27644001458684664     
  0.68550002574920654       0.28933952988212469       0.26783463631904791     
  0.68849998712539673       0.28043349612854063       0.25923263939201019     
  0.69150000810623169       0.27151478796505518       0.25063614179751886     
  0.69450002908706665       0.26258570804595294       0.24204772736218186     
  0.69749999046325684       0.25364860948450407       0.23347006523463906     
  0.70050001144409180       0.24470531055324896       0.22490534488418104     
  0.70349997282028198       0.23575839459157052       0.21635645267870574     
  0.70649999380111694       0.22680977089269821       0.20782561850176545     
  0.70950001478195190       0.21786186205545519       0.19931560974863116     
  0.71249997615814209       0.20891719705192136       0.19082922805616259     
  0.71549999713897705       0.19997772222684776       0.18236880707265452     
  0.71850001811981201       0.19104602373503352       0.17393719154675755     
  0.72149997949600220       0.18212465343714518       0.16553724616243801     
  0.72450000047683716       0.17321566976188627       0.15717137106159962     
  0.72750002145767212       0.16432171987320426       0.14884250025936041     
  0.73049998283386230       0.15544544650036907       0.14055355862330282     
  0.73350000381469727       0.14658898723025618       0.13230701095991776     
  0.73650002479553223       0.13775504028176785       0.12410581391069814     
  0.73949998617172241       0.12894634554215614       0.11595299974075038     
  0.74250000715255737       0.12016509534757171       0.10785106006696495     
  0.74550002813339233       0.11141407880504371        9.9803021593008079E-002
  0.74849998950958252       0.10269604394568271        9.1811912745477606E-002
  0.75150001049041748        9.4013304946231641E-002   8.3880311400858956E-002
  0.75449997186660767        8.5368836037983439E-002   7.6011416092045037E-002
  0.75749999284744263        7.6764966140003471E-002   6.8207822261130147E-002
  0.76050001382827759        6.8204537361914050E-002   6.0472603994740935E-002
  0.76349997520446777        5.9690426320698521E-002   5.2808821791776657E-002
  0.76649999618530273        5.1225001265646795E-002   4.5219092777504716E-002
  0.76950001716613770        4.2811157960435428E-002   3.7706498263616370E-002
  0.77249997854232788        3.4451801486740284E-002   3.0274105744623584E-002
  0.77549999952316284        2.6149348828736433E-002   2.2924550201287003E-002
  0.77850002050399780        1.7906727025319542E-002   1.5660896545609881E-002
  0.78149998188018799        9.7268728633782137E-003   8.4862033830794999E-003
  0.78450000286102295        1.6122390828144937E-003   1.4030989838922224E-003
  0.78750002384185791        6.4342233241966090E-003   5.5853708366430483E-003
  0.79049998521804810        1.4409560066141813E-002   1.2476177238240778E-002
  0.79350000619888306        2.2311284248632723E-002   1.9266714735262126E-002
  0.79650002717971802        3.0136435511029833E-002   2.5953976726956179E-002
  0.79949998855590820        3.7882043471936577E-002   3.2534982109355862E-002
  0.80250000953674316        4.5545604339346041E-002   3.9007165520302492E-002
  0.80549997091293335        5.3124001203576333E-002   4.5367451656155112E-002
  0.80849999189376831        6.0614698950595992E-002   5.1613305729251692E-002
  0.81150001287460327        6.8014749023745227E-002   5.7741833695919793E-002
  0.81449997425079346        7.5321168802454555E-002   6.3750184519354491E-002
  0.81749999523162842        8.2531432645866487E-002   6.9635886145612017E-002
  0.82050001621246338        8.9642579891647936E-002   7.5396134394403930E-002
  0.82349997758865356        9.6651638295115624E-002   8.1028187367184812E-002
  0.82649999856948853       0.10355611402908656        8.6529647114774441E-002
  0.82950001955032349       0.11035301200044792        9.1897853576687769E-002
  0.83249998092651367       0.11703940478046661        9.7130164403581548E-002
  0.83550000190734863       0.12361275092781160       0.10222430756505434     
  0.83850002288818359       0.13007012294789852       0.10717775028680748     
  0.84149998426437378       0.13640858323801805       0.11198801222803918     
  0.84450000524520874       0.14262561809976784       0.11665293580746096     
  0.84750002622604370       0.14871829438125556       0.12117016471202836     
  0.85049998760223389       0.15468369547735308       0.12553740175897904     
  0.85350000858306885       0.16051929654183492       0.12975263640966930     
  0.85650002956390381       0.16622218819234230       0.13381371060302583     
  0.85949999094009399       0.17178951420135119       0.13771851346243677     
  0.86250001192092896       0.17721867673192324       0.14146523092329349     
  0.86549997329711914       0.18250673083500321       0.14505185705691989     
  0.86849999427795410       0.18765109360196908       0.14847668994771482     
  0.87150001525878906       0.19264887344253248       0.15173797722383897     
  0.87449997663497925       0.19749725717393049       0.15483399038288298     
  0.87749999761581421       0.20219358513870642       0.15776328689848623     
  0.88050001859664917       0.20673502090648732       0.16052436017982238     
  0.88349997997283936       0.21111872988067834       0.16311578592746770     
  0.88650000095367432       0.21534199337669238       0.16553637771570853     
  0.88950002193450928       0.21940194800891047       0.16778490802397081     
  0.89249998331069946       0.22329575938060583       0.16986032688142896     
  0.89550000429153442       0.22702066025287224       0.17176172195906431     
  0.89850002527236938       0.23057379097997244       0.17348817892995091     
  0.90149998664855957       0.23395208389435390       0.17503899849762214     
  0.90450000762939453       0.23715293223118311       0.17641363752010050     
  0.90750002861022949       0.24017318732242507       0.17761156488148966     
  0.91049998998641968       0.24300991482946979       0.17863245964429214     
  0.91350001096725464       0.24566020530672208       0.17947611191079837     
  0.91649997234344482       0.24812088520632816       0.18014245471973736     
  0.91949999332427979       0.25038898246163688       0.18063159823881753     
  0.92250001430511475       0.25246135574536477       0.18094381120035627     
  0.92549997568130493       0.25433474552501739       0.18107939024040381     
  0.92849999666213989       0.25600602913215981       0.18103899295993067     
  0.93150001764297485       0.25747180195608887       0.18082325470617724     
  0.93449997901916504       0.25872880356326200       0.18043312484397500     
  0.93750000000000000       0.25977360219234608       0.17986968813889442     
  0.94050002098083496       0.26060274530950461       0.17913415026960111     
  0.94349998235702515       0.26121275285378043       0.17822804592324176     
  0.94650000333786011       0.26159990909486042       0.17715292033324759     
  0.94950002431869507       0.26176067933556019       0.17591069029968096     
  0.95249998569488525       0.26169139724498747       0.17450339884190816     
  0.95550000667572021       0.26138828228019229       0.17293328409747116     
  0.95850002765655518       0.26084756360018263       0.17120283215077667     
  0.96149998903274536       0.26006557136529063       0.16931483038413950     
  0.96450001001358032       0.25903845443973805       0.16727211504576950     
  0.96749997138977051       0.25776249521755024       0.16507793581717939     
  0.97049999237060547       0.25623397925497504       0.16273563806984251     
  0.97350001335144043       0.25444933319887830       0.16024893149638939     
  0.97649997472763062       0.25240512883770466       0.15762178134287227     
  0.97949999570846558       0.25009803086600513       0.15485821418920312     
  0.98250001668930054       0.24752495910761660       0.15196272477370748     
  0.98549997806549072       0.24468327024447858       0.14894007667498632     
  0.98849999904632568       0.24157036705810292       0.14579508182768577     
  0.99150002002716064       0.23818450475590355       0.14253299983386045     
  0.99449998140335083       0.23452430005918717       0.13915933779024992     
  0.99750000238418579       0.23058888995118293       0.13567978346729717     
   1.0004999637603760       0.22637851228672062       0.13210036933418903     
   1.0034999847412109       0.22189395606241810       0.12842734270025472     
   1.0065000057220459       0.21713730480183030       0.12466720865248740     
   1.0095000267028809       0.21211168645902981       0.12082673551006132     
   1.0125000476837158       0.20682156289988743       0.11691300126300824     
   1.0154999494552612       0.20127311102233603       0.11293344067273396     
   1.0184999704360962       0.19547337637222273       0.10889510039658210     
   1.0214999914169312       0.18943174081388228       0.10480597174126226     
   1.0245000123977661       0.18315934897670924       0.10067387203822357     
   1.0275000333786011       0.17666915044148307        9.6506928683838936E-002
   1.0305000543594360       0.16997610829869675        9.2313403964294868E-002
   1.0334999561309814       0.16309752507160888        8.8101862474457407E-002
   1.0364999771118164       0.15605185411117256        8.3880508766410511E-002
   1.0394999980926514       0.14886037162742125        7.9658179435914744E-002
   1.0425000190734863       0.14154603578102684        7.5443560816247895E-002
   1.0455000400543213       0.13413338597411542        7.1245413182146750E-002
   1.0484999418258667       0.12664890976173115        6.7072735968775984E-002
   1.0514999628067017       0.11911946251189311        6.2933931302555923E-002
   1.0544999837875366       0.11157371251072846        5.8837951727335559E-002
   1.0575000047683716       0.10404079589139233        5.4793406225950331E-002
   1.0605000257492065        9.6550058192478166E-002   5.0808879367121404E-002
   1.0635000467300415        8.9130790316069200E-002   4.6892742574797967E-002
   1.0664999485015869        8.1812030336338867E-002   4.3053347708029821E-002
   1.0694999694824219        7.4621216654443864E-002   3.9298353766200285E-002
   1.0724999904632568        6.7585297915404893E-002   3.5635656701352811E-002
   1.0755000114440918        6.0729410786483334E-002   3.2072696201790700E-002
   1.0785000324249268        5.4076781770519333E-002   2.8616494914232824E-002
   1.0815000534057617        4.7648562656385028E-002   2.5273807228195236E-002
   1.0844999551773071        4.1463819792113152E-002   2.2051055467630601E-002
   1.0874999761581421        3.5538389572765776E-002   1.8953845467876745E-002
   1.0904999971389771        2.9886345595677245E-002   1.5987722987366958E-002
   1.0935000181198120        2.4518897409158278E-002   1.3157588469196881E-002
   1.0965000391006470        1.9444715092434162E-002   1.0467848968913005E-002
   1.0994999408721924        1.4670169585723283E-002   7.9224637144865596E-003
   1.1024999618530273        1.0198682306620967E-002   5.5245368583680581E-003
   1.1054999828338623        6.0320006241842070E-003   3.2769098417206170E-003
   1.1085000038146973        2.1696030200651301E-003   1.1817498357341069E-003
   1.1115000247955322        1.3909300032344070E-003   7.5936069225809128E-004
   1.1145000457763672        4.6537331541244157E-003   2.5454260592059556E-003
   1.1174999475479126        7.6243344847104219E-003   4.1759713207496210E-003
   1.1204999685287476        1.0309937084214986E-002   5.6512845196495251E-003
   1.1234999895095825        1.2718512724556473E-002   6.9720417987755509E-003
   1.1265000104904175        1.4859082725693265E-002   8.1395165585592504E-003
   1.1295000314712524        1.6741475688298701E-002   9.1555379565553922E-003
   1.1325000524520874        1.8376122437491389E-002   1.0022450995098835E-002
   1.1354999542236328        1.9773864681250700E-002   1.0743063673922752E-002
   1.1384999752044678        2.0946077277500422E-002   1.1320773958362583E-002
   1.1414999961853027        2.1904154785538952E-002   1.1759294298280406E-002
   1.1445000171661377        2.2659687555815329E-002   1.2062811043697346E-002
   1.1475000381469727        2.3224338780025642E-002   1.2235874613960546E-002
   1.1505000591278076        2.3609694604167727E-002   1.2283425169730740E-002
   1.1534999608993530        2.3827221418757073E-002   1.2210721855204011E-002
   1.1564999818801880        2.3888250463253342E-002   1.2023262297862835E-002
   1.1595000028610229        2.3803897040520713E-002   1.1726878170119540E-002
   1.1625000238418579        2.3585043098521382E-002   1.1327553353582306E-002
   1.1655000448226929        2.3242262583089666E-002   1.0831539680902669E-002
   1.1684999465942383        2.2785876381607166E-002   1.0245203886049948E-002
   1.1714999675750732        2.2225853612804894E-002   9.5749709841397128E-003
   1.1744999885559082        2.1571840176321463E-002   8.8274987806989252E-003
   1.1775000095367432        2.0833143078573160E-002   8.0094313952977728E-003
   1.1805000305175781        2.0018768073945745E-002   7.1274178474208744E-003
   1.1835000514984131        1.9137337916248016E-002   6.1882113087191656E-003
   1.1864999532699585        1.8197113352973148E-002   5.1985250638401093E-003
   1.1894999742507935        1.7205966810676578E-002   4.1649002811349244E-003
   1.1924999952316284        1.6171579302592491E-002   3.0939909079982508E-003
   1.1955000162124634        1.5101137940336271E-002   1.9922616731410337E-003
   1.1985000371932983        1.4001594984149006E-002   8.6610609660198287E-004
   1.2015000581741333        1.2879486064134802E-002   2.7818893761203544E-004
   1.2044999599456787        1.1741156660948821E-002   1.4344883437023351E-003
   1.2074999809265137        1.0592447754283791E-002   2.5968885666664845E-003
   1.2105000019073486        9.4390496316754738E-003   3.7595658030750642E-003
   1.2135000228881836        8.2863094868304010E-003   4.9169196661901721E-003
   1.2165000438690186        7.1392465032344603E-003   6.0635311240972312E-003
   1.2194999456405640        6.0026792865461448E-003   7.1941250628850140E-003
   1.2224999666213989        4.8809863577159770E-003   8.3037994669312096E-003
   1.2254999876022339        3.7784168705513989E-003   9.3877502629541847E-003
   1.2285000085830688        2.6988888103895358E-003   1.0441444863407246E-002
   1.2315000295639038        1.6461110302980514E-003   1.1460528325699165E-002
   1.2345000505447388        6.2347915405515343E-004   1.2440977706096763E-002
   1.2374999523162842        3.6576915639388200E-004   1.3378884728223272E-002
   1.2404999732971191        1.3187883974069871E-003   1.4270763097558131E-002
   1.2434999942779541        2.2328563574640159E-003   1.5113228123069098E-002
   1.2465000152587891        3.1054619364226685E-003   1.5903205790474238E-002
   1.2495000362396240        3.9343974792944931E-003   1.6637828834071871E-002
   1.2525000572204590        4.7176028450475246E-003   1.7314516492414202E-002
   1.2554999589920044        5.4532295209707366E-003   1.7930917510768744E-002
   1.2584999799728394        6.1397265114169200E-003   1.8484969571503231E-002
   1.2615000009536743        6.7756679301014802E-003   1.8974791785988866E-002
   1.2645000219345093        7.3598026584766746E-003   1.9398797990163200E-002
   1.2675000429153442        7.8911380847516543E-003   1.9755604400543719E-002
   1.2704999446868896        8.3687943868499814E-003   2.0044052033590894E-002
   1.2734999656677246        8.7921632071178684E-003   2.0263298454914157E-002
   1.2764999866485596        9.1607370192929079E-003   2.0412672754860601E-002
   1.2795000076293945        9.4741881983235084E-003   2.0491703284775117E-002
   1.2825000286102295        9.7324003936805053E-003   2.0500179367497099E-002
   1.2855000495910645        9.9353724128041082E-003   2.0438112512157752E-002
   1.2884999513626099        1.0083267188480894E-002   2.0305716259763559E-002
   1.2914999723434448        1.0176430953304101E-002   2.0103397027554867E-002
   1.2944999933242798        1.0215326069134337E-002   1.9831772518719971E-002
   1.2975000143051147        1.0200559869104866E-002   1.9491669068153784E-002
   1.3005000352859497        1.0132889353328468E-002   1.9084079989058190E-002
   1.3035000562667847        1.0013187924932776E-002   1.8610187601461860E-002
   1.3064999580383301        9.8424758734083333E-003   1.8071391428485701E-002
   1.3094999790191650        9.6218733439472626E-003   1.7469180512478633E-002
   1.3125000000000000        9.3526270280994989E-003   1.6805271564272712E-002
   1.3155000209808350        9.0360953230145917E-003   1.6081521815230100E-002
   1.3185000419616699        8.6737588698934491E-003   1.5299940465106472E-002
   1.3214999437332153        8.2671873593070308E-003   1.4462722119327021E-002
   1.3244999647140503        7.8180189579841325E-003   1.3572070633806313E-002
   1.3274999856948853        7.3280193904787377E-003   1.2630448880832940E-002
   1.3305000066757202        6.7990292252260486E-003   1.1640382028506660E-002
   1.3335000276565552        6.2329730909972021E-003   1.0604535037477989E-002
   1.3365000486373901        5.6318389680138159E-003   9.5256580657519848E-003
   1.3394999504089355        4.9977202835148945E-003   8.4066590697287474E-003
   1.3424999713897705        4.3326940154571180E-003   7.2503975428779167E-003
   1.3454999923706055        3.6389685741694388E-003   6.0599429032026147E-003
   1.3485000133514404        2.9187811942448139E-003   4.8384112997284746E-003
   1.3515000343322754        2.1744194789821043E-003   3.5889749740115164E-003
   1.3545000553131104        1.4082074434411207E-003   2.3148684473248081E-003
   1.3574999570846558        6.2253830649929085E-004   1.0194301639803200E-003
   1.3604999780654907        1.8025875133838106E-004   2.9411141303873148E-004
   1.3634999990463257        9.9773741689541799E-004   1.6223391840874389E-003
   1.3665000200271606        1.8274627824795366E-003   2.9618605818885176E-003
   1.3695000410079956        2.6669886405672372E-003   4.3092599274933826E-003
   1.3724999427795410        3.5138248698811723E-003   5.6610589669512570E-003
   1.3754999637603760        4.3655851890627480E-003   7.0139372018577792E-003
   1.3784999847412109        5.2197812811935491E-003   8.3644178159174888E-003
   1.3815000057220459        6.0739698617418127E-003   9.7090854169674997E-003
   1.3845000267028809        6.9257244019124151E-003   1.1044545981383070E-002
   1.3875000476837158        7.7726371693163697E-003   1.2367430351003685E-002
   1.3904999494552612        8.6122878829619186E-003   1.3674365550332012E-002
   1.3934999704360962        9.4423967810843158E-003   1.4962156873423890E-002
   1.3964999914169312        1.0260612858161874E-002   1.6227524424416693E-002
   1.3995000123977661        1.1064660041239870E-002   1.7467280040395605E-002
   1.4025000333786011        1.1852309991731109E-002   1.8678315943111055E-002
   1.4055000543594360        1.2621387658685642E-002   1.9857570237553822E-002
   1.4084999561309814        1.3369737933506532E-002   2.1002044180726230E-002
   1.4114999771118164        1.4095363564986510E-002   2.2108942885993004E-002
   1.4144999980926514        1.4796235959447780E-002   2.3175429525855135E-002
   1.4175000190734863        1.5470428278789292E-002   2.4198803501376074E-002
   1.4205000400543213        1.6116086855734704E-002   2.5176497842317937E-002
   1.4234999418258667        1.6731406424413200E-002   2.6105962340937806E-002
   1.4264999628067017        1.7314752990048393E-002   2.6984930864186237E-002
   1.4294999837875366        1.7864478717834614E-002   2.7811108547284056E-002
   1.4325000047683716        1.8379073393304801E-002   2.8582388226014385E-002
   1.4355000257492065        1.8857096893719411E-002   2.9296769401369188E-002
   1.4385000467300415        1.9297222566919084E-002   2.9952400702323863E-002
   1.4414999485015869        1.9698200239169066E-002   3.0547547580513566E-002
   1.4444999694824219        2.0058920048732744E-002   3.1080697376329427E-002
   1.4474999904632568        2.0378341751327415E-002   3.1550378455771577E-002
   1.4505000114440918        2.0655526429980125E-002   3.1955328175170383E-002
   1.4535000324249268        2.0889662132318531E-002   3.2294432994822403E-002
   1.4565000534057617        2.1080042122704545E-002   3.2566713993466390E-002
   1.4594999551773071        2.1226054796451961E-002   3.2771374374573538E-002
   1.4624999761581421        2.1327217629765222E-002   3.2907775103046932E-002
   1.4654999971389771        2.1383165880605220E-002   3.2975432721868030E-002
   1.4685000181198120        2.1393622717956685E-002   3.2974020752719296E-002
   1.4715000391006470        2.1358449498863671E-002   3.2903399031050481E-002
   1.4744999408721924        2.1277626488062699E-002   3.2763572632923045E-002
   1.4774999618530273        2.1151216940983576E-002   3.2554707130591422E-002
   1.4804999828338623        2.0979424633204867E-002   3.2277154775819626E-002
   1.4835000038146973        2.0762564173192232E-002   3.1931424588976812E-002
   1.4865000247955322        2.0501056618673259E-002   3.1518188176921223E-002
   1.4895000457763672        2.0195441341318003E-002   3.1038271288664949E-002
   1.4924999475479126        1.9846374359948304E-002   3.0492708137850204E-002
   1.4954999685287476        1.9454593095587721E-002   2.9882601796618252E-002
   1.4984999895095825        1.9020968580011899E-002   2.9209281592914072E-002
   1.5015000104904175        1.8546476851440081E-002   2.8474221283752578E-002
   1.5045000314712524        1.8032192463994769E-002   2.7679040178672985E-002
   1.5075000524520874        1.7479277111207524E-002   2.6825493056068777E-002
   1.5104999542236328        1.6889032817141512E-002   2.5915529683381417E-002
   1.5134999752044678        1.6262786962750332E-002   2.4951133216447166E-002
   1.5164999961853027        1.5602003475103076E-002   2.3934516637718672E-002
   1.5195000171661377        1.4908238294959894E-002   2.2867993690281307E-002
   1.5225000381469727        1.4183119139740625E-002   2.1754006564983185E-002
   1.5255000591278076        1.3428353648141048E-002   2.0595110958068586E-002
   1.5284999608993530        1.2645758382230121E-002   1.9394025288184520E-002
   1.5314999818801880        1.1837133216157361E-002   1.8153434451099671E-002
   1.5345000028610229        1.1004425240500120E-002   1.6876272882066265E-002
   1.5375000238418579        1.0149627835727173E-002   1.5565505878458312E-002
   1.5405000448226929        9.2747820486115823E-003   1.4224201894907969E-002
   1.5434999465942383        8.3820214839000935E-003   1.2855555065115785E-002
   1.5464999675750732        7.4734205365895433E-003   1.1462676426468551E-002
   1.5494999885559082        6.5511940213014959E-003   1.0048895989742608E-002
   1.5525000095367432        5.6175734095643241E-003   8.6175554457254694E-003
   1.5555000305175781        4.6748062707390927E-003   7.1720385010017223E-003
   1.5585000514984131        3.7251737023476926E-003   5.7157762436029899E-003
   1.5614999532699585        2.7710112023174470E-003   4.2522872194564630E-003
   1.5644999742507935        1.8145554674657265E-003   2.7849407886579585E-003
   1.5674999952316284        8.5816435026598865E-004   1.3172955692196202E-003
   1.5705000162124634        9.5840024954223330E-005   1.4714047282403644E-004
   1.5735000371932983        1.0451395689873172E-003   1.6048608755509374E-003
   1.5765000581741333        1.9874255852427706E-003   3.0523691289811483E-003
   1.5794999599456787        2.9203699945372728E-003   4.4861338096661690E-003
   1.5824999809265137        3.8417745293851456E-003   5.9028184412073135E-003
   1.5855000019073486        4.7493601633480063E-003   7.2989551557429725E-003
   1.5885000228881836        5.6409167200959613E-003   8.6711786222821129E-003
   1.5915000438690186        6.5142746310149231E-003   1.0016175555814390E-002
   1.5944999456405640        7.3672752878008833E-003   1.1330648814916629E-002
   1.5974999666213989        8.1979109061137510E-003   1.2611523260686612E-002
   1.6004999876022339        9.0041297929264446E-003   1.3855652257344310E-002
   1.6035000085830688        9.7839722301110692E-003   1.5060024033015876E-002
   1.6065000295639038        1.0535554640494068E-002   1.6221724266972826E-002
   1.6095000505447388        1.1257049748725509E-002   1.7337944586203229E-002
   1.6124999523162842        1.1946695506084690E-002   1.8405949078838812E-002
   1.6154999732971191        1.2602889276241020E-002   1.9423241027532966E-002
   1.6184999942779541        1.3224018661992045E-002   2.0387324634680893E-002
   1.6215000152587891        1.3808611895962560E-002   2.1295877342409581E-002
   1.6245000362396240        1.4355272592540375E-002   2.2146725646773547E-002
   1.6275000572204590        1.4862716544088033E-002   2.2937823810904794E-002
   1.6304999589920044        1.5329730724582430E-002   2.3667268931575981E-002
   1.6334999799728394        1.5755273448516720E-002   2.4333391289829996E-002
   1.6365000009536743        1.6138355027192710E-002   2.4934589035990620E-002
   1.6395000219345093        1.6478103966390507E-002   2.5469471940608668E-002
   1.6425000429153442        1.6773779647417567E-002   2.5936810652415595E-002
   1.6454999446868896        1.7024738073824111E-002   2.6335533536661775E-002
   1.6484999656677246        1.7230486156353621E-002   2.6664797585705311E-002
   1.6514999866485596        1.7390620366478735E-002   2.6923903376385727E-002
   1.6545000076293945        1.7504865941961642E-002   2.7112333158525133E-002
   1.6575000286102295        1.7573071332221489E-002   2.7229762698282148E-002
   1.6605000495910645        1.7595212106570543E-002   2.7276057362169415E-002
   1.6634999513626099        1.7571388369269230E-002   2.7251272267657289E-002
   1.6664999723434448        1.7501809375007282E-002   2.7155646637753817E-002
   1.6694999933242798        1.7386825887694024E-002   2.6989609026299623E-002
   1.6725000143051147        1.7226896500912033E-002   2.6753775885993789E-002
   1.6755000352859497        1.7022612391535605E-002   2.6448956431283248E-002
   1.6785000562667847        1.6774674633978522E-002   2.6076137459510602E-002
   1.6814999580383301        1.6483921227628238E-002   2.5636514048055083E-002
   1.6844999790191650        1.6151269895550054E-002   2.5131410936115581E-002
   1.6875000000000000        1.5777788002847015E-002   2.4562371222574372E-002
   1.6905000209808350        1.5364635745395124E-002   2.3931108147196036E-002
   1.6935000419616699        1.4913087415489874E-002   2.3239499730422677E-002
   1.6964999437332153        1.4424543202326228E-002   2.2489619689257553E-002
   1.6994999647140503        1.3900442463395484E-002   2.1683611400683360E-002
   1.7024999856948853        1.3342378254985536E-002   2.0823868775681896E-002
   1.7055000066757202        1.2752022549878492E-002   1.9912899541886107E-002
   1.7085000276565552        1.2131130216217404E-002   1.8953348724982291E-002
   1.7115000486373901        1.1481541426295394E-002   1.7948006620669085E-002
   1.7144999504089355        1.0805207301082809E-002   1.6899826973492092E-002
   1.7174999713897705        1.0104060939153029E-002   1.5811765552893636E-002
   1.7204999923706055        9.3801929445509295E-003   1.4687002707696609E-002
   1.7235000133514404        8.6357250423790312E-003   1.3528792341491624E-002
   1.7265000343322754        7.8728330730841057E-003   1.2340478103710542E-002
   1.7295000553131104        7.0937458592110984E-003   1.1125485478670302E-002
   1.7324999570846558        6.3007651565566642E-003   9.8873714963234639E-003
   1.7354999780654907        5.4961384941914476E-003   8.6296054281144053E-003
   1.7384999990463257        4.6822311166849120E-003   7.3558628355246602E-003
   1.7415000200271606        3.8614073801108285E-003   6.0698139938988281E-003
   1.7445000410079956        3.0360438381899810E-003   4.7751657657405504E-003
   1.7474999427795410        2.2085619436869159E-003   3.4756996103531392E-003
   1.7504999637603760        1.3812867370119324E-003   2.1750545387851494E-003
   1.7534999847412109        5.5663740271234168E-004   8.7702887947650764E-004
   1.7565000057220459        2.6301080801258831E-004   4.1464053184310143E-004
   1.7595000267028809        1.0753010725707624E-003   1.6962356358141272E-003
   1.7625000476837158        1.8779014809552816E-003   2.9640691006591114E-003
   1.7654999494552612        2.6684818155497960E-003   4.2144457128609775E-003
   1.7684999704360962        3.4448451022836388E-003   5.4438718223476686E-003
   1.7714999914169312        4.2047448229471972E-003   6.6487679086173583E-003
   1.7745000123977661        4.9460194618336523E-003   7.8256760416941240E-003
   1.7775000333786011        5.6665662891367515E-003   8.9712267611954163E-003
   1.7805000543594360        6.3643487052325197E-003   1.0082140968570363E-002
   1.7834999561309814        7.0373759533613623E-003   1.1155208119226446E-002
   1.7864999771118164        7.6838132199566226E-003   1.2187451932399510E-002
   1.7894999980926514        8.3018286841688525E-003   1.3175901402382069E-002
   1.7925000190734863        8.8897116015761342E-003   1.4117754662773313E-002
   1.7955000400543213        9.4458383421887025E-003   1.5010355053180366E-002
   1.7984999418258667        9.9686704678289238E-003   1.5851166657321000E-002
   1.8014999628067017        1.0456836344801134E-002   1.6637905762964977E-002
   1.8044999837875366        1.0909000007972861E-002   1.7368362535858741E-002
   1.8075000047683716        1.1323975200643148E-002   1.8040528742911160E-002
   1.8105000257492065        1.1700681900775233E-002   1.8652575865999145E-002
   1.8135000467300415        1.2038163679830731E-002   1.9202867010850961E-002
   1.8164999485015869        1.2335573587051726E-002   1.9689934464130837E-002
   1.8194999694824219        1.2592231918029557E-002   2.0112565567476634E-002
   1.8224999904632568        1.2807540743341426E-002   2.0469693830313763E-002
   1.8255000114440918        1.2981058495122749E-002   2.0760471794028817E-002
   1.8285000324249268        1.3112465088278376E-002   2.0984266227740252E-002
   1.8315000534057617        1.3201575196230133E-002   2.1140646557420394E-002
   1.8344999551773071        1.3248340123610442E-002   2.1229400386426112E-002
   1.8374999761581421        1.3252842949242047E-002   2.1250531685027909E-002
   1.8404999971389771        1.3215301838516106E-002   2.1204253963880294E-002
   1.8435000181198120        1.3136065518372295E-002   2.1090994659474459E-002
   1.8465000391006470        1.3015614507804746E-002   2.0911395343059736E-002
   1.8494999408721924        1.2854572797366588E-002   2.0666314431151901E-002
   1.8524999618530273        1.2653666050102630E-002   2.0356798399866517E-002
   1.8554999828338623        1.2413769113316032E-002   1.9984120941625192E-002
   1.8585000038146973        1.2135871348526922E-002   1.9549751046719636E-002
   1.8615000247955322        1.1821085720421327E-002   1.9055353974605942E-002
   1.8645000457763672        1.1470643021138894E-002   1.8502794526285019E-002
   1.8674999475479126        1.1085898992970649E-002   1.7894140616087885E-002
   1.8704999685287476        1.0668270425623542E-002   1.7231573606089158E-002
   1.8734999895095825        1.0219332130177883E-002   1.6517516222159533E-002
   1.8765000104904175        9.7407308291082469E-003   1.5754538042022551E-002
   1.8795000314712524        9.2342171162803962E-003   1.4945362584990187E-002
   1.8825000524520874        8.7016232949464860E-003   1.4092864818755477E-002
   1.8854999542236328        8.1448868393384829E-003   1.3200096729757521E-002
   1.8884999752044678        7.5659529280347896E-003   1.2270128566999555E-002
   1.8914999961853027        6.9669025353896611E-003   1.1306261907318428E-002
   1.8945000171661377        6.3498556937175779E-003   1.0311867213074661E-002
   1.8975000381469727        5.7169865126427393E-003   9.2904170046153277E-003
   1.9005000591278076        5.0705188399209648E-003   8.2454661623854834E-003
   1.9034999608993530        4.4127386569812709E-003   7.1806881033328711E-003
   1.9064999818801880        3.7458864575705790E-003   6.0996919417689475E-003
   1.9095000028610229        3.0723064212352445E-003   5.0062616848160118E-003
   1.9125000238418579        2.3943323318382807E-003   3.9041760196780184E-003
   1.9155000448226929        1.7143049376439807E-003   2.7972368686282208E-003
   1.9184999465942383        1.0345939265273252E-003   1.6893025252362381E-003
   1.9214999675750732        3.5747830246290964E-004   5.8409549550104479E-004
   1.9244999885559082        3.1469662959189310E-004   5.1454478366675359E-004
   1.9275000095367432        9.7963723702355963E-004   1.6028517201128231E-003
   1.9305000305175781        1.6350817225259154E-003   2.6771009986461107E-003
   1.9335000514984131        2.2788080208648244E-003   3.7336226647297541E-003
   1.9364999532699585        2.9086169732829154E-003   4.7687754102971004E-003
   1.9394999742507935        3.5224410404685463E-003   5.7791200320890324E-003
   1.9424999952316284        4.1181975190021959E-003   6.7611878602089606E-003
   1.9455000162124634        4.6939010617693512E-003   7.7116574387714101E-003
   1.9485000371932983        5.2476423838020642E-003   8.6273232196695995E-003
   1.9515000581741333        5.7775963682849740E-003   9.5051119294203325E-003
   1.9544999599456787        6.2820076597135894E-003   1.0342053996026019E-002
   1.9574999809265137        6.7592788214977618E-003   1.1135431223832528E-002
   1.9605000019073486        7.2078523705978014E-003   1.1882588626831267E-002
   1.9635000228881836        7.6262996778324287E-003   1.2581069435722821E-002
   1.9665000438690186        8.0133069191271160E-003   1.3228604533308486E-002
   1.9694999456405640        8.3676606599702736E-003   1.3823082026601990E-002
   1.9724999666213989        8.6883117472084485E-003   1.4362662400367923E-002
   1.9754999876022339        8.9742994699907267E-003   1.4845635144489744E-002
   1.9785000085830688        9.2247979624641464E-003   1.5270521384899110E-002
   1.9815000295639038        9.4391204519642894E-003   1.5636059307488639E-002
   1.9845000505447388        9.6167129706207187E-003   1.5941207680279585E-002
   1.9874999523162842        9.7571517061944332E-003   1.6185138250324207E-002
   1.9904999732971191        9.8601697216914152E-003   1.6367278724315273E-002
   1.9934999942779541        9.9256174377074704E-003   1.6487258264312823E-002
   1.9965000152587891        9.9534950290006211E-003   1.6544944309869216E-002
   1.9995000362396240        9.9439401192083048E-003   1.6540437344085300E-002
   2.0025000572204590        9.8972300290504286E-003   1.6474071989742586E-002
   2.0055000782012939        9.8137817563700071E-003   1.6346407087516120E-002
   2.0085000991821289        9.6941417829251742E-003   1.6158239818507572E-002
   2.0114998817443848        9.5390111851906857E-003   1.5910604381162163E-002
   2.0144999027252197        9.3491810573308413E-003   1.5604703445566852E-002
   2.0174999237060547        9.1256051439585796E-003   1.5242009897585802E-002
   2.0204999446868896        8.8693535761106210E-003   1.4824194676068055E-002
   2.0234999656677246        8.5816137142315872E-003   1.4353130829808918E-002
   2.0264999866485596        8.2636907311538655E-003   1.3830894253575891E-002
   2.0295000076293945        7.9169995318326396E-003   1.3259748321023664E-002
   2.0325000286102295        7.5430610411691698E-003   1.2642142274409797E-002
   2.0355000495910645        7.1434930640080574E-003   1.1980695356610203E-002
   2.0385000705718994        6.7200077198968800E-003   1.1278191889881913E-002
   2.0415000915527344        6.2744039720543975E-003   1.0537569227176774E-002
   2.0445001125335693        5.8085586717498069E-003   9.7619051152894078E-003
   2.0474998950958252        5.3244600456838166E-003   8.9544713997101680E-003
   2.0504999160766602        4.8240440673733296E-003   8.1184618202490271E-003
   2.0534999370574951        4.3094173640301882E-003   7.2573681978940702E-003
   2.0564999580383301        3.7826973051687594E-003   6.3747060994727356E-003
   2.0594999790191650        3.2460403140199680E-003   5.4740701902169899E-003
   2.0625000000000000        2.7016320953324540E-003   4.5591161909120407E-003
   2.0655000209808350        2.1516839858473314E-003   3.6335482884544503E-003
   2.0685000419616699        1.5984192883305543E-003   2.7011022268102949E-003
   2.0715000629425049        1.0440653259650879E-003   1.7655333893916989E-003
   2.0745000839233398        4.9084625780017224E-004   8.3059935082757403E-004
   2.0775001049041748        5.9027809486737321E-005   9.9954098251328987E-005
   2.0804998874664307        6.0332547325681355E-004   1.0223353674219610E-003
   2.0834999084472656        1.1399760768200512E-003   1.9330151839523017E-003
   2.0864999294281006        1.6668179644670307E-003   2.8282998483797036E-003
   2.0894999504089355        2.1817812449052426E-003   3.7046419718621761E-003
   2.0924999713897705        2.6828526084487435E-003   4.5585804507036996E-003
   2.0954999923706055        3.1680828183748341E-003   5.3867534464269590E-003
   2.0985000133514404        3.6355960171003980E-003   6.1859148507742226E-003
   2.1015000343322754        4.0835944527743357E-003   6.9529446438463191E-003
   2.1045000553131104        4.5103706979560433E-003   7.6848635800487678E-003
   2.1075000762939453        4.9143086354154790E-003   8.3788469960612497E-003
   2.1105000972747803        5.2938949704281870E-003   9.0322310613545481E-003
   2.1135001182556152        5.6477222869127210E-003   9.6425292730688630E-003
   2.1164999008178711        5.9744713093972564E-003   1.0207399779161590E-002
   2.1194999217987061        6.2730177939397200E-003   1.0724826219372289E-002
   2.1224999427795410        6.5422812174227123E-003   1.1192861896452126E-002
   2.1254999637603760        6.7813351645965390E-003   1.1609817327166113E-002
   2.1284999847412109        6.9893825623771333E-003   1.1974222986761183E-002
   2.1315000057220459        7.1657629718758142E-003   1.2284837588545554E-002
   2.1345000267028809        7.3099485058896966E-003   1.2540646973812878E-002
   2.1375000476837158        7.4215540888470126E-003   1.2740873310168628E-002
   2.1405000686645508        7.5003312222009354E-003   1.2884977641527833E-002
   2.1435000896453857        7.5461751130733810E-003   1.2972662273241585E-002
   2.1465001106262207        7.5591182328755427E-003   1.3003870710281402E-002
   2.1494998931884766        7.5393413899223216E-003   1.2978792508061891E-002
   2.1524999141693115        7.4871555036737170E-003   1.2897850746995293E-002
   2.1554999351501465        7.4030147167052319E-003   1.2761712636594371E-002
   2.1584999561309814        7.2875086984847820E-003   1.2571279728879167E-002
   2.1614999771118164        7.1413607182310530E-003   1.2327689846044630E-002
   2.1644999980926514        6.9654223755524405E-003   1.2032303782405109E-002
   2.1675000190734863        6.7606740519222499E-003   1.1686708363876136E-002
   2.1705000400543213        6.5282162839353187E-003   1.1292702764793038E-002
   2.1735000610351562        6.2692651853503353E-003   1.0852292836071123E-002
   2.1765000820159912        5.9851487305417504E-003   1.0367682148229184E-002
   2.1795001029968262        5.6773012736282095E-003   9.8412625879565011E-003
   2.1824998855590820        5.3472803384646767E-003   9.2756505013400700E-003
   2.1854999065399170        4.9966575486979151E-003   8.6734905832522597E-003
   2.1884999275207520        4.6271640700689893E-003   8.0377160147443189E-003
   2.1914999485015869        4.2405852883726728E-003   7.3713552405137613E-003
   2.1944999694824219        3.8387725210433958E-003   6.6775657498918221E-003
   2.1974999904632568        3.4236383794337883E-003   5.9596172134571074E-003
   2.2005000114440918        2.9971456819078007E-003   5.2208781239224782E-003
   2.2035000324249268        2.5613001380616137E-003   4.4647989595052763E-003
   2.2065000534057617        2.1181410092362060E-003   3.6948988267520595E-003
   2.2095000743865967        1.6697311027341353E-003   2.9147481699356779E-003
   2.2125000953674316        1.2181472551854940E-003   2.1279515089241839E-003
   2.2155001163482666        7.6547212656541137E-004   1.3381331178859359E-003
   2.2184998989105225        3.1381920710222216E-004   5.4898200538571894E-004
   2.2214999198913574        1.3481955901729868E-004   2.3601565615368725E-004
   2.2244999408721924        5.7836786877104565E-004   1.0132159803473435E-003
   2.2274999618530273        1.0148180186767305E-003   1.7790854109602104E-003
   2.2304999828338623        1.4422045564092835E-003   2.5301536672138196E-003
   2.2335000038146973        1.8586128213896420E-003   3.2630306621665569E-003
   2.2365000247955322        2.2621879545922522E-003   3.9744213472153829E-003
   2.2395000457763672        2.6511433730778164E-003   4.6611411218056729E-003
   2.2425000667572021        3.0237687407431058E-003   5.3201311131684898E-003
   2.2455000877380371        3.3784390895462654E-003   5.9484716456043923E-003
   2.2485001087188721        3.7136202024459007E-003   6.5433961062088203E-003
   2.2514998912811279        4.0278526749957669E-003   7.1022615179495143E-003
   2.2544999122619629        4.3198568518602242E-003   7.6227343262997823E-003
   2.2574999332427979        4.5883890827356152E-003   8.1025372749239655E-003
   2.2604999542236328        4.8323476046958063E-003   8.5396356233664473E-003
   2.2634999752044678        5.0507538701641324E-003   8.9322072911231440E-003
   2.2664999961853027        5.2427546861305678E-003   9.2786464778796679E-003
   2.2695000171661377        5.4076276244720374E-003   9.5775746301374892E-003
   2.2725000381469727        5.5447834776184268E-003   9.8278414069978733E-003
   2.2755000591278076        5.6537685670470638E-003   1.0028537203408286E-002
   2.2785000801086426        5.7342683064367907E-003   1.0178991971405394E-002
   2.2815001010894775        5.7861052911508956E-003   1.0278781276515802E-002
   2.2844998836517334        5.8092433212224761E-003   1.0327723761672238E-002
   2.2874999046325684        5.8037882791832944E-003   1.0325894641906679E-002
   2.2904999256134033        5.7699787697014131E-003   1.0273603786791308E-002
   2.2934999465942383        5.7081929803690342E-003   1.0171409878382390E-002
   2.2964999675750732        5.6189456007974883E-003   1.0020112974370212E-002
   2.2994999885559082        5.5028814119918402E-003   9.8207527122373146E-003
   2.3025000095367432        5.3607751776927077E-003   9.5745972647098068E-003
   2.3055000305175781        5.1935262617221391E-003   9.2831452072391352E-003
   2.3085000514984131        5.0021536684273392E-003   8.9481103552152708E-003
   2.3115000724792480        4.7877905780818117E-003   8.5714163802784026E-003
   2.3145000934600830        4.5516793684828079E-003   8.1551865489380305E-003
   2.3175001144409180        4.2951651818745294E-003   7.7017356477600985E-003
   2.3204998970031738        4.0197089654765783E-003   7.2135920545431534E-003
   2.3234999179840088        3.7267941549072561E-003   6.6933337430807116E-003
   2.3264999389648438        3.4180501464939768E-003   6.1438047543778988E-003
   2.3294999599456787        3.0951546399069752E-003   5.5679478586902918E-003
   2.3324999809265137        2.7598495398962592E-003   4.9688285193020647E-003
   2.3355000019073486        2.4139309080620070E-003   4.3496183761454659E-003
   2.3385000228881836        2.0592388566234980E-003   3.7135798306403341E-003
   2.3415000438690186        1.6976487521582900E-003   3.0640489614497473E-003
   2.3445000648498535        1.3310620951308969E-003   2.4044185145362870E-003
   2.3475000858306885        9.6139544636865588E-004   1.7381203860035921E-003
   2.3505001068115234        5.9057153805875111E-004   1.0686084790872603E-003
   2.3534998893737793        2.2053871496045604E-004   3.9939388835223466E-004
   2.3564999103546143        1.4685723278896730E-004   2.6618571334889341E-004
   2.3594999313354492        5.0970556682748442E-004   9.2466410345514989E-004
   2.3624999523162842        8.6615855872308712E-004   1.5726771164027032E-003
   2.3654999732971191        1.2144112103106941E-003   2.2069272007566873E-003
   2.3684999942779541        1.5527111083868158E-003   2.8155076722644304E-003
   2.3715000152587891        1.8793666117026867E-003   3.4102783178884192E-003
   2.3745000362396240        2.1927561704714578E-003   3.9818255780540782E-003
   2.3775000572204590        2.4913362060222620E-003   4.5272989303939675E-003
   2.3805000782012939        2.7736498808728933E-003   5.0439959049952150E-003
   2.3835000991821289        3.0383333631778787E-003   5.5293761078596369E-003
   2.3864998817443848        3.2841050809657066E-003   5.9810399032475944E-003
   2.3894999027252197        3.5098473537023048E-003   6.3968816144815985E-003
   2.3924999237060547        3.7144973060591765E-003   6.7748851638074047E-003
   2.3954999446868896        3.8971296723346494E-003   7.1132807908704174E-003
   2.3984999656677246        4.0569413838353486E-003   7.4105169205304442E-003
   2.4014999866485596        4.1932569599278336E-003   7.6652681384367519E-003
   2.4045000076293945        4.3055299400515867E-003   7.8764485495441648E-003
   2.4075000286102295        4.3933461180370361E-003   8.0431891260495120E-003
   2.4105000495910645        4.4564269575929566E-003   8.1648871589575130E-003
   2.4135000705718994        4.4946280809461288E-003   8.2411770102503046E-003
   2.4165000915527344        4.5079412391610639E-003   8.2719402730859256E-003
   2.4195001125335693        4.4964935550594895E-003   8.2573060353713663E-003
   2.4224998950958252        4.4605504511391145E-003   8.1976563104684246E-003
   2.4254999160766602        4.4005006654778134E-003   8.0936010436872992E-003
   2.4284999370574951        4.3168686672374560E-003   7.9460028628455335E-003
   2.4314999580383301        4.2103063175013469E-003   7.7559565578238397E-003
   2.4344999790191650        4.0815858715566328E-003   7.5247856506590249E-003
   2.4375000000000000        3.9315988148435101E-003   7.2540347401519331E-003
   2.4405000209808350        3.7613491646780999E-003   6.9454606176957145E-003
   2.4435000419616699        3.5719474465363190E-003   6.6010221996423485E-003
   2.4465000629425049        3.3646048132860260E-003   6.2228693284121532E-003
   2.4495000839233398        3.1406249048865340E-003   5.8133305012002187E-003
   2.4525001049041748        2.9013977688984167E-003   5.3748995915046151E-003
   2.4554998874664307        2.6484111690018249E-003   4.9102595338270166E-003
   2.4584999084472656        2.3831606663800324E-003   4.4221174051604977E-003
   2.4614999294281006        2.1072627925093693E-003   3.9134104812687202E-003
   2.4644999504089355        1.8223645994521638E-003   3.3871438164731946E-003
   2.4674999713897705        1.5301545518376504E-003   2.8464090282417499E-003
   2.4704999923706055        1.2323533144567461E-003   2.2943666573454814E-003
   2.4735000133514404        9.3070281240743911E-004   1.7342281244426341E-003
   2.4765000343322754        6.2695717625046077E-004   1.1692373848460110E-003
   2.4795000553131104        3.2287203069572931E-004   6.0265238552686408E-004
   2.4825000762939453        2.0194611230081499E-005   3.7726430121728617E-005
   2.4855000972747803        2.7934613633180840E-004   5.2231044118222693E-004
   2.4885001182556152        5.7404965916439861E-004   1.0742699495077000E-003
   2.4914999008178711        8.6223074865737564E-004   1.6149813973012437E-003
   2.4944999217987061        1.1423202367964915E-003   2.1414806458009165E-003
   2.4974999427795410        1.4127364302302127E-003   2.6507693916081394E-003
   2.5004999637603760        1.6719869213565675E-003   3.1400051915463651E-003
   2.5034999847412109        1.9186527671544516E-003   3.6064743038578982E-003
   2.5065000057220459        2.1513974000337199E-003   4.0476072487482632E-003
   2.5095000267028809        2.3689741596974088E-003   4.4609935336862687E-003
   2.5125000476837158        2.5702324481209943E-003   4.8443954545279323E-003
   2.5155000686645508        2.7541252907073155E-003   5.1957608885271787E-003
   2.5185000896453857        2.9197142787525986E-003   5.5132350008316022E-003
   2.5215001106262207        3.0661750883627932E-003   5.7951707921046307E-003
   2.5244998931884766        3.1927933249158605E-003   6.0401204555822667E-003
   2.5274999141693115        3.2990047879635615E-003   6.2469183552882144E-003
   2.5304999351501465        3.3843410100922048E-003   6.4145707767778786E-003
   2.5334999561309814        3.4484712835324760E-003   6.5423421874442403E-003
   2.5364999771118164        3.4911939034199669E-003   6.6297381928882518E-003
   2.5394999980926514        3.5124375817562163E-003   6.6765080061363391E-003
   2.5425000190734863        3.5122600334819122E-003   6.6826454562246215E-003
   2.5455000400543213        3.4908478412086020E-003   6.6483885261138130E-003
   2.5485000610351562        3.4485154434635711E-003   6.5742174187694664E-003
   2.5515000820159912        3.3857015917497170E-003   6.4608511591865469E-003
   2.5545001029968262        3.3029672027256366E-003   6.3092427490994106E-003
   2.5574998855590820        3.2009988669804532E-003   6.1205893309531217E-003
   2.5604999065399170        3.0805720983937811E-003   5.8962615828996147E-003
   2.5634999275207520        2.9425936709274081E-003   5.6378848518122927E-003
   2.5664999485015869        2.7880650799709272E-003   5.3472717143788822E-003
   2.5694999694824219        2.6180829167104310E-003   5.0264239927663322E-003
   2.5724999904632568        2.4338312970701107E-003   4.6775200673032664E-003
   2.5755000114440918        2.2365763671171350E-003   4.3029010998665105E-003
   2.5785000324249268        2.0276553244402574E-003   3.9050562504364464E-003
   2.5815000534057617        1.8084695223819665E-003   3.4866069759497752E-003
   2.5845000743865967        1.5804750166419990E-003   3.0502905067305596E-003
   2.5875000953674316        1.3451729161863188E-003   2.5989426013781152E-003
   2.5905001163482666        1.1041006124634120E-003   2.1354796859928350E-003
   2.5934998989105225        8.5884082301056739E-004   1.6629183297101665E-003
   2.5964999198913574        6.1093353526646518E-004   1.1842054852161618E-003
   2.5994999408721924        3.6198356134556153E-004   7.0242516921969339E-004
   2.6024999618530273        1.1357187092198817E-004   2.2062948883508899E-004
   2.6054999828338623        1.3273428287371590E-004   2.5814334499851702E-004
   2.6085000038146973        3.7539165657143869E-004   7.3088815226866010E-004
   2.6115000247955322        6.1289060190999954E-004   1.1946517099620784E-003
   2.6145000457763672        8.4376467460242372E-004   1.6465513486471396E-003
   2.6175000667572021        1.0665995974513346E-003   2.0837931003061419E-003
   2.6205000877380371        1.2800425579922259E-003   2.5036892804870619E-003
   2.6235001087188721        1.4828097131907277E-003   2.9036753909427002E-003
   2.6264998912811279        1.6736807532173876E-003   3.2812971686748708E-003
   2.6294999122619629        1.8515648655294276E-003   3.6343441019927748E-003
   2.6324999332427979        2.0154172971270975E-003   3.9606833052018885E-003
   2.6354999542236328        2.1643067521289819E-003   4.2583946984819749E-003
   2.6384999752044678        2.2974062249354627E-003   4.5257520344212810E-003
   2.6414999961853027        2.4139965583528668E-003   4.7612335995097779E-003
   2.6445000171661377        2.5134715128542124E-003   4.9635315867805497E-003
   2.6475000381469727        2.5953417223810930E-003   5.1315600756696228E-003
   2.6505000591278076        2.6592358797717461E-003   5.2644615640111804E-003
   2.6535000801086426        2.7049037905988870E-003   5.3616120063555905E-003
   2.6565001010894775        2.7322173505496335E-003   5.4226243224308121E-003
   2.6594998836517334        2.7411703788971860E-003   5.4473498254023096E-003
   2.6624999046325684        2.7318788848864168E-003   5.4358835650564095E-003
   2.6654999256134033        2.7045775176476883E-003   5.3885513502287073E-003
   2.6684999465942383        2.6596196817785379E-003   5.3059177266876452E-003
   2.6714999675750732        2.5974737202367564E-003   5.1887782411367865E-003
   2.6744999885559082        2.5187197991733117E-003   5.0381535804073811E-003
   2.6775000095367432        2.4240447511963232E-003   4.8552822144836243E-003
   2.6805000305175781        2.3142376345079373E-003   4.6416115895834883E-003
   2.6835000514984131        2.1901827121645701E-003   4.3987879274501544E-003
   2.6865000724792480        2.0528541912485264E-003   4.1286446966238514E-003
   2.6895000934600830        1.9033087723219068E-003   3.8331898306963250E-003
   2.6925001144409180        1.7426778819216375E-003   3.5145917773308022E-003
   2.6954998970031738        1.5721737638485517E-003   3.1751922088468320E-003
   2.6984999179840088        1.3930255836525915E-003   2.8173804225949573E-003
   2.7014999389648438        1.2065524275837584E-003   2.4437386071100302E-003
   2.7044999599456787        1.0141003700711944E-003   2.0569177437953505E-003
   2.7074999809265137        8.1704610251106993E-004   1.6596455134567311E-003
   2.7105000019073486        6.1678735381943473E-004   1.2547075089383698E-003
   2.7135000228881836        4.1473332992188655E-004   8.4492806043055661E-004
   2.7165000438690186        2.1229459271281123E-004   4.3315080431106121E-004
   2.7195000648498535        1.0873561108801857E-005   2.2219128671553005E-005
   2.7225000858306885        1.8814539717800226E-004   3.8504336994266136E-004
   2.7255001068115234        3.8340539404406568E-004   7.8585228360027301E-004
   2.7284998893737793        5.7357145172689465E-004   1.1774508211760905E-003
   2.7314999103546143        7.5739974982194311E-004   1.5572523066531238E-003
   2.7344999313354492        9.3365519372538949E-004   1.9226712781455857E-003
   2.7374999523162842        1.1011810149825448E-003   2.2712664486761219E-003
   2.7404999732971191        1.2588908677692490E-003   2.6007258734369086E-003
   2.7434999942779541        1.4057761819437097E-003   2.9088827280748576E-003
   2.7465000152587891        1.5409131354292632E-003   3.1937300617769751E-003
   2.7495000362396240        1.6634685198049634E-003   3.4534344198487842E-003
   2.7525000572204590        1.7727051568201299E-003   3.6863482380666548E-003
   2.7555000782012939        1.8679867412000348E-003   3.8910209194088605E-003
   2.7585000991821289        1.9487808723778282E-003   4.0662085127819905E-003
   2.7614998817443848        2.0146595115299610E-003   4.2108716607666234E-003
   2.7644999027252197        2.0653187290979504E-003   4.3242258445349378E-003
   2.7674999237060547        2.1005516608515614E-003   4.4056774030926359E-003
   2.7704999446868896        2.1202685747959073E-003   4.4548755192967597E-003
   2.7734999656677246        2.1244930443950621E-003   4.4717013361261120E-003
   2.7764999866485596        2.1133603362841736E-003   4.4562681345351783E-003
   2.7795000076293945        2.0871158098814710E-003   4.4089198469054215E-003
   2.7825000286102295        2.0461117586141717E-003   4.3302279144241795E-003
   2.7855000495910645        1.9908064004985388E-003   4.2209865087243373E-003
   2.7885000705718994        1.9217565550917999E-003   4.0822061500417487E-003
   2.7915000915527344        1.8396158282290816E-003   3.9151057659044175E-003
   2.7945001125335693        1.7451282453381147E-003   3.7211032458693222E-003
   2.7974998950958252        1.6391301779221156E-003   3.5018229461646158E-003
   2.8004999160766602        1.5225099506531868E-003   3.2590116921137166E-003
   2.8034999370574951        1.3936961670209375E-003   2.9946300453706481E-003
   2.8064999580383301        1.2600010124210565E-003   2.7107697562943961E-003
   2.8094999790191650        1.1186282811074201E-003   2.4096544511448123E-003
   2.8125000000000000        9.7069252372901490E-004   2.0936229196708393E-003
   2.8155000209808350        8.1734800514591903E-004   1.7651115704052087E-003
   2.8185000419616699        6.5977998229598326E-004   1.4266361821628703E-003
   2.8215000629425049        4.9919578325775056E-004   1.0807730858904501E-003
   2.8245000839233398        3.3681575383762288E-004   7.3013991569805372E-004
   2.8275001049041748        1.7386413904642807E-004   3.7737607157371057E-004
   2.8304998874664307        1.1572808289192407E-005   2.5150943275538806E-005
   2.8334999084472656        1.4887934783266608E-004   3.2396773666182750E-004
   2.8364999294281006        3.0629778803630767E-004   6.6736513912009289E-004
   2.8394999504089355        4.5953278137736772E-004   1.0025108303247554E-003
   2.8424999713897705        6.0747489933523345E-004   1.3269495097944246E-003
   2.8454999923706055        7.4906311578266623E-004   1.6383192142273844E-003
   2.8485000133514404        8.8329251382739853E-004   1.9343687998461842E-003
   2.8515000343322754        1.0092215419391370E-003   2.2129745703285239E-003
   2.8545000553131104        1.1259787651543803E-003   2.4721559235135375E-003
   2.8575000762939453        1.2327690609537218E-003   2.7100898971356042E-003
   2.8605000972747803        1.3288792136018190E-003   2.9251245018500401E-003
   2.8635001182556152        1.4136828653015243E-003   3.1157907387278179E-003
   2.8664999008178711        1.4866394717686590E-003   3.2808011421182112E-003
   2.8694999217987061        1.5473201155138234E-003   3.4191093217783223E-003
   2.8724999427795410        1.5953754842980322E-003   3.5298387009912225E-003
   2.8754999637603760        1.6305621161120992E-003   3.6123430573170232E-003
   2.8784999847412109        1.6527374149401554E-003   3.6661966372077172E-003
   2.8815000057220459        1.6618601606061909E-003   3.6911967162496224E-003
   2.8845000267028809        1.6579902345619257E-003   3.6873644343280066E-003
   2.8875000476837158        1.6412875650565111E-003   3.6549438976924442E-003
   2.8905000686645508        1.6120103011936378E-003   3.5943995533602902E-003
   2.8935000896453857        1.5705122313876573E-003   3.5064118547803078E-003
   2.8965001106262207        1.5172394676294697E-003   3.3918712510823822E-003
   2.8994998931884766        1.4527319804923525E-003   3.2518826504178786E-003
   2.9024999141693115        1.3775974884463922E-003   3.0877096512621758E-003
   2.9054999351501465        1.2925369602547795E-003   2.9008307376028547E-003
   2.9084999561309814        1.1983190207565146E-003   2.6928845550438993E-003
   2.9114999771118164        1.0957781665343897E-003   2.4656665833585321E-003
   2.9144999980926514        9.8580780003560699E-004   2.2211144601095786E-003
   2.9175000190734863        8.6935282605117667E-004   1.9612922006780487E-003
   2.9205000400543213        7.4740186997601719E-004   1.6883734389342867E-003
   2.9235000610351562        6.2097918028766752E-004   1.4046238209264998E-003
   2.9265000820159912        4.9113628020477950E-004   1.1123826910803547E-003
   2.9295001029968262        3.5894343549694533E-004   8.1404421644132503E-004
   2.9324998855590820        2.2549163522724125E-004   5.1206218148402212E-004
   2.9354999065399170        9.1841356893004547E-005   2.0883411495779057E-004
   2.9384999275207520        4.0922334569610019E-005   9.3174056095791721E-005
   2.9414999485015869        1.7174078909651746E-004   3.9154353391721220E-004
   2.9444999694824219        2.9957961549977150E-004   6.8389813576267785E-004
   2.9474999904632568        4.2343686629648785E-004   9.6792329594265654E-004
   2.9505000114440918        5.4235092725097287E-004   1.2413845425457155E-003
   2.9535000324249268        6.5540804836995627E-004   1.5021452988023423E-003
   2.9565000534057617        7.6174945600548309E-004   1.7481838641462051E-003
   2.9595000743865967        8.6057798913293730E-004   1.9776094363416871E-003
   2.9625000953674316        9.5116420675677349E-004   2.1886770435225558E-003
   2.9655001163482666        1.0328519177237466E-003   2.3798012635733263E-003
   2.9684998989105225        1.1050577403907303E-003   2.5495560085338361E-003
   2.9714999198913574        1.1672975546243882E-003   2.6967377669398899E-003
   2.9744999408721924        1.2191555634927221E-003   2.8202939524957487E-003
   2.9774999618530273        1.2603108843693624E-003   2.9193865427935514E-003
   2.9804999828338623        1.2905335153786768E-003   2.9933839084860902E-003
   2.9835000038146973        1.3096856653609414E-003   3.0418652858383850E-003
   2.9865000247955322        1.3177223155466330E-003   3.0646234968175886E-003
   2.9895000457763672        1.3146910100120858E-003   3.0616658934125413E-003
   2.9925000667572021        1.3007308784071172E-003   3.0332135176163876E-003
   2.9955000877380371        1.2760709008458151E-003   2.9796984833852461E-003
   2.9985001087188721        1.2410274311803076E-003   2.9017596017775478E-003
