   1.0000066308576765     
   1.0000275148436786     
   1.0000641234724479     
   1.0001179086708061     
   1.0001903041675539     
   1.0002827270452497     
   1.0003965793006486     
   1.0005332490547822     
   1.0006941121124324     
   1.0008805332592181     
   1.0010938687954860     
   1.0013354654333864     
   1.0016066648533899     
   1.0019088023188512     
   1.0022432112790109     
   1.0026112205080910     
   1.0030141595663904     
   1.0034533598265616     
   1.0039301529294906     
   1.0044458745846030     
   1.0050018693577747     
   1.0055994811155389     
   1.0062400715995665     
   1.0069250055968264     
   1.0076556638948253     
   1.0084334383713194     
   1.0092597372413292     
   1.0101359884924415     
   1.0110636326742921     
   1.0120441399959774     
   1.0130789957044724     
   1.0141697132093552     
   1.0153178369741729     
   1.0165249316816543     
   1.0177926031046551     
   1.0191224872540652     
   1.0205162561036019     
   1.0219756170484331     
   1.0235023241939896     
   1.0250981813952487     
   1.0267650297152258     
   1.0285047597249883     
   1.0303193225175507     
   1.0322107384815939     
   1.0341810586773459     
   1.0362324150660223     
   1.0383670210581759     
   1.0405871212934827     
   1.0428951001846163     
   1.0452933692762343     
   1.0477844393906883     
   1.0503709353218584     
   1.0530555418832070     
   1.0558410844650723     
   1.0587304742235413     
   1.0617267268275818     
   1.0648330212279604     
   1.0680526115202964     
   1.0713889452580962     
   1.0748455713158038     
   1.0784261966442923     
   1.0821347297766724     
   1.0859752003470189     
   1.0899518844112452     
   1.0940691698997691     
   1.0983317537525885     
   1.1027444767878893     
   1.1073124198027078     
   1.1120409706601129     
   1.1169357171581455     
   1.1220026030109549     
   1.1272478161809649     
   1.1326778659952286     
   1.1382996756618189     
   1.1441204375582381     
   1.1501478758193915     
   1.1563900055821046     
   1.1628553225581799     
   1.1695529143977861     
   1.1764922248314564     
   1.1836834440602111     
   1.1911372074127078     
   1.1988648451077435     
   1.2068784739631353     
   1.2151908205822308     
   1.2238155414589413     
   1.2327672200842070     
   1.2420611353039899     
   1.2517138720385583     
   1.2617431367176655     
   1.2721675459535913     
   1.2830073826833941     
   1.2942843397723323     
   1.3060213749385692     
   1.3182434934623217     
   1.3309774726626140     
   1.3442523168627145     
   1.3580988914771559     
   1.3725509200922459     
   1.3876449236388932     
   1.4034200169656488     
   1.4199191150497528     
   1.4371886806037693     
   1.4552795860016321     
   1.4742466723541274     
   1.4941504768256759     
   1.5150574210381156     
   1.5370396466806253     
   1.5601772305551103     
   1.5845584587737127     
   1.6102802297196845     
   1.6374505757568245     
   1.6661893319515133     
   1.6966303878289579     
   1.7289222626242458     
   1.7632326003209717     
   1.7997499827070835     
   1.8386860097674285     
   1.8802818196059412     
   1.9248117703816527     
   1.9725877784484445     
   2.0239695437858964     
   2.0793713016845663     
   2.1392742376083245     
   2.2042374294378533     
   2.2749189625746853     
   2.3520964304394343     
   2.4366925175482055     
   2.5298162526916266     
   2.6328088255201134     
   2.7473092279368627     
   2.8753367802239689     
   3.0194175846759967     
   3.1827485138545395     
   3.3694296951754579     
   3.5848220498233565     
   3.8360634108335119     
   4.1328619458723237     
   4.4887914822762713     
   4.9234072311599260     
   5.4659626492983779     
   6.1622388483545469     
   7.0882021200890959     
   8.3797463188373609     
   10.306226970511995     
   13.487882323801736     
   19.742836453404994     
   37.677878567202896     
   559.41478810170577     
   42.318199717764386     
   20.105793637849604     
   13.062444211254508     
   9.6050987974979254     
   7.5510629400766183     
   6.1902887084671043     
   5.2225991143158703     
   4.4992662799896692     
   3.9381858644513983     
   3.4903441126802384     
   3.1246540673757059     
   2.8204544084971488     
   2.5634836821609501     
   2.3435688161160142     
   2.1532631435245841     
   1.9869951374415142     
   1.8405047642872219     
   1.7104842012291390     
   1.5943234901812962     
   1.4899388350164164     
   1.3956453213809998     
   1.3100602858968189     
   1.2320488541738495     
   1.1606598824484244     
   1.0950991176993947     
   1.0346946831555472     
  0.97887106616085728     
  0.92713859487801187     
  0.87907510707894876     
  0.83431223435094792     
  0.79253190341513624     
  0.75345573438638036     
  0.71683708083145337     
  0.68246048730395803     
  0.65013510106740979     
  0.61968954549242428     
  0.59097278152438948     
  0.56384964367333257     
  0.53819736826568010     
  0.51390743383545368     
  0.49088008562989244     
  0.46902646298137601     
  0.44826590324610777     
  0.42852397257259633     
  0.40973398192809268     
  0.39183505621933845     
  0.37477047245461159     
  0.35848925752744104     
  0.34294459391366311     
  0.32809251213760587     
  0.31389336043022598     
  0.30031054794389478     
  0.28730944235875983     
  0.27485879495041265     
  0.26292954666535517     
  0.25149408013836461     
  0.24052757673243838     
  0.23000609105629030     
  0.21990790592816498     
  0.21021275707374765     
  0.20090114131918910     
  0.19195533269453388     
  0.18335874604644220     
  0.17509530422975184     
  0.16715044410010360     
  0.15951041875746935     
  0.15216187354385868     
  0.14509268257270058     
  0.13829138046889045     
  0.13174675429884627     
  0.12544861528330303     
  0.11938732714584792     
  0.11355339339856427     
  0.10793819513331314     
  0.10253352536104730     
   9.7331301251956173E-002
   9.2324254877508366E-002
   8.7505085423803697E-002
   8.2867122046948405E-002
   7.8404018470784820E-002
   7.4109463509801743E-002
   6.9977695890622318E-002
   6.6003220313884087E-002
   6.2180540895750570E-002
   5.8504639069301832E-002
   5.4970710939350791E-002
   5.1573943578906649E-002
   4.8309939001236757E-002
   4.5174467410402937E-002
   4.2163289820818822E-002
   3.9272515759992403E-002
   3.6498399287094613E-002
   3.3837174865108656E-002
   3.1285437379680064E-002
   2.8839690118205599E-002
   2.6496729307632833E-002
   2.4253442505403032E-002
   2.2106703055872381E-002
   2.0053619904568273E-002
   1.8091390428967871E-002
   1.6217195476353311E-002
   1.4428415073003768E-002
   1.2722508240935199E-002
   1.1096912377915427E-002
   9.5492424937364644E-003
   8.0771776449766533E-003
   6.6783811958579112E-003
   5.3506642448476601E-003
   4.0918989564798667E-003
   2.8999371025779522E-003
   1.7727861545574447E-003
   7.0841384034404258E-004
  -2.9509398976499041E-004
  -1.2396080072760915E-003
  -2.1270084670536858E-003
  -2.9590749155138743E-003
  -3.7375480854930317E-003
  -4.4641758054038234E-003
  -5.1406201080396851E-003
  -5.7685081024307881E-003
  -6.3494701441483472E-003
  -6.8850644865260397E-003
  -7.3768189385707917E-003
  -7.8262589398587108E-003
  -8.2348506189781883E-003
  -8.6040341380573416E-003
  -8.9352385180415887E-003
  -9.2298443245513069E-003
  -9.4892252763028734E-003
  -9.7147141901247364E-003
  -9.9076195262310599E-003
  -1.0069235501723412E-002
  -1.0200826379589342E-002
  -1.0303628842902377E-002
  -1.0378869201007323E-002
  -1.0427738861821420E-002
  -1.0451414749941419E-002
  -1.0451050435902781E-002
  -1.0427780704955010E-002
  -1.0382719041876015E-002
  -1.0316958134605658E-002
  -1.0231568273593202E-002
  -1.0127607633570632E-002
  -1.0006105153040493E-002
  -9.8680773293933991E-003
  -9.7145262154147427E-003
  -9.5464221978027054E-003
  -9.3647282192984745E-003
  -9.1703797016812368E-003
  -8.9642981784050831E-003
  -8.7473977466752291E-003
  -8.5205474374694893E-003
  -8.2846246836427821E-003
  -8.0404756548666627E-003
  -7.7889237958306285E-003
  -7.5307854913412827E-003
  -7.2668593045123343E-003
  -6.9979097300065535E-003
  -6.7246985733276201E-003
  -6.4479659933881564E-003
  -6.1684243562002972E-003
  -5.8867767783303826E-003
  -5.6037113909397172E-003
  -5.3198810832456285E-003
  -5.0359431806135764E-003
  -4.7525094968836239E-003
  -4.4701929279525520E-003
  -4.1895837671049943E-003
  -3.9112438956138591E-003
  -3.6357287188425952E-003
  -3.3635640165066267E-003
  -3.0952608466139945E-003
  -2.8313063471593586E-003
  -2.5721810472745044E-003
  -2.3183278363863185E-003
  -2.0701782793795657E-003
  -1.8281533189226748E-003
  -1.5926311164158012E-003
  -1.3639929861424696E-003
  -1.1425935389776183E-003
  -9.2875826564554583E-004
  -7.2280385721521618E-004
  -5.2501654791813675E-004
  -3.3567387960121894E-004
  -1.5502989551270367E-004
   1.6690925272682343E-005
   1.7927149712166962E-004
   3.3252148792913992E-004
   4.7626534178866759E-004
   6.1035110225580373E-004
   7.3465052210877797E-004
   8.4905031512245586E-004
   9.5345159257510998E-004
   1.0477860264761199E-003
   1.1319918193538339E-003
   1.2060406466981070E-003
   1.2699126562405404E-003
   1.3236090675466240E-003
   1.3671532313253190E-003
   1.4005797510888052E-003
   1.4239502928424528E-003
   1.4373369042472357E-003
   1.4408328430732219E-003
   1.4345485010377821E-003
   1.4186085844996848E-003
   1.3931596523040980E-003
   1.3583606767888425E-003
   1.3143857237040153E-003
   1.2614263776992585E-003
   1.1996895998021256E-003
   1.1293970125045283E-003
   1.0507875920466696E-003
   9.6410387841109929E-004
   8.6961320325453222E-004
   7.6759053414147006E-004
   6.5832462291973853E-004
   5.4211610663053810E-004
   4.1928218018859461E-004
   2.9013533158046357E-004
   1.5501398407296853E-004
   1.4260973097405454E-005
  -1.3177139447578335E-004
  -2.8272228622728152E-004
  -4.3821666424907003E-004
  -5.9789061652199547E-004
  -7.6135503532270767E-004
  -9.2822085674969983E-004
  -1.0980935905356471E-003
  -1.2705669906245712E-003
  -1.4452515759647850E-003
  -1.6217330011979790E-003
  -1.7996015383793672E-003
  -1.9784461863678582E-003
  -2.1578531290538500E-003
  -2.3374021949416801E-003
  -2.5166933280289690E-003
  -2.6953062364342677E-003
  -2.8728293214871489E-003
  -3.0488542279514166E-003
  -3.2229722364726220E-003
  -3.3947756536085662E-003
  -3.5638797629722087E-003
  -3.7298813908185754E-003
  -3.8923948927476917E-003
  -4.0510386176868651E-003
  -4.2054304332881827E-003
  -4.3552158451803068E-003
  -4.5000313245612388E-003
  -4.6395273882196639E-003
  -4.7733642376514762E-003
  -4.9012109121940040E-003
  -5.0227470406962330E-003
  -5.1376740216977487E-003
  -5.2456935026814529E-003
  -5.3465218601342832E-003
  -5.4398902523055785E-003
  -5.5255467746113517E-003
  -5.6032462330439679E-003
  -5.6727690707015620E-003
  -5.7339014376320691E-003
  -5.7864501079500866E-003
  -5.8302364656815202E-003
  -5.8650972438880102E-003
  -5.8908917283690097E-003
  -5.9074889853234086E-003
  -5.9147803810812288E-003
  -5.9126736412205543E-003
  -5.9010946673299413E-003
  -5.8799902781449670E-003
  -5.8493216426357469E-003
  -5.8090710461013405E-003
  -5.7592404286189352E-003
  -5.6998492636680812E-003
  -5.6309347521876253E-003
  -5.5525606067250112E-003
  -5.4647972020299817E-003
  -5.3677432358339742E-003
  -5.2615134420579733E-003
  -5.1462438022729191E-003
  -5.0220893331680474E-003
  -4.8892131974629131E-003
  -4.7478092363828434E-003
  -4.5980845690519294E-003
  -4.4402650880687794E-003
  -4.2745921105968206E-003
  -4.1013339929142287E-003
  -3.9207527701279402E-003
  -3.7331482215124082E-003
  -3.5388274405530216E-003
  -3.3381144099067527E-003
  -3.1313470188636871E-003
  -2.9188865443056842E-003
  -2.7010820465168295E-003
  -2.4783201937022235E-003
  -2.2509915391342944E-003
  -2.0194982051047524E-003
  -1.7842538735647962E-003
  -1.5456905534519600E-003
  -1.3042219245031992E-003
  -1.0602976194532376E-003
  -8.1436599883624782E-004
  -5.6688202768807720E-004
  -3.1831623789716650E-004
  -6.9114500056226708E-005
   1.8024358013332545E-004
   4.2928528189004126E-004
   6.7753571437306444E-004
   9.2451889248384468E-004
   1.1697486036210717E-003
   1.4127693321149446E-003
   1.6530970174478596E-003
   1.8902610853355369E-003
   2.1237941957438621E-003
   2.3532345430246565E-003
   2.5781156696605026E-003
   2.7980060452378222E-003
   3.0124548368496672E-003
   3.2210284065715663E-003
   3.4233027520305147E-003
   3.6188575816995089E-003
   3.8073071920600356E-003
   3.9882546132716801E-003
   4.1613255545596244E-003
   4.3261572548722125E-003
   4.4824058092492076E-003
   4.6297349230118761E-003
   4.7678437174099768E-003
   4.8964316963990683E-003
   5.0152219327331210E-003
   5.1239583929329991E-003
   5.2224024005578787E-003
   5.3103344026138068E-003
   5.3875658507390222E-003
   5.4539188316219123E-003
   5.5092421607712419E-003
   5.5534074415248590E-003
   5.5863076819123655E-003
   5.6078635983784842E-003
   5.6180162333045770E-003
   5.6167313412265312E-003
   5.6040000863244767E-003
   5.5798374289379830E-003
   5.5442849972639052E-003
   5.4974069706367487E-003
   5.4392934801933560E-003
   5.3700599625334184E-003
   5.2898466516066332E-003
   5.1988176186041155E-003
   5.0971666494478117E-003
   4.9850980954355755E-003
   4.8628541593988056E-003
   4.7306949746023430E-003
   4.5889037898939142E-003
   4.4377934894002744E-003
   4.2776802690861430E-003
   4.1089199807997868E-003
   3.9318825954869092E-003
   3.7469587212849874E-003
   3.5545576202696549E-003
   3.3551157034558453E-003
   3.1490630370568317E-003
   2.9368688077441494E-003
   2.7190109065488299E-003
   2.4959817518342901E-003
   2.2682872159082352E-003
   2.0364545739648470E-003
   1.8009947312028274E-003
   1.5624563928346585E-003
   1.3213876255380498E-003
   1.0783442965565774E-003
   8.3389813322208811E-004
   5.8859679029570088E-004
   3.4302048444242772E-004
   9.7742054283860691E-005
  -1.4666482394915507E-004
  -3.8962696821944831E-004
  -6.3056367445342063E-004
  -8.6892626493903339E-004
  -1.1041419814296321E-003
  -1.3356539497025944E-003
  -1.5629127168481569E-003
  -1.7853779968857154E-003
  -2.0025117762130385E-003
  -2.2138126395105325E-003
  -2.4187673106378189E-003
  -2.6168847456618134E-003
  -2.8076910515462063E-003
  -2.9907206292100245E-003
  -3.1655494459860655E-003
  -3.3317502200227852E-003
  -3.4889241328402948E-003
  -3.6366932806619979E-003
  -3.7747045947280587E-003
  -3.9026223380993212E-003
  -4.0201513051257671E-003
  -4.1270077003673095E-003
  -4.2229380027368835E-003
  -4.3077178400685338E-003
  -4.3811500016063499E-003
  -4.4430641092211287E-003
  -4.4933276733781250E-003
  -4.5318282104443840E-003
  -4.5584891192167916E-003
  -4.5732622620723376E-003
  -4.5761320540006756E-003
  -4.5671137638286863E-003
  -4.5462545696904983E-003
  -4.5136309037800536E-003
  -4.4693534484251847E-003
  -4.4135623394606889E-003
  -4.3464312042566060E-003
  -4.2681583328396345E-003
  -4.1789772316402438E-003
  -4.0791507032127599E-003
  -3.9689696303328139E-003
  -3.8487538909583881E-003
  -3.7188565542816887E-003
  -3.5796409749089338E-003
  -3.4315131127596499E-003
  -3.2748974410039340E-003
  -3.1102435890240422E-003
  -2.9380230646349034E-003
  -2.7587362820868594E-003
  -2.5728826732557926E-003
  -2.3810016542034646E-003
  -2.1836426156709473E-003
  -1.9813708947054149E-003
  -1.7747747979019390E-003
  -1.5644303802051615E-003
  -1.3509496864315318E-003
  -1.1349452448692089E-003
  -9.1703804979548307E-004
  -6.9785446310562875E-004
  -4.7803368049895894E-004
  -2.5819116604440209E-004
  -3.8968687254954847E-005
   1.7900199872350608E-004
   3.9509255622701062E-004
   6.0867985189206122E-004
   8.1913950291104785E-004
   1.0258810726436680E-003
   1.2282998459375283E-003
   1.4258121537150141E-003
   1.6178487641237637E-003
   1.8038490339284477E-003
   1.9832926333302912E-003
   2.1556563138938091E-003
   2.3204457197362411E-003
   2.4771893258043682E-003
   2.6254399549554301E-003
   2.7647703489537458E-003
   2.8947974286431030E-003
   3.0151498283108404E-003
   3.1254907950762786E-003
   3.2255154372900995E-003
   3.3149504322899236E-003
   3.3935521516317100E-003
   3.4611194081157460E-003
   3.5174770436609448E-003
   3.5624874422872372E-003
   3.5960490234530555E-003
   3.6180953719677886E-003
   3.6285988424242187E-003
   3.6275659418301513E-003
   3.6150404092297216E-003
   3.5911030239556231E-003
   3.5558714336366790E-003
   3.5095001005968659E-003
   3.4521747171833376E-003
   3.3841215783647622E-003
   3.3055998543463105E-003
   3.2169022380440851E-003
   3.1183544673779300E-003
   3.0103192650667177E-003
   2.8931771567622484E-003
   2.7673504699897871E-003
   2.6332866600265068E-003
   2.4914592703352357E-003
   2.3423743239821939E-003
   2.1865429262563742E-003
   2.0245167350635323E-003
   1.8568609843530371E-003
   1.6841606738497979E-003
   1.5070159589535229E-003
   1.3260499697218485E-003
   1.1418760487435175E-003
   9.5513932884574342E-004
   7.6648630795484243E-004
   5.7656920472946762E-004
   3.8604404004901504E-004
   1.9557577174728215E-004
   5.8059005046496123E-006
  -1.8260457225127027E-004
  -3.6900761402147134E-004
  -5.5276291861817105E-004
  -7.3323304844522962E-004
  -9.0981432942677828E-004
  -1.0818958719457370E-003
  -1.2488905793460378E-003
  -1.4102302011402346E-003
  -1.5653673194625365E-003
  -1.7137716527881011E-003
  -1.8549546723383018E-003
  -1.9884374932202264E-003
  -2.1137745776431279E-003
  -2.2305514051431654E-003
  -2.3383843999440785E-003
  -2.4369190748296165E-003
  -2.5258475653722650E-003
  -2.6048848912788043E-003
  -2.6737872276301109E-003
  -2.7323483580088074E-003
  -2.7803986075125493E-003
  -2.8178131805126666E-003
  -2.8445007020780756E-003
  -2.8604115347673309E-003
  -2.8655374518949182E-003
  -2.8599099478719327E-003
  -2.8436004641780722E-003
  -2.8167206788972140E-003
  -2.7794218403331180E-003
  -2.7318949058346967E-003
  -2.6743684647954837E-003
  -2.6071095653033699E-003
  -2.5304213631110596E-003
  -2.4446425589302544E-003
  -2.3501466018811847E-003
  -2.2473479308379291E-003
  -2.1366669786836803E-003
  -2.0185789375343241E-003
  -1.8935783861228159E-003
  -1.7621860341122610E-003
  -1.6249463150232672E-003
  -1.4824254784735990E-003
  -1.3352096377401308E-003
  -1.1839019679963701E-003
  -1.0291202957226325E-003
  -8.7149514539736495E-004
  -7.1167975704400149E-004
  -5.5029638791156456E-004
  -3.8801009213768116E-004
  -2.2547550620939915E-004
  -6.3346820251116798E-005
   9.7725041457369686E-005
   2.5709487803719994E-004
   4.1412600289126981E-004
   5.6819263431697722E-004
   7.1868278796488735E-004
   8.6500040776460864E-004
   1.0065571458072638E-003
   1.1428190533300157E-003
   1.2732416841313278E-003
   1.3973173803876501E-003
   1.5145662362881555E-003
   1.6245378557943058E-003
   1.7268136907048275E-003
   1.8210080305598503E-003
   1.9067705925464504E-003
   1.9837873726755691E-003
   2.0517817432324698E-003
   2.1105163751877847E-003
   2.1597907034616622E-003
   2.1994553364699243E-003
   2.2293914281349674E-003
   2.2495252162152589E-003
   2.2598262640467748E-003
   2.2603056941682149E-003
   2.2510174064459482E-003
   2.2320574143573735E-003
   2.2035634177689752E-003
   2.1657141915520529E-003
   2.1187283951099789E-003
   2.0628695237826112E-003
   1.9984247890049993E-003
   1.9257319890109426E-003
   1.8451595148952589E-003
   1.7571100153164667E-003
   1.6620178505810186E-003
   1.5603470367358849E-003
   1.4525899287917401E-003
   1.3392642284497116E-003
   1.2209111986010734E-003
   1.0980925910988517E-003
   9.7139906643005478E-004
   8.4140616856671598E-004
   7.0873275596316295E-004
   5.7399784134711624E-004
   4.3782769854191703E-004
   3.0085313196857627E-004
   1.6370637304306414E-004
   2.7018370732564146E-005
  -1.0858428360415098E-004
  -2.4248216877820512E-004
  -3.7406593813331509E-004
  -5.0273915189055047E-004
  -6.2791123452610111E-004
  -7.4903965904869383E-004
  -8.6557304677963628E-004
  -9.7699340314032364E-004
  -1.0828089113269440E-003
  -1.1825558425336191E-003
  -1.2758010987971417E-003
  -1.3621437080913333E-003
  -1.4412173690949153E-003
  -1.5126917268842622E-003
  -1.5762738800638931E-003
  -1.6317060170704099E-003
  -1.6787831270890909E-003
  -1.7173279972579687E-003
  -1.7472099752106525E-003
  -1.7683407362384237E-003
  -1.7806749712246876E-003
  -1.7842105590783275E-003
  -1.7789878792993602E-003
  -1.7650905121080109E-003
  -1.7426441279117053E-003
  -1.7118159659245300E-003
  -1.6728137968056722E-003
  -1.6258891081574502E-003
  -1.5713203882175837E-003
  -1.5094337555194512E-003
  -1.4405867226136512E-003
  -1.3651705160365772E-003
  -1.2836073899595410E-003
  -1.1963489447234046E-003
  -1.1038734276917202E-003
  -1.0066833063372995E-003
  -9.0530288164651803E-004
  -8.0027553976986068E-004
  -6.9216938403982768E-004
  -5.8154010536380315E-004
  -4.6897934750867262E-004
  -3.5507765781903511E-004
  -2.4042987141590177E-004
  -1.2563203101943711E-004
  -1.1278297636201832E-005
   1.0204211585825185E-004
   2.1374801800449003E-004
   3.2326928579312592E-004
   4.3004971400971068E-004
   5.3354193575976384E-004
   6.3324288266198875E-004
   7.2864694484767406E-004
   8.1928185000326346E-004
   9.0470264818421329E-004
   9.8449432238709557E-004
   1.0582734809455160E-003
   1.1256906255296367E-003
   1.1864317699981548E-003
   1.2402205580049560E-003
   1.2868186340862348E-003
   1.3260279827614868E-003
   1.3576888862022096E-003
   1.3816905093358726E-003
   1.3979562610987992E-003
   1.4064545734999642E-003
   1.4071966859832590E-003
   1.4002357526807327E-003
   1.3856669311896627E-003
   1.3636266346093797E-003
   1.3342917916195477E-003
   1.2978785284664925E-003
   1.2546409934442238E-003
   1.2048739911089893E-003
   1.1488952844718352E-003
   1.0870666647433845E-003
   1.0197775806747513E-003
   9.4744563075429894E-004
   8.7051463529004048E-004
   7.8945196951179164E-004
   7.0474592327917512E-004
   6.1690279262116262E-004
   5.2644382317102063E-004
   4.3390262009784726E-004
   3.3982909215288107E-004
   2.4475676196762626E-004
   1.4924415743156541E-004
   5.3842044030747443E-005
  -4.0902411611680601E-005
  -1.3444876610452491E-004
  -2.2626638189498526E-004
  -3.1583752607699931E-004
  -4.0266027770362171E-004
  -4.8625140577748680E-004
  -5.6614917725411292E-004
  -6.4191585813102605E-004
  -7.1313499054921701E-004
  -7.7943562443630278E-004
  -8.4046091912731529E-004
  -8.9589278007664273E-004
  -9.4544791454847393E-004
  -9.8887948271682226E-004
  -1.0259783761297826E-003
  -1.0565740679955797E-003
  -1.0805362891070374E-003
  -1.0977746211278253E-003
  -1.1082397914878067E-003
  -1.1119231998900326E-003
  -1.1088579059793200E-003
  -1.0991162406462213E-003
  -1.0828111948606551E-003
  -1.0600945115299980E-003
  -1.0311564484740698E-003
  -9.9622367331743313E-004
  -9.5555836900880172E-004
  -9.0945599673358433E-004
  -8.5824392739739170E-004
  -8.0227869174928407E-004
  -7.4194911899262055E-004
  -6.7765410316495908E-004
  -6.0982886025680489E-004
  -5.3892339902001448E-004
  -4.6540412199002560E-004
  -3.8975085627067737E-004
  -3.1245400284593983E-004
  -2.3401123531172860E-004
  -1.5492448134952328E-004
  -7.5696603061230851E-005
   3.1716117823981072E-006
   8.1184707251578172E-005
   1.5784960957420795E-004
   2.3270298287187148E-004
   3.0527752749748678E-004
   3.7512947404997948E-004
   4.4183513806153325E-004
   5.0499352255839838E-004
   5.6422891525668962E-004
   6.1919309780299485E-004
   6.6956745445424771E-004
   7.1506512851481898E-004
   7.5543236738228106E-004
   7.9044787792300068E-004
   8.1993451875389479E-004
   8.4374378301964781E-004
   8.6176810538360002E-004
   8.7393850223185224E-004
   8.8022472415701146E-004
   8.8063529132003759E-004
   8.7521749742509630E-004
   8.6405679209168107E-004
   8.4727584475429221E-004
   8.2503414530245007E-004
   7.9752615465778626E-004
   7.6498295623542807E-004
   7.2765995430615024E-004
   6.8585038365116769E-004
   6.3987310191634917E-004
   5.9007313853590463E-004
   5.3681891956552496E-004
   4.8049984634065512E-004
   4.2152345021009754E-004
   3.6031275486422658E-004
   2.9730314524458032E-004
   2.3293944542226397E-004
   1.6767806514792017E-004
   1.0196306748434534E-004
   3.6254187723601951E-005
  -2.8996971649571242E-005
  -9.3344873190238139E-005
  -1.5635309648957769E-004
  -2.1759728855507110E-004
  -2.7666806265321610E-004
  -3.3317376354884262E-004
  -3.8674307393064545E-004
  -4.3702755556953177E-004
  -4.8370037285520135E-004
  -5.2647304893777675E-004
  -5.6507509504613053E-004
  -5.9927083470832010E-004
  -6.2885711439157523E-004
  -6.5366475088080597E-004
  -6.7355921757801084E-004
  -6.8844174265159281E-004
  -6.9824986447028536E-004
  -7.0295731663870217E-004
  -7.0257461410285448E-004
  -6.9714841935064630E-004
  -6.8676208950745618E-004
  -6.7153147508239178E-004
  -6.5160868220709531E-004
  -6.2717788766692773E-004
  -5.9845467550909744E-004
  -5.6568418130931457E-004
  -5.2913924245464824E-004
  -4.8911829838197470E-004
  -4.4594314661071225E-004
  -3.9995638350913388E-004
  -3.5151896576584706E-004
  -3.0101145624773605E-004
  -2.4881508543543189E-004
  -1.9533282361150221E-004
  -1.4097063613783154E-004
  -8.6138281215701165E-005
  -3.1246350819833272E-005
   2.3296805494065459E-005
   7.7088079680118316E-005
   1.2973257970130687E-004
   1.8084650236066749E-004
   2.3005998967548386E-004
   2.7701615246242918E-004
   3.2138837726804252E-004
   3.6286034042353588E-004
   4.0114336589166280E-004
   4.3597477905282507E-004
   4.6711951050607339E-004
   4.9437207894698022E-004
   5.1755769725420346E-004
   5.3653372096100949E-004
   5.5119043672204743E-004
   5.6145174255477377E-004
   5.6727562085757955E-004
   5.6865450095321189E-004
   5.6561503040228507E-004
   5.5821717013998246E-004
   5.4655438124414204E-004
   5.3075246141916048E-004
   5.1096839379052286E-004
   4.8738916183032867E-004
   4.6022996214404476E-004
   4.2973243275760427E-004
   3.9616287562612909E-004
   3.5980985633171528E-004
   3.2098510820999519E-004
   2.8000852681637632E-004
   2.3722398539146930E-004
   1.9298460956021304E-004
   1.4765274868167068E-004
   1.0159720235263303E-004
   5.5190236310402119E-005
   8.8046458816855260E-006
  -3.7189206691224031E-005
  -8.2426322655295033E-005
  -1.2654992628763305E-004
  -1.6921098157816943E-004
  -2.1008433680712416E-004
  -2.4885092473971086E-004
  -2.8521393854213673E-004
  -3.1889773477037395E-004
  -3.4964990831517248E-004
  -3.7724318957443870E-004
  -4.0147731340597209E-004
  -4.2218043017059898E-004
  -4.3921041023617136E-004
  -4.5245584636862616E-004
  -4.6183690733112091E-004
  -4.6730560426356659E-004
  -4.6884736877975906E-004
  -4.6647854545302800E-004
  -4.6024810720151976E-004
  -4.5023666061417211E-004
  -4.3655555960375340E-004
