   3.0000000260770321E-003   1.0172624262020735        1.0101249786445081     
   6.0000000521540642E-003   1.0233210980225567        1.0173166828258764     
   8.9999996125698090E-003   1.0333951855810897        1.0293019477933500     
   1.2000000104308128E-002   1.0475427781355628        1.0462014204076902     
   1.4999999664723873E-002   1.0658841887637842        1.0682371953008254     
   1.7999999225139618E-002   1.0885957740256162        1.0957288975422150     
   2.0999999716877937E-002   1.1159013465286332        1.1290875726369769     
   2.4000000208616257E-002   1.1480579960105017        1.1688023074863245     
   2.7000000700354576E-002   1.1853316109189005        1.2154102007529486     
   2.9999999329447746E-002   1.2279550105277866        1.2694341017727206     
   3.2999999821186066E-002   1.2760570803608486        1.3312621760131444     
   3.5999998450279236E-002   1.3295476666336676        1.4009262003087652     
   3.9000000804662704E-002   1.3879384809582029        1.4777209691801210     
   4.1999999433755875E-002   1.4500805090223410        1.5596005615934452     
   4.5000001788139343E-002   1.5138181550534966        1.6423483083304447     
   4.8000000417232513E-002   1.5756094444401989        1.7187208486418442     
   5.0999999046325684E-002   1.6302731991567430        1.7782068725277469     
   5.4000001400709152E-002   1.6711668879290487        1.8084923454601933     
   5.7000000029802322E-002   1.6911559707222297        1.7993229773502217     
   5.9999998658895493E-002   1.6844606536317335        1.7473485634683881     
   6.3000001013278961E-002   1.6487549012957712        1.6583420895554064     
   6.5999999642372131E-002   1.5862991906137411        1.5446238901873535     
   6.8999998271465302E-002   1.5032523941214597        1.4198414481239663     
   7.1999996900558472E-002   1.4075882340807766        1.2949308274818290     
   7.5000002980232239E-002   1.3069005206979254        1.1767904407890595     
   7.8000001609325409E-002   1.2070760649047743        1.0688362786315311     
   8.1000000238418579E-002   1.1119649586151177       0.97214478185332343     
   8.3999998867511749E-002   1.0236702429099391       0.88646756895869450     
   8.6999997496604919E-002  0.94304423452640118       0.81092073324662362     
   9.0000003576278687E-002  0.87014987386103970       0.74438732173588618     
   9.3000002205371857E-002  0.80460761079026777       0.68573107012876711     
   9.6000000834465027E-002  0.74582273746355188       0.63389469130627785     
   9.8999999463558197E-002  0.69312445386170496       0.58793925439708516     
  0.10199999809265137       0.64584287637628768       0.54705067278785113     
  0.10499999672174454       0.60334966933633682       0.51053273787575659     
  0.10800000280141830       0.56507464135409646       0.47779354765192111     
  0.11100000143051147       0.53051140575418165       0.44833176691557902     
  0.11400000005960464       0.49921501049343364       0.42172247190172085     
  0.11699999868869781       0.47079760983227831       0.39760505699371118     
  0.11999999731779099       0.44492222306919060       0.37567283842505966     
  0.12300000339746475       0.42129642508823029       0.35566416074654533     
  0.12600000202655792       0.39966670349710803       0.33735514627036123     
  0.12899999320507050       0.37981288123832846       0.32055339395347088     
  0.13199999928474426       0.36154325601059467       0.30509270613075762     
  0.13500000536441803       0.34469106970313484       0.29082962686836977     
  0.13799999654293060       0.32911048788214375       0.27763940417424998     
  0.14100000262260437       0.31467368793190142       0.26541308797921903     
  0.14399999380111694       0.30126870450796228       0.25405557001891649     
  0.14699999988079071       0.28879659324240115       0.24348318548002368     
  0.15000000596046448       0.27717014636156467       0.23362232376176342     
  0.15299999713897705       0.26631232412378386       0.22440799722290045     
  0.15600000321865082       0.25615443650131814       0.21578238381691586     
  0.15899999439716339       0.24663554745880256       0.20769431656651824     
  0.16200000047683716       0.23770115256684901       0.20009800830831578     
  0.16500000655651093       0.22930259168428727       0.19295259054361918     
  0.16799999773502350       0.22139630074355393       0.18622149843708774     
  0.17100000381469727       0.21394285278790645       0.17987177948007899     
  0.17399999499320984       0.20690699810798496       0.17387379489156984     
  0.17700000107288361       0.20025674298987556       0.16820075136977178     
  0.18000000715255737       0.19396326788080995       0.16282847949806681     
  0.18299999833106995       0.18800036400902553       0.15773502774058720     
  0.18600000441074371       0.18234423211030515       0.15290040734752416     
  0.18899999558925629       0.17697325933564137       0.14830652334805389     
  0.19200000166893005       0.17186766768661230       0.14393676665865265     
  0.19499999284744263       0.16700945040888196       0.13977603067360853     
  0.19799999892711639       0.16238205128387234       0.13581045380495674     
  0.20100000500679016       0.15797041060227374       0.13202734502451055     
  0.20399999618530273       0.15376066341083025       0.12841508764193174     
  0.20700000226497650       0.14973997795551028       0.12496289624239908     
  0.20999999344348907       0.14589663957822546       0.12166093238989756     
  0.21299999952316284       0.14221982331392324       0.11850006811564012     
  0.21600000560283661       0.13869947770752847       0.11547189530767782     
  0.21899999678134918       0.13532640901556456       0.11256863116024597     
  0.22200000286102295       0.13209199481748599       0.10978303931023202     
  0.22499999403953552       0.12898831018936729       0.10710847505550208     
  0.22800000011920929       0.12600799174765015       0.10453868491258599     
  0.23100000619888306       0.12314416239900565       0.10206790964923364     
  0.23399999737739563       0.12039049649289138        9.9690784311499539E-002
  0.23700000345706940       0.11774101704741789        9.7402289522189475E-002
  0.23999999463558197       0.11519017761143618        9.5197768559052542E-002
  0.24300000071525574       0.11273281497825619        9.3072845804049245E-002
  0.24600000679492950       0.11036410696186105        9.1023441564519872E-002
  0.24899999797344208       0.10807956418850063        8.9045758885838558E-002
  0.25200000405311584       0.10587490165518884        8.7136211250703768E-002
  0.25499999523162842       0.10374619179842270        8.5291458478119753E-002
  0.25799998641014099       0.10168970793469023        8.3508349327103437E-002
  0.26100000739097595        9.9701922542930602E-002   8.1783931809253294E-002
  0.26399999856948853        9.7779614907252177E-002   8.0115444791180462E-002
  0.26699998974800110        9.5919681531659307E-002   7.8500278601535828E-002
  0.27000001072883606        9.4119176951087277E-002   7.6935943561312115E-002
  0.27300000190734863        9.2375424360870401E-002   7.5420179761388859E-002
  0.27599999308586121        9.0685808087239486E-002   7.3950766665895964E-002
  0.27900001406669617        8.9047902513687771E-002   7.2525637683650682E-002
  0.28200000524520874        8.7459412713179266E-002   7.1142887484921619E-002
  0.28499999642372131        8.5918180712484055E-002   6.9800654970667106E-002
  0.28799998760223389        8.4422139084565015E-002   6.8497201869581692E-002
  0.29100000858306885        8.2969321038303331E-002   6.7230868891871978E-002
  0.29399999976158142        8.1557935162508102E-002   6.6000139662995144E-002
  0.29699999094009399        8.0186220631708077E-002   6.4803505828479796E-002
  0.30000001192092896        7.8852512310531253E-002   6.3639566367028597E-002
  0.30300000309944153        7.7555262206177991E-002   6.2507026456301407E-002
  0.30599999427795410        7.6292978921520982E-002   6.1404596962564249E-002
  0.30899998545646667        7.5064251384959799E-002   6.0331096629524593E-002
  0.31200000643730164        7.3867718599250565E-002   5.9285367461563619E-002
  0.31499999761581421        7.2702136578780829E-002   5.8266365169681429E-002
  0.31799998879432678        7.1566266369056122E-002   5.7273030214309607E-002
  0.32100000977516174        7.0458940467722372E-002   5.6304387106513969E-002
  0.32400000095367432        6.9379097886348329E-002   5.5359520463648809E-002
  0.32699999213218689        6.8325667977495175E-002   5.4437536247768537E-002
  0.33000001311302185        6.7297644343939159E-002   5.3537565457395749E-002
  0.33300000429153442        6.6294079317283733E-002   5.2658834900420816E-002
  0.33599999547004700        6.5314065300719537E-002   5.1800556794760373E-002
  0.33899998664855957        6.4356733077848366E-002   5.0962000142302302E-002
  0.34200000762939453        6.3421243469365049E-002   5.0142445484128349E-002
  0.34499999880790710        6.2506809541762590E-002   4.9341242879204071E-002
  0.34799998998641968        6.1612675463712345E-002   4.8557748148498968E-002
  0.35100001096725464        6.0738098224452398E-002   4.7791332734799186E-002
  0.35400000214576721        5.9882409263206079E-002   4.7041429312124190E-002
  0.35699999332427979        5.9044923779115799E-002   4.6307464167590746E-002
  0.36000001430511475        5.8225009614317744E-002   4.5588895912095181E-002
  0.36300000548362732        5.7422063867560096E-002   4.4885226430484010E-002
  0.36599999666213989        5.6635495343253781E-002   4.4195948165117308E-002
  0.36899998784065247        5.5864744191741665E-002   4.3520590461291600E-002
  0.37200000882148743        5.5109262609796129E-002   4.2858697596618298E-002
  0.37500000000000000        5.4368554655370105E-002   4.2209841948544616E-002
  0.37799999117851257        5.3642113051107006E-002   4.1573604292515061E-002
  0.38100001215934753        5.2929457179446665E-002   4.0949576121541584E-002
  0.38400000333786011        5.2230138672323484E-002   4.0337390913506389E-002
  0.38699999451637268        5.1543719622312856E-002   3.9736662552989209E-002
  0.38999998569488525        5.0869778711040113E-002   3.9147045966056199E-002
  0.39300000667572021        5.0207892584926736E-002   3.8568186032095587E-002
  0.39599999785423279        4.9557692550735999E-002   3.7999775946434812E-002
  0.39899998903274536        4.8918801081669808E-002   3.7441494962162876E-002
  0.40200001001358032        4.8290840059799167E-002   3.6893026973208225E-002
  0.40500000119209290        4.7673481680455800E-002   3.6354094613296445E-002
  0.40799999237060547        4.7066381791953125E-002   3.5824416161366911E-002
  0.41100001335144043        4.6469213560622211E-002   3.5303716304059658E-002
  0.41400000452995300        4.5881678081878020E-002   3.4791740557788456E-002
  0.41699999570846558        4.5303473210395628E-002   3.4288239031779300E-002
  0.41999998688697815        4.4734310393758983E-002   3.3792970089727127E-002
  0.42300000786781311        4.4173895625050828E-002   3.3305697557685143E-002
  0.42599999904632568        4.3621989929495827E-002   3.2826205375119585E-002
  0.42899999022483826        4.3078314854699630E-002   3.2354277393736780E-002
  0.43200001120567322        4.2542621364788723E-002   3.1889696784399915E-002
  0.43500000238418579        4.2014686187303349E-002   3.1432279736329206E-002
  0.43799999356269836        4.1494258794863736E-002   3.0981823980108462E-002
  0.44100001454353333        4.0981125496823527E-002   3.0538142066092618E-002
  0.44400000572204590        4.0475069094203953E-002   3.0101063474685334E-002
  0.44699999690055847        3.9975884486317746E-002   2.9670407048444914E-002
  0.44999998807907104        3.9483367229096053E-002   2.9246012258958447E-002
  0.45300000905990601        3.8997315155212070E-002   2.8827712068346521E-002
  0.45600000023841858        3.8517553813324668E-002   2.8415356167562786E-002
  0.45899999141693115        3.8043899866208639E-002   2.8008796449248367E-002
  0.46200001239776611        3.7576168077667976E-002   2.7607883211092976E-002
  0.46500000357627869        3.7114208260081660E-002   2.7212484042717616E-002
  0.46799999475479126        3.6657842728975196E-002   2.6822460976400293E-002
  0.47099998593330383        3.6206922358023488E-002   2.6437683101028939E-002
  0.47400000691413879        3.5761286328392747E-002   2.6058022040757533E-002
  0.47699999809265137        3.5320796397012057E-002   2.5683364550984154E-002
  0.47999998927116394        3.4885307895016357E-002   2.5313590546652404E-002
  0.48300001025199890        3.4454683744786080E-002   2.4948581925056262E-002
  0.48600000143051147        3.4028797564567705E-002   2.4588242859810323E-002
  0.48899999260902405        3.3607512569985051E-002   2.4232456889604948E-002
  0.49200001358985901        3.3190709437510117E-002   2.3881124427971894E-002
  0.49500000476837158        3.2778269970200009E-002   2.3534149579612248E-002
  0.49799999594688416        3.2370084037188093E-002   2.3191440300524821E-002
  0.50099998712539673        3.1966032623585092E-002   2.2852903879003648E-002
  0.50400000810623169        3.1566009566684594E-002   2.2518446274764216E-002
  0.50700002908706665        3.1169917941600164E-002   2.2187986447956741E-002
  0.50999999046325684        3.0777658470073698E-002   2.1861449997391896E-002
  0.51300001144409180        3.0389132432890084E-002   2.1538744278023578E-002
  0.51599997282028198        3.0004250698390172E-002   2.1219804267011901E-002
  0.51899999380111694        2.9622913654229838E-002   2.0904545638562162E-002
  0.52200001478195190        2.9245044321205307E-002   2.0592905484263062E-002
  0.52499997615814209        2.8870565953882210E-002   2.0284813643599704E-002
  0.52799999713897705        2.8499384375475379E-002   1.9980198785805120E-002
  0.53100001811981201        2.8131429985288000E-002   1.9679001132497931E-002
  0.53399997949600220        2.7766638170514307E-002   1.9381161436304143E-002
  0.53700000047683716        2.7404918964408474E-002   1.9086614704862847E-002
  0.54000002145767212        2.7046219801349209E-002   1.8795304282188851E-002
  0.54299998283386230        2.6690477569410450E-002   1.8507181561046842E-002
  0.54600000381469727        2.6337614396783039E-002   1.8222184045742742E-002
  0.54900002479553223        2.5987579872013986E-002   1.7940263331553082E-002
  0.55199998617172241        2.5640323923247450E-002   1.7661376714022965E-002
  0.55500000715255737        2.5295771929597928E-002   1.7385464454139580E-002
  0.55800002813339233        2.4953884914832705E-002   1.7112488659191308E-002
  0.56099998950958252        2.4614613622346439E-002   1.6842406716349866E-002
  0.56400001049041748        2.4277900031098226E-002   1.6575169103302874E-002
  0.56699997186660767        2.3943712886541738E-002   1.6310741207567765E-002
  0.56999999284744263        2.3611991017839597E-002   1.6049076292165471E-002
  0.57300001382827759        2.3282697803006940E-002   1.5790141393607546E-002
  0.57599997520446777        2.2955809308493631E-002   1.5533903482232830E-002
  0.57899999618530273        2.2631267520467260E-002   1.5280319128366185E-002
  0.58200001716613770        2.2309045391813286E-002   1.5029359939807195E-002
  0.58499997854232788        2.1989113416263781E-002   1.4780996804409290E-002
  0.58799999952316284        2.1671432256541591E-002   1.4535189473315630E-002
  0.59100002050399780        2.1355973427039845E-002   1.4291913226515173E-002
  0.59399998188018799        2.1042718724184541E-002   1.4051144442662531E-002
  0.59700000286102295        2.0731625811339267E-002   1.3812842916895321E-002
  0.60000002384185791        2.0422680047925804E-002   1.3576992594381186E-002
  0.60299998521804810        2.0115862925781307E-002   1.3343570520391347E-002
  0.60600000619888306        1.9811140728723555E-002   1.3112542298371610E-002
  0.60900002717971802        1.9508499989102680E-002   1.2883890828121823E-002
  0.61199998855590820        1.9207931657769597E-002   1.2657596586078491E-002
  0.61500000953674316        1.8909402539851575E-002   1.2433631374428470E-002
  0.61799997091293335        1.8612916824812444E-002   1.2211984365278497E-002
  0.62099999189376831        1.8318440462934699E-002   1.1992624447660674E-002
  0.62400001287460327        1.8025975208603353E-002   1.1775540389668250E-002
  0.62699997425079346        1.7735512097246338E-002   1.1560719139199956E-002
  0.62999999523162842        1.7447031438644903E-002   1.1348132832047896E-002
  0.63300001621246338        1.7160530974563104E-002   1.1137770262005842E-002
  0.63599997758865356        1.6876011916915318E-002   1.0929622086406091E-002
  0.63899999856948853        1.6593457154695051E-002   1.0723665386618552E-002
  0.64200001955032349        1.6312868079145844E-002   1.0519888045096527E-002
  0.64499998092651367        1.6034248408348297E-002   1.0318284186609135E-002
  0.64800000190734863        1.5757585709524808E-002   1.0118830663764010E-002
  0.65100002288818359        1.5482883989916004E-002   9.9215200955929238E-003
  0.65399998426437378        1.5210150863820734E-002   9.7263473572421506E-003
  0.65700000524520874        1.4939380254452560E-002   9.5332904889249316E-003
  0.66000002622604370        1.4670574562804111E-002   9.3423457848349455E-003
  0.66299998760223389        1.4403748993043841E-002   9.1535062838483412E-003
  0.66600000858306885        1.4138895599198139E-002   8.9667575748908282E-003
  0.66900002956390381        1.3876026820213579E-002   8.7820915279262623E-003
  0.67199999094009399        1.3615157300374188E-002   8.5995050387630383E-003
  0.67500001192092896        1.3356278033782233E-002   8.4189839965059885E-003
  0.67799997329711914        1.3099414721521862E-002   8.2405272901781117E-003
  0.68099999427795410        1.2844564828275279E-002   8.0641205822404530E-003
  0.68400001525878906        1.2591745428790636E-002   7.8897619634273261E-003
  0.68699997663497925        1.2340969461598506E-002   7.7174475110624178E-003
  0.68999999761581421        1.2092243095082033E-002   7.5471659837227194E-003
  0.69300001859664917        1.1845583351858915E-002   7.3789131698606949E-003
  0.69599997997283936        1.1601008223402515E-002   7.2126895129769261E-003
  0.69900000095367432        1.1358521893829352E-002   7.0484815328398778E-003
  0.70200002193450928        1.1118144270516585E-002   6.8862875244455743E-003
  0.70499998331069946        1.0879895243329130E-002   6.7261081424282512E-003
  0.70800000429153442        1.0643783056851803E-002   6.5679308717815086E-003
  0.71100002527236938        1.0409828096063646E-002   6.4117567616708976E-003
  0.71399998664855957        1.0178049405893997E-002   6.2575839819570675E-003
  0.71700000762939453        9.9484584533234607E-003   6.1054012095386077E-003
  0.72000002861022949        9.7210754497975317E-003   5.9552088541044669E-003
  0.72299998998641968        9.4959238054140357E-003   5.8070069647584693E-003
  0.72600001096725464        9.2730136384271654E-003   5.6607846069528225E-003
  0.72899997234344482        9.0523721384580570E-003   5.5165463380149153E-003
  0.73199999332427979        8.8340064773834472E-003   5.3742822623083367E-003
  0.73500001430511475        8.6179448451941931E-003   5.2339910864593175E-003
  0.73799997568130493        8.4042080124798520E-003   5.0956724304522154E-003
  0.74099999666213989        8.1928064071168406E-003   4.9593188048887762E-003
  0.74400001764297485        7.9837643246065786E-003   4.8249287656795111E-003
  0.74699997901916504        7.7771063242333214E-003   4.6925023008987238E-003
  0.75000000000000000        7.5728412771340920E-003   4.5620300836803724E-003
  0.75300002098083496        7.3709945283399365E-003   4.4335127778827692E-003
  0.75599998235702515        7.1715872527535075E-003   4.3069480249425893E-003
  0.75900000333786011        6.9746320615513653E-003   4.1823276376964282E-003
  0.76200002431869507        6.7801515685611650E-003   4.0596508776941376E-003
  0.76499998569488525        6.5881674722471128E-003   3.9389162646006788E-003
  0.76800000667572021        6.3986915616915949E-003   3.8201157402951444E-003
  0.77100002765655518        6.2117437030252565E-003   3.7032471826401996E-003
  0.77399998903274536        6.0273467117252684E-003   3.5883088099754380E-003
  0.77700001001358032        5.8455106082325016E-003   3.4752919198898064E-003
  0.77999997138977051        5.6662588439679402E-003   3.3641964833861452E-003
  0.78299999237060547        5.4896004281569421E-003   3.2550134496723985E-003
  0.78600001335144043        5.3155549647372615E-003   3.1477401535207291E-003
  0.78899997472763062        5.1441417543543122E-003   3.0423738370300483E-003
  0.79199999570846558        4.9753676245255698E-003   2.9389045976482482E-003
  0.79500001668930054        4.8092507163917594E-003   2.8373292075489077E-003
  0.79799997806549072        4.6458071505111704E-003   2.7376443378352060E-003
  0.80099999904632568        4.4850425650950453E-003   2.6398393393617351E-003
  0.80400002002716064        4.3269726303215433E-003   2.5439103421008931E-003
  0.80699998140335083        4.1716128140998378E-003   2.4498519040560022E-003
  0.81000000238418579        4.0189649574125831E-003   2.3576539287265947E-003
  0.81300002336502075        3.8690428900119336E-003   2.2673111145717030E-003
  0.81599998474121094        3.7218571895274609E-003   2.1788174945135005E-003
  0.81900000572204590        3.5774108259329900E-003   2.0921618903102703E-003
  0.82200002670288086        3.4357119705706578E-003   2.0073380619280838E-003
  0.82499998807907104        3.2967703876234300E-003   1.9243389320227659E-003
  0.82800000905990601        3.1605846220961594E-003   1.8431520603560045E-003
  0.83099997043609619        3.0271631664575134E-003   1.7637718200995424E-003
  0.83399999141693115        2.8965043907411923E-003   1.6861859826415985E-003
  0.83700001239776611        2.7686114892333819E-003   1.6103856538502500E-003
  0.83999997377395630        2.6434888123481157E-003   1.5363620073837005E-003
  0.84299999475479126        2.5211287988299597E-003   1.4641018175806830E-003
  0.84600001573562622        2.4015332703131681E-003   1.3935952477485041E-003
  0.84899997711181641        2.2847010895556963E-003   1.3248326866927499E-003
  0.85199999809265137        2.1706231932499360E-003   1.2577988027668043E-003
  0.85500001907348633        2.0592974797911550E-003   1.1924836808693158E-003
  0.85799998044967651        1.9507188039347735E-003   1.1288756037504998E-003
  0.86100000143051147        1.8448748937697067E-003   1.0669589724302492E-003
  0.86400002241134644        1.7417593885473424E-003   1.0067219359880281E-003
  0.86699998378753662        1.6413636947937864E-003   9.4815198905034948E-004
  0.87000000476837158        1.5436725422984840E-003   8.9123240492635985E-004
  0.87300002574920654        1.4486750957278804E-003   8.3594975217522835E-004
  0.87599998712539673        1.3563590321575389E-003   7.8229040158211125E-004
  0.87900000810623169        1.2667057456778692E-003   7.3023663159670429E-004
  0.88200002908706665        1.1797006759100552E-003   6.7977397805861256E-004
  0.88499999046325684        1.0953275801504853E-003   6.3088725713432176E-004
  0.88800001144409180        1.0135642782384373E-003   5.8355785774102389E-004
  0.89099997282028198        9.3439407091410419E-004   5.3777077396930674E-004
  0.89399999380111694        8.5779229702835343E-004   4.9350693863761327E-004
  0.89700001478195190        7.8373819947262675E-004   4.5074939693265549E-004
  0.89999997615814209        7.1220946108768398E-004   4.0948110735634984E-004
  0.90299999713897705        6.4317823150963395E-004   3.6968170280944135E-004
  0.90600001811981201        5.7661999227122992E-004   3.3133344154635851E-004
  0.90899997949600220        5.1250903968487937E-004   2.9441774289343839E-004
  0.91200000047683716        4.5081435340453790E-004   2.5891343153298767E-004
  0.91500002145767212        3.9150801195205663E-004   2.2480152182435527E-004
  0.91799998283386230        3.3456073500488597E-004   1.9206233659059966E-004
  0.92100000381469727        2.7993882508601977E-004   1.6067400719237208E-004
  0.92400002479553223        2.2761096276912711E-004   1.3061620116553398E-004
  0.92699998617172241        1.7754481660299358E-004   1.0186824077891334E-004
  0.93000000715255737        1.2970395045663671E-004   7.4407455766724214E-005
  0.93300002813339233        8.4054162956435298E-005   4.8212483531149655E-005
  0.93599998950958252        4.0560137947933659E-005   2.3261680756201355E-005
  0.93900001049041748        8.1683903976372134E-007   4.6840686233508109E-007
  0.94199997186660767        4.0112942482926106E-005   2.2999572433125055E-005
  0.94499999284744263        7.7368294432494426E-005   4.4355695249249209E-005
  0.94800001382827759        1.1262140913728485E-004   6.4559573334004190E-005
  0.95099997520446777        1.4591166943943252E-004   8.3634314564972004E-005
  0.95399999618530273        1.7728102890066658E-004   1.0160438636582857E-004
  0.95700001716613770        2.0677011773038715E-004   1.1849335183453638E-004
  0.95999997854232788        2.3442028136853030E-004   1.3432494142193076E-004
  0.96299999952316284        2.6027489261491515E-004   1.4912424913258291E-004
  0.96600002050399780        2.8437645406785404E-004   1.6291526194696764E-004
  0.96899998188018799        3.0676767581163473E-004   1.7572256577719732E-004
  0.97200000286102295        3.2749323623605545E-004   1.8757129033405246E-004
  0.97500002384185791        3.4659679284984075E-004   1.9848622853398259E-004
  0.97799998521804810        3.6412230164991970E-004   2.0849220428362361E-004
  0.98100000619888306        3.8011520220188326E-004   2.1761457236905982E-004
  0.98400002717971802        3.9461997978407573E-004   2.2587856072048910E-004
  0.98699998855590820        4.0768153449092739E-004   2.3330924788279351E-004
  0.99000000953674316        4.1934541536083183E-004   2.3993234368608346E-004
  0.99299997091293335        4.2965646949829923E-004   2.4577280784207622E-004
  0.99599999189376831        4.3866070454092132E-004   2.5085631595205373E-004
  0.99900001287460327        4.4640285322764429E-004   2.5520814079326961E-004
   1.0019999742507935        4.5292825331753384E-004   2.5885361458869393E-004
   1.0049999952316284        4.5828236780593655E-004   2.6181825029767075E-004
   1.0080000162124634        4.6251019483669437E-004   2.6412713975995194E-004
   1.0110000371932983        4.6565649285613194E-004   2.6580568755766752E-004
   1.0140000581741333        4.6776583275194794E-004   2.6687891339747052E-004
   1.0169999599456787        4.6888296815925698E-004   2.6737193783970262E-004
   1.0199999809265137        4.6905180547583160E-004   2.6730954175268251E-004
   1.0230000019073486        4.6831605449529747E-004   2.6671667869776510E-004
   1.0260000228881836        4.6671937594422479E-004   2.6561791610689472E-004
   1.0290000438690186        4.6430444889077310E-004   2.6403770783274067E-004
   1.0319999456405640        4.6111433197030378E-004   2.6200039192727034E-004
   1.0349999666213989        4.5719041952283445E-004   2.5952989770762199E-004
   1.0379999876022339        4.5257461904063458E-004   2.5665014951726140E-004
   1.0410000085830688        4.4730789492149534E-004   2.5338459566573397E-004
   1.0440000295639038        4.4143050428116422E-004   2.4975681372333997E-004
   1.0470000505447388        4.3498222521647279E-004   2.4578971111580968E-004
   1.0499999523162842        4.2800251995293756E-004   2.4150632885784065E-004
   1.0529999732971191        4.2052922378293348E-004   2.3692881650580033E-004
   1.0559999942779541        4.1260047440971410E-004   2.3207921088955902E-004
   1.0590000152587891        4.0425290396019193E-004   2.2697968184528023E-004
   1.0620000362396240        3.9552309489844842E-004   2.2165138663745874E-004
   1.0650000572204590        3.8644620213743817E-004   2.1611567383994097E-004
   1.0679999589920044        3.7705734251674910E-004   2.1039333099287269E-004
   1.0709999799728394        3.6738962628402472E-004   2.0450414917264542E-004
   1.0740000009536743        3.5747622359720354E-004   1.9846832492926965E-004
   1.0770000219345093        3.4734919411360491E-004   1.9230520832267848E-004
   1.0800000429153442        3.3703976460306280E-004   1.8603389633264585E-004
   1.0829999446868896        3.2657856681909492E-004   1.7967327468656935E-004
   1.0859999656677246        3.1599425153131872E-004   1.7324077225716201E-004
   1.0889999866485596        3.0531555665519152E-004   1.6675431389260242E-004
   1.0920000076293945        2.9456979387883637E-004   1.6023105379298335E-004
   1.0950000286102295        2.8378378416163820E-004   1.5368771495601120E-004
   1.0980000495910645        2.7298272615164436E-004   1.4714016176491933E-004
   1.1009999513626099        2.6219184051296326E-004   1.4060443196512685E-004
   1.1039999723434448        2.5143371389527825E-004   1.3409502665162097E-004
   1.1069999933242798        2.4073152382829527E-004   1.2762671277256513E-004
   1.1100000143051147        2.3010677351819648E-004   1.2121354252792057E-004
   1.1130000352859497        2.1958007280748008E-004   1.1486889313859289E-004
   1.1160000562667847        2.0917107208282934E-004   1.0860560041919821E-004
   1.1189999580383301        1.9889894053848613E-004   1.0243617043988926E-004
   1.1219999790191650        1.8878022898022781E-004   9.6371957045613470E-005
   1.1250000000000000        1.7883215137877036E-004   9.0424293732067762E-005
   1.1280000209808350        1.6907027478258000E-004   8.4603713875727577E-005
   1.1310000419616699        1.5950940101156584E-004   7.8920294818521806E-005
   1.1339999437332153        1.5016352166398651E-004   7.3383498368400664E-005
   1.1369999647140503        1.4104475573584931E-004   6.8001802440030684E-005
   1.1399999856948853        1.3216506179405726E-004   6.2783605012600659E-005
   1.1430000066757202        1.2353530738395594E-004   5.7736576663734631E-005
   1.1460000276565552        1.1516542634816196E-004   5.2867667791956031E-005
   1.1490000486373901        1.0706433102176773E-004   4.8183418303875136E-005
   1.1519999504089355        9.9240477457298557E-005   4.3689725557482139E-005
   1.1549999713897705        9.1700350271316515E-005   3.9391646900262276E-005
   1.1579999923706055        8.4450423455927867E-005   3.5293930061339862E-005
   1.1610000133514404        7.7496163375554545E-005   3.1400802996106197E-005
   1.1640000343322754        7.0842099496898171E-005   2.7715623618677109E-005
   1.1670000553131104        6.4491876060123414E-005   2.4241575589550070E-005
   1.1699999570846558        5.8448744545977579E-005   2.0980948242478267E-005
   1.1729999780654907        5.2714132954087190E-005   1.7935544758251407E-005
   1.1759999990463257        4.7289718719695399E-005   1.5106638966543602E-005
   1.1790000200271606        4.2175942100330164E-005   1.2495059173571216E-005
   1.1820000410079956        3.7372637281011207E-005   1.0101036799367478E-005
   1.1849999427795410        3.2879110292214138E-005   7.9243567678329183E-006
   1.1879999637603760        2.8693337225714903E-005   5.9640094040403245E-006
   1.1909999847412109        2.4813280748078740E-005   4.2187839884839236E-006
   1.1940000057220459        2.1235950649316441E-005   2.6869130872640449E-006
   1.1970000267028809        1.7957874887450092E-005   1.3661124662633360E-006
   1.2000000476837158        1.4974849601490197E-005   2.5362311549992815E-007
   1.2029999494552612        1.2282294887032092E-005   6.5364131712047565E-007
   1.2059999704360962        9.8746888171304067E-006   1.3594211124189457E-006
   1.2089999914169312        7.7463954356591692E-006   1.8677087717500793E-006
   1.2120000123977661        5.8910847996765615E-006   2.1829330004154012E-006
   1.2150000333786011        4.3020304520468252E-006   2.3099342394814695E-006
   1.2180000543594360        2.9720229886121868E-006   2.2539114312899163E-006
   1.2209999561309814        1.8934734151680373E-006   2.0204629802929840E-006
   1.2239999771118164        1.0582880605761836E-006   1.6154511481664370E-006
   1.2269999980926514        4.5813705936642293E-007   1.0451128488729405E-006
   1.2300000190734863        8.4304187862767367E-008   3.1597888212217298E-007
   1.2330000400543213        7.2230111762960505E-008   5.6513690515963515E-007
   1.2359999418258667        2.0784336269505453E-008   1.5911084926724423E-006
   1.2389999628067017        2.2908671738038865E-007   2.7546907952043351E-006
   1.2419999837875366        6.6758512809245388E-007   4.0482809923519951E-006
   1.2450000047683716        1.2847156672032724E-006   5.4641216664076477E-006
   1.2480000257492065        2.0702936379654206E-006   6.9942507610490514E-006
   1.2510000467300415        3.0140170377120995E-006   8.6305370639735654E-006
   1.2539999485015869        4.1053640801275537E-006   1.0364632027544661E-005
   1.2569999694824219        5.3338762029142388E-006   1.2188273970495954E-005
   1.2599999904632568        6.6888945608520239E-006   1.4092881690492163E-005
   1.2630000114440918        8.1597603053235409E-006   1.6069836309031722E-005
   1.2660000324249268        9.7357487898340713E-006   1.8110505011275258E-005
   1.2690000534057617        1.1406185889082053E-005   2.0206112912300511E-005
   1.2719999551773071        1.3160338983006881E-005   2.2347860443834853E-005
   1.2749999761581421        1.4987688826019553E-005   2.4527119169768350E-005
   1.2779999971389771        1.6877671390760673E-005   2.6735128717820623E-005
   1.2810000181198120        1.8819794662036672E-005   2.8963124486429649E-005
   1.2840000391006470        2.0803717426471109E-005   3.1202437508712842E-005
   1.2869999408721924        2.2819155305754591E-005   3.3444430116512380E-005
   1.2899999618530273        2.4856233898571607E-005   3.5680728391018600E-005
   1.2929999828338623        2.6904966263611633E-005   3.7902901729501653E-005
   1.2960000038146973        2.8955765499100208E-005   4.0102637139820805E-005
   1.2990000247955322        3.0999067056729106E-005   4.2271827260840690E-005
   1.3020000457763672        3.3025716836800493E-005   4.4402518014131006E-005
   1.3049999475479126        3.5026634979871438E-005   4.6486866613724435E-005
   1.3079999685287476        3.6993236121355890E-005   4.8517440265649841E-005
   1.3109999895095825        3.8917085443612133E-005   5.0486805533429752E-005
   1.3140000104904175        4.0790018030269491E-005   5.2387765943772781E-005
   1.3170000314712524        4.2604224115920179E-005   5.4213482837254192E-005
   1.3200000524520874        4.4352191324967118E-005   5.5957308590005681E-005
   1.3229999542236328        4.6026721769324398E-005   5.7612833654599871E-005
   1.3259999752044678        4.7621134379911872E-005   5.9174050123508025E-005
   1.3289999961853027        4.9128901764452452E-005   6.0635163520188782E-005
   1.3320000171661377        5.0543979726113158E-005   6.1990702083515194E-005
   1.3350000381469727        5.1860631083271830E-005   6.3235509072278337E-005
   1.3380000591278076        5.3073572108697600E-005   6.4364767934678191E-005
   1.3409999608993530        5.4177783599112111E-005   6.5373976989794674E-005
   1.3439999818801880        5.5168878015559087E-005   6.6259065923876469E-005
   1.3470000028610229        5.6042667554991926E-005   6.7016246841923065E-005
   1.3500000238418579        5.6795466219347959E-005   6.7642153695692797E-005
   1.3530000448226929        5.7423935479635476E-005   6.8133716419858530E-005
   1.3559999465942383        5.7925217951225209E-005   6.8488298284862399E-005
   1.3589999675750732        5.8296839162894215E-005   6.8703673231138571E-005
   1.3619999885559082        5.8536768735018658E-005   6.8777911402534005E-005
   1.3650000095367432        5.8643306106488011E-005   6.8709552661300562E-005
   1.3680000305175781        5.8615310183897007E-005   6.8497500519496663E-005
   1.3710000514984131        5.8451913362883054E-005   6.8141051333654623E-005
   1.3739999532699585        5.8152745791745656E-005   6.7639921858857473E-005
   1.3769999742507935        5.7717791071849075E-005   6.6994142978760073E-005
   1.3799999952316284        5.7147485601532570E-005   6.6204193309382572E-005
   1.3830000162124634        5.6442606073314554E-005   6.5271000244804955E-005
   1.3860000371932983        5.5604361000814784E-005   6.4195724773159801E-005
   1.3890000581741333        5.4634325586852156E-005   6.2980043112604480E-005
   1.3919999599456787        5.3534500202409616E-005   6.1626041897789433E-005
   1.3949999809265137        5.2307112097955578E-005   6.0135950919820201E-005
   1.3980000019073486        5.0954886483608410E-005   5.8512581052484331E-005
   1.4010000228881836        4.9480812886657686E-005   5.6759024586362815E-005
   1.4040000438690186        4.7888280950425372E-005   5.4878700052086712E-005
   1.4069999456405640        4.6181034562508709E-005   5.2875520736804044E-005
   1.4099999666213989        4.4362903081474788E-005   5.0753401425606250E-005
   1.4129999876022339        4.2438272099016302E-005   4.8516855431328204E-005
   1.4160000085830688        4.0411685444588773E-005   4.6170622683338750E-005
   1.4190000295639038        3.8288017305609897E-005   4.3719729647348996E-005
   1.4220000505447388        3.6072354675163922E-005   4.1169492295438537E-005
   1.4249999523162842        3.3770141637810960E-005   3.8525571165982479E-005
   1.4279999732971191        3.1386762253600518E-005   3.5793606965100110E-005
   1.4309999942779541        2.8928086094842747E-005   3.2979759066840054E-005
   1.4340000152587891        2.6400080984125010E-005   3.0090314838929736E-005
   1.4370000362396240        2.3808908173989282E-005   2.7131774007489600E-005
   1.4400000572204590        2.1160876983395626E-005   2.4110827346508179E-005
   1.4429999589920044        1.8462547012607940E-005   2.1034452548590787E-005
   1.4459999799728394        1.5720291098927547E-005   1.7909421436861687E-005
   1.4490000009536743        1.2940897476625150E-005   1.4743015619133473E-005
   1.4520000219345093        1.0131147747805205E-005   1.1542499854584933E-005
   1.4550000429153442        7.2978890533793166E-006   8.3152540981998252E-006
   1.4579999446868896        4.4481446233061334E-006   5.0688653954154737E-006
   1.4609999656677246        1.5886228936824835E-006   1.8105992570633282E-006
   1.4639999866485596        1.2736038043291322E-006   1.4518466938856736E-006
   1.4670000076293945        4.1315786228285263E-006   4.7108784736292830E-006
   1.4700000286102295        6.9783632802500210E-006   7.9588952918087395E-006
   1.4730000495910645        9.8070550882546276E-006   1.1188306616371184E-005
   1.4759999513626099        1.2610696183838965E-005   1.4391430832602028E-005
   1.4789999723434448        1.5382733704877198E-005   1.7561018428988926E-005
   1.4819999933242798        1.8116367811592741E-005   2.0689498310997491E-005
   1.4850000143051147        2.0805011199948346E-005   2.3769532490761461E-005
   1.4880000352859497        2.3442213044294436E-005   2.6793873581446330E-005
   1.4910000562667847        2.6021652304697379E-005   2.9755419346706549E-005
   1.4939999580383301        2.8537064050238276E-005   3.2647072271495125E-005
   1.4969999790191650        3.0982661828376305E-005   3.5462279220008470E-005
   1.5000000000000000        3.3352527287195394E-005   3.8194282662996153E-005
   1.5030000209808350        3.5641053717866350E-005   4.0836662491638750E-005
   1.5060000419616699        3.7842843433962132E-005   4.3383199694984623E-005
   1.5089999437332153        3.9952660808526055E-005   4.5827815169635969E-005
   1.5119999647140503        4.1965745582380444E-005   4.8164958773166208E-005
   1.5149999856948853        4.3877326567274809E-005   5.0389070684250948E-005
   1.5180000066757202        4.5683007863733241E-005   5.2494943353197251E-005
   1.5210000276565552        4.7378652014135831E-005   5.4477654522874437E-005
   1.5240000486373901        4.8960421655671295E-005   5.6332595180775245E-005
   1.5269999504089355        5.0424690109373934E-005   5.8055389986375881E-005
   1.5299999713897705        5.1768339336528335E-005   5.9642238940041509E-005
   1.5329999923706055        5.2988360161007471E-005   6.1089384969878496E-005
   1.5360000133514404        5.4082143985786369E-005   6.2393573464791750E-005
   1.5390000343322754        5.5064159171187590E-005   6.3551860074803696E-005
   1.5420000553131104        5.5899270848656587E-005   6.4561675396131337E-005
   1.5449999570846558        5.6602213700428045E-005   6.5420767775365332E-005
   1.5479999780654907        5.7171755804782060E-005   6.6127394099080165E-005
   1.5509999990463257        5.7606930287599379E-005   6.6680060942661608E-005
   1.5540000200271606        5.7907113409213843E-005   6.7077718176269385E-005
   1.5570000410079956        5.8072041501181522E-005   6.7319704292904037E-005
   1.5599999427795410        5.8101812948214298E-005   6.7405717427020389E-005
   1.5629999637603760        5.7996859358196615E-005   6.7335888326522657E-005
   1.5659999847412109        5.7757929955005325E-005   6.7110729027335258E-005
   1.5690000057220459        5.7386157876331178E-005   6.6731135630592446E-005
   1.5720000267028809        5.6882969466902761E-005   6.6198384162444428E-005
   1.5750000476837158        5.6250146243211041E-005   6.5514149656933530E-005
   1.5779999494552612        5.5489838402805409E-005   6.4680545369336331E-005
   1.5809999704360962        5.4604396782389681E-005   6.3699937155433430E-005
   1.5839999914169312        5.3596601258132759E-005   6.2575173462228783E-005
   1.5870000123977661        5.2469510658405836E-005   6.1309423002227597E-005
   1.5900000333786011        5.1226442128127024E-005   5.9906216976646914E-005
   1.5930000543594360        4.9871058037897517E-005   5.8369463033861514E-005
   1.5959999561309814        4.8407329036021722E-005   5.6703427417496079E-005
   1.5989999771118164        4.6839325468236187E-005   5.4912560429073319E-005
   1.6019999980926514        4.5171534910698145E-005   5.3001767166372458E-005
   1.6050000190734863        4.3408664403569849E-005   5.0976249100223455E-005
   1.6080000400543213        4.1555619416901944E-005   4.8841454837085037E-005
   1.6109999418258667        3.9617623063710750E-005   4.6603227608341802E-005
   1.6139999628067017        3.7599872280023687E-005   4.4267385405879840E-005
   1.6169999837875366        3.5507971372554127E-005   4.1840278095257996E-005
   1.6200000047683716        3.3347636966034060E-005   3.9328381388850250E-005
   1.6230000257492065        3.1124741803886216E-005   3.6738387482816198E-005
   1.6260000467300415        2.8845303233831290E-005   3.4077187006332788E-005
   1.6289999485015869        2.6515559198568448E-005   3.1351955895804533E-005
   1.6319999694824219        2.4141587127309584E-005   2.8569708150555848E-005
   1.6349999904632568        2.1729824963293927E-005   2.5737897761641565E-005
   1.6380000114440918        1.9286710000578419E-005   2.2864018193704579E-005
   1.6410000324249268        1.6818723850317956E-005   1.9955644631803691E-005
   1.6440000534057617        1.4332407799144411E-005   1.7020439904082595E-005
   1.6469999551773071        1.1834411595104540E-005   1.4066233812758233E-005
   1.6499999761581421        9.3311058483271236E-006   1.1100544662780530E-005
   1.6529999971389771        6.8291425195340239E-006   8.1312622366358035E-006
   1.6560000181198120        4.3350473766338033E-006   5.1661449781865174E-006
   1.6590000391006470        1.8552993641656520E-006   2.2129324007319748E-006
   1.6619999408721924        6.0358888492571717E-007   7.2057150064234224E-007
   1.6649999618530273        3.0354783272221507E-006   3.6269799618287826E-006
   1.6679999828338623        5.4340360553131447E-006   6.4986451648519803E-006
   1.6710000038146973        7.7931394622146172E-006   9.3281486894781929E-006
   1.6740000247955322        1.0106802768868547E-005   1.2108201714540214E-005
   1.6770000457763672        1.2369184752601731E-005   1.4831667359092114E-005
   1.6799999475479126        1.4574520415089486E-005   1.7491473081227667E-005
   1.6829999685287476        1.6717492440506218E-005   2.0081056617220867E-005
   1.6859999895095825        1.8792709586784546E-005   2.2593746024124019E-005
   1.6890000104904175        2.0795077461698382E-005   2.5023200365572106E-005
   1.6920000314712524        2.2719722849847244E-005   2.7363334556452869E-005
   1.6950000524520874        2.4562013060766874E-005   2.9608303974301488E-005
   1.6979999542236328        2.6317490850011714E-005   3.1752483844315094E-005
   1.7009999752044678        2.7982174528676719E-005   3.3790779750372615E-005
   1.7039999961853027        2.9552131317670528E-005   3.5718168503466686E-005
   1.7070000171661377        3.1023786855473828E-005   3.7530017316387183E-005
   1.7100000381469727        3.2393862150212821E-005   3.9222029314890452E-005
   1.7130000591278076        3.3659366712709214E-005   4.0790275414839990E-005
   1.7159999608993530        3.4817588621749950E-005   4.2231118085890847E-005
   1.7189999818801880        3.5866251414219384E-005   4.3541462348517973E-005
   1.7220000028610229        3.6803261294114038E-005   4.4718409683056943E-005
   1.7250000238418579        3.7626908136779943E-005   4.5759516552758053E-005
   1.7280000448226929        3.8335798484341429E-005   4.6662727606267908E-005
   1.7309999465942383        3.8928864379209387E-005   4.7426368943022566E-005
   1.7339999675750732        3.9405432938827691E-005   4.8049239096726528E-005
   1.7369999885559082        3.9765087855923331E-005   4.8530472104819293E-005
   1.7400000095367432        4.0007791536278882E-005   4.8869630581528734E-005
   1.7430000305175781        4.0133825231621485E-005   4.9066695027735689E-005
   1.7460000514984131        4.0143818498749706E-005   4.9122042570666456E-005
   1.7489999532699585        4.0038731222773363E-005   4.9036482714838814E-005
   1.7519999742507935        3.9819842077825044E-005   4.8811205317177719E-005
   1.7549999952316284        3.9488749882491604E-005   4.8447816060650965E-005
   1.7580000162124634        3.9047389367286969E-005   4.7948313836301872E-005
   1.7610000371932983        3.8497985791030295E-005   4.7315093320987714E-005
   1.7640000581741333        3.7843090313043607E-005   4.6550928851172978E-005
   1.7669999599456787        3.7085560087664583E-005   4.5658992292958667E-005
   1.7699999809265137        3.6228465333422524E-005   4.4642743099129218E-005
   1.7730000019073486        3.5275219944642608E-005   4.3506083061286270E-005
   1.7760000228881836        3.4229494365158755E-005   4.2253206271132848E-005
   1.7790000438690186        3.3095200658514484E-005   4.0888665042693630E-005
   1.7819999456405640        3.1876548052187628E-005   3.9417362295216775E-005
   1.7849999666213989        3.0577822928996955E-005   3.7844343028570391E-005
   1.7879999876022339        2.9203670995932690E-005   3.6175099575711776E-005
   1.7910000085830688        2.7758888161414003E-005   3.4415332708945702E-005
   1.7940000295639038        2.6248462107058829E-005   3.2570995678086632E-005
   1.7970000505447388        2.4677534812190621E-005   3.0648275370728182E-005
   1.7999999523162842        2.3051483430730777E-005   2.8653643965916973E-005
   1.8029999732971191        2.1375611489362178E-005   2.6593529598009853E-005
   1.8059999942779541        1.9655540837170263E-005   2.4474771485851504E-005
   1.8090000152587891        1.7896927449914183E-005   2.2304274173981230E-005
   1.8120000362396240        1.6105513606375490E-005   2.0089071333577310E-005
   1.8150000572204590        1.4287108156908260E-005   1.7836308604752098E-005
   1.8179999589920044        1.2447634761457726E-005   1.5553302044286160E-005
   1.8209999799728394        1.0592827652256388E-005   1.3247154233519164E-005
   1.8240000009536743        8.7286538879250532E-006   1.0925279172524976E-005
   1.8270000219345093        6.8609960278595615E-006   8.5950177908039234E-006
   1.8300000429153442        4.9957105678382968E-006   6.2637003228609124E-006
   1.8329999446868896        3.1386831484802914E-006   3.9387188361832778E-006
   1.8359999656677246        1.2955141161025747E-006   1.6271339607669045E-006
   1.8389999866485596        5.2805452021516845E-007   6.6379388880919880E-007
   1.8420000076293945        2.3264546543851668E-006   2.9269964101262104E-006
   1.8450000286102295        4.0942337214096611E-006   5.1555284138031885E-006
   1.8480000495910645        5.8260729084635383E-006   7.3425880762690703E-006
   1.8509999513626099        7.5167361317088508E-006   9.4814550574058072E-006
   1.8539999723434448        9.1613557004955243E-006   1.1565852613842852E-005
   1.8569999933242798        1.0755039863097174E-005   1.3589453756710198E-005
   1.8600000143051147        1.2293163155653464E-005   1.5546242854931077E-005
   1.8630000352859497        1.3771310703993713E-005   1.7430453616698319E-005
   1.8660000562667847        1.5185288526716217E-005   1.9236582227920807E-005
   1.8689999580383301        1.6531090854506506E-005   2.0959340605406056E-005
   1.8719999790191650        1.7805117996570529E-005   2.2593947359670196E-005
   1.8750000000000000        1.9003870221363442E-005   2.4135718024834988E-005
   1.8780000209808350        2.0124170567899376E-005   2.5580372855257187E-005
   1.8810000419616699        2.1163119283256501E-005   2.6923976487978916E-005
   1.8839999437332153        2.2118078561746068E-005   2.8162898378137902E-005
   1.8869999647140503        2.2986802215381763E-005   2.9294011182840533E-005
   1.8899999856948853        2.3767246540271516E-005   3.0314424699792886E-005
   1.8930000066757202        2.4457707962083366E-005   3.1221677965627836E-005
   1.8960000276565552        2.5056790634841141E-005   3.2013701012116004E-005
   1.8990000486373901        2.5563422206517695E-005   3.2688819507353812E-005
   1.9019999504089355        2.5976826233524228E-005   3.3245747178694232E-005
   1.9049999713897705        2.6296601216441026E-005   3.3683654344218684E-005
   1.9079999923706055        2.6522603841983602E-005   3.4002062584003725E-005
   1.9110000133514404        2.6655033434608297E-005   3.4200923863389847E-005
   1.9140000343322754        2.6694402968949318E-005   3.4280585589756838E-005
   1.9170000553131104        2.6641539937967412E-005   3.4241806622373800E-005
   1.9199999570846558        2.6497590263171251E-005   3.4085761726277333E-005
   1.9229999780654907        2.6263975362486882E-005   3.3813981778767865E-005
   1.9259999990463257        2.5942444278494470E-005   3.3428422140962444E-005
   1.9290000200271606        2.5535016722435989E-005   3.2931409882847695E-005
   1.9320000410079956        2.5044002887993172E-005   3.2325636542022400E-005
   1.9349999427795410        2.4472010268327969E-005   3.1614191704371364E-005
   1.9379999637603760        2.3821833043196749E-005   3.0800429203531484E-005
   1.9409999847412109        2.3096590451201008E-005   2.9888121486012902E-005
   1.9440000057220459        2.2299613612102587E-005   2.8881336880116258E-005
   1.9470000267028809        2.1434465727997402E-005   2.7784451037138797E-005
   1.9500000476837158        2.0504920923010351E-005   2.6602133343395069E-005
   1.9529999494552612        1.9514989329309346E-005   2.5339375339956960E-005
   1.9559999704360962        1.8468746252871147E-005   2.4001279999510708E-005
   1.9589999914169312        1.7370557363613763E-005   2.2593324782233156E-005
   1.9620000123977661        1.6224897978106179E-005   2.1121160830735679E-005
   1.9650000333786011        1.5036375982561677E-005   1.9590636889649862E-005
   1.9680000543594360        1.3809722771144287E-005   1.8007772336445035E-005
   1.9709999561309814        1.2549818866416546E-005   1.6378804393626223E-005
   1.9739999771118164        1.1261475477279017E-005   1.4709904614114583E-005
   1.9769999980926514        9.9497176728215300E-006   1.3007544149519681E-005
   1.9800000190734863        8.6195685924640885E-006   1.1278210291896099E-005
   1.9830000400543213        7.2760789904367538E-006   9.5284525746075348E-006
   1.9859999418258667        5.9243627177635305E-006   7.7649204286548759E-006
   1.9889999628067017        4.5693621758415386E-006   5.9940653227019626E-006
   1.9919999837875366        3.2161524411502818E-006   4.2225345979731509E-006
   1.9950000047683716        1.8697102754240541E-006   2.4568679453752214E-006
   1.9980000257492065        5.3494723737620078E-007   7.0354111373275685E-007
   2.0009999275207520        7.8325523417334509E-007   1.0309869325295167E-006
   2.0039999485015869        2.0802718263248684E-006   2.7405733425558719E-006
   2.0069999694824219        3.3514367475495704E-006   4.4190006242819435E-006
   2.0099999904632568        4.5922700560466138E-006   6.0602759698049420E-006
   2.0130000114440918        5.7984411040960767E-006   7.6585834111631791E-006
   2.0160000324249268        6.9657849018969016E-006   9.2083041497337687E-006
   2.0190000534057617        8.0903147799309661E-006   1.0704039010390129E-005
   2.0220000743865967        9.1682403794192497E-006   1.2140628979760234E-005
   2.0250000953674316        1.0195975262313382E-005   1.3513168953388409E-005
   2.0280001163482666        1.1170155747049155E-005   1.4817030257292005E-005
   2.0309998989105225        1.2087577008311285E-005   1.6047780861749932E-005
   2.0339999198913574        1.2945493800208431E-005   1.7201582607057118E-005
   2.0369999408721924        1.3741191731171346E-005   1.8274630608609210E-005
   2.0399999618530273        1.4472290136862001E-005   1.9263547601992084E-005
   2.0429999828338623        1.5136681410281557E-005   2.0165301578790502E-005
   2.0460000038146973        1.5732530197522873E-005   2.0977227357691243E-005
   2.0490000247955322        1.6258279800133091E-005   2.1697009909916484E-005
   2.0520000457763672        1.6712665611845919E-005   2.2322718131700228E-005
   2.0550000667572021        1.7094701570366945E-005   2.2852802105949634E-005
   2.0580000877380371        1.7403704891213920E-005   2.3286089006347381E-005
   2.0610001087188721        1.7639275643410361E-005   2.3621794007466682E-005
   2.0639998912811279        1.7801298589109331E-005   2.3859506967082423E-005
   2.0669999122619629        1.7889988058389461E-005   2.3999264694248340E-005
   2.0699999332427979        1.7905799509524908E-005   2.4041422620768916E-005
   2.0729999542236328        1.7849495950939941E-005   2.3986748271429519E-005
   2.0759999752044678        1.7722117487864453E-005   2.3836387794063653E-005
   2.0789999961853027        1.7524976322431430E-005   2.3591856421959817E-005
   2.0820000171661377        1.7259660143524143E-005   2.3255046543441881E-005
   2.0850000381469727        1.6928008109314264E-005   2.2828199148704942E-005
   2.0880000591278076        1.6532117230875442E-005   2.2313902212181203E-005
   2.0910000801086426        1.6074321329397710E-005   2.1715080679405344E-005
   2.0940001010894775        1.5557190592047160E-005   2.1034987560208081E-005
   2.0969998836517334        1.4983554304018589E-005   2.0277230912402232E-005
   2.0999999046325684        1.4356315474691414E-005   1.9445543179622721E-005
   2.1029999256134033        1.3678701070699934E-005   1.8544102693384938E-005
   2.1059999465942383        1.2954074488940257E-005   1.7577279982664506E-005
   2.1089999675750732        1.2185964269187133E-005   1.6549699272296816E-005
   2.1119999885559082        1.1378045496575083E-005   1.5466189839695983E-005
   2.1150000095367432        1.0534126522154762E-005   1.4331784591032374E-005
   2.1180000305175781        9.6581331522039349E-006   1.3151688076326671E-005
   2.1210000514984131        8.7540875718357874E-006   1.1931262314185211E-005
   2.1240000724792480        7.8260960949516211E-006   1.0675996135803800E-005
   2.1270000934600830        6.8783263342251963E-006   9.3914893720385559E-006
   2.1300001144409180        5.9149967285458705E-006   8.0834202382117950E-006
   2.1329998970031738        4.9404274135740194E-006   6.7576355228256795E-006
   2.1359999179840088        3.9587184270850971E-006   5.4196981947835834E-006
   2.1389999389648438        2.9741932993315564E-006   4.0754973356405148E-006
   2.1419999599456787        1.9910738815014057E-006   2.7308028535785369E-006
   2.1449999809265137        1.0135383861566238E-006   1.3913466489867052E-006
   2.1480000019073486        4.5703954603802270E-008   6.2797423129294963E-008
   2.1510000228881836        9.0838975540421223E-007   1.2492628812053955E-006
   2.1540000438690186        1.8447981132826542E-006   2.5393622310144543E-006
   2.1570000648498535        2.7596871891955588E-006   3.8021618108848665E-006
   2.1600000858306885        3.6493503201367115E-006   5.0324789805563694E-006
   2.1630001068115234        4.5102225537686794E-006   6.2253060359935420E-006
   2.1659998893737793        5.3388314390351788E-006   7.3757469981747081E-006
   2.1689999103546143        6.1320706731483535E-006   8.4793931651206227E-006
   2.1719999313354492        6.8868180245209626E-006   9.5317961310682603E-006
   2.1749999523162842        7.6002153292110752E-006   1.0528860479015494E-005
   2.1779999732971191        8.2696106159397861E-006   1.1466755993629841E-005
   2.1809999942779541        8.8925683762418091E-006   1.2341942855275216E-005
   2.1840000152587891        9.4668806402152531E-006   1.3151182005508551E-005
   2.1870000362396240        9.9905721897322739E-006   1.3891548573789372E-005
   2.1900000572204590        1.0461912594272708E-005   1.4560442129282094E-005
   2.1930000782012939        1.0879417756247852E-005   1.5155597927396468E-005
   2.1960000991821289        1.1241856179037952E-005   1.5675097265455254E-005
   2.1989998817443848        1.1548234650493084E-005   1.6117341307945317E-005
   2.2019999027252197        1.1797885992858392E-005   1.6481186273020321E-005
   2.2049999237060547        1.1990332466680921E-005   1.6765741389938881E-005
   2.2079999446868896        1.2125383631186769E-005   1.6970517491297527E-005
   2.2109999656677246        1.2203107054528643E-005   1.7095389348439572E-005
   2.2139999866485596        1.2223833572086046E-005   1.7140591287972861E-005
   2.2170000076293945        1.2188146237354848E-005   1.7106719864105308E-005
   2.2200000286102295        1.2096880614283086E-005   1.6994721593481924E-005
   2.2230000495910645        1.1951118926927467E-005   1.6805895558640388E-005
   2.2260000705718994        1.1752180036520575E-005   1.6541880855946475E-005
   2.2290000915527344        1.1501618118859418E-005   1.6204650375227401E-005
   2.2320001125335693        1.1201207565876870E-005   1.5796493049225375E-005
   2.2349998950958252        1.0852966511563763E-005   1.5320056810885951E-005
   2.2379999160766602        1.0459031834673238E-005   1.4778161312951540E-005
   2.2409999370574951        1.0021810593918954E-005   1.4174020176285761E-005
   2.2439999580383301        9.5438660500563917E-006   1.3511079452421969E-005
   2.2469999790191650        9.0279258938291108E-006   1.2793032576200373E-005
   2.2500000000000000        8.4768682408052099E-006   1.2023800429426458E-005
   2.2530000209808350        7.8937112852949255E-006   1.1207514019288088E-005
   2.2560000419616699        7.2815947874825696E-006   1.0348497566342242E-005
   2.2590000629425049        6.6437664099433137E-006   9.4512409443414438E-006
   2.2620000839233398        5.9835616084357208E-006   8.5203796076812313E-006
   2.2650001049041748        5.3043938017503419E-006   7.5606756152821878E-006
   2.2679998874664307        4.6097882401086023E-006   6.5770704436343757E-006
   2.2709999084472656        3.9031453401290756E-006   5.5743458300403168E-006
   2.2739999294281006        3.1880537186381144E-006   4.5575720926416302E-006
   2.2769999504089355        2.4680556123158688E-006   3.5317716141135307E-006
   2.2799999713897705        1.7466821913468556E-006   2.5019711316418273E-006
   2.2829999923706055        1.0274378928022911E-006   1.4731798957933107E-006
   2.2860000133514404        3.1378349677761312E-007   4.5036347029533085E-007
   2.2890000343322754        3.9088031194397802E-007   5.6157889694699358E-007
   2.2920000553131104        1.0832290005314857E-006   1.5578377002731424E-006
   2.2950000762939453        1.7600299245334897E-006   2.5337162947665898E-006
   2.2980000972747803        2.4181569102353606E-006   3.4846527898597601E-006
   2.3010001182556152        3.0546054168907870E-006   4.4062425130800402E-006
   2.3039999008178711        3.6664586946580796E-006   5.2941872036273799E-006
   2.3069999217987061        4.2510928580144461E-006   6.1445977752390984E-006
   2.3099999427795410        4.8058976919342369E-006   6.9535856463560491E-006
   2.3129999637603760        5.3284844629181613E-006   7.7175705970696079E-006
   2.3159999847412109        5.8166481669733509E-006   8.4332191439242312E-006
   2.3190000057220459        6.2683747226331364E-006   9.0974642834520071E-006
   2.3220000267028809        6.6818525837103836E-006   9.7075186269874780E-006
   2.3250000476837158        7.0554774575050768E-006   1.0260885442654808E-005
   2.3280000686645508        7.3878607715973625E-006   1.0755369518453892E-005
   2.3310000896453857        7.6778336666414330E-006   1.1189088228044331E-005
   2.3340001106262207        7.9244538905971459E-006   1.1560479268541248E-005
   2.3369998931884766        8.1269905739495839E-006   1.1868282530928122E-005
   2.3399999141693115        8.2849912550173765E-006   1.2111642006496401E-005
   2.3429999351501465        8.3981828330752227E-006   1.2289954787088166E-005
   2.3459999561309814        8.4665400243671309E-006   1.2402982566300017E-005
   2.3489999771118164        8.4902676195163032E-006   1.2450818603433992E-005
   2.3519999980926514        8.4697962563963095E-006   1.2433889981234653E-005
   2.3550000190734863        8.4057780685728701E-006   1.2352950514187143E-005
   2.3580000400543213        8.2990820471285191E-006   1.2209074993727915E-005
   2.3610000610351562        8.1507895974091561E-006   1.2003655348680312E-005
   2.3640000820159912        7.9621852080929783E-006   1.1738388677671640E-005
   2.3670001029968262        7.7347509486865342E-006   1.1415267794798166E-005
   2.3699998855590820        7.4701765658412626E-006   1.1036601861113067E-005
   2.3729999065399170        7.1702637328148626E-006   1.0604877955281501E-005
   2.3759999275207520        6.8370436697831606E-006   1.0122926883791691E-005
   2.3789999485015869        6.4726799842172116E-006   9.5937936388668674E-006
   2.3819999694824219        6.0794795191417238E-006   9.0207434288214520E-006
   2.3849999904632568        5.6598773305926778E-006   8.4072483462389349E-006
   2.3880000114440918        5.2164227357771245E-006   7.7569658033431840E-006
   2.3910000324249268        4.7517667327231713E-006   7.0737160773437949E-006
   2.3940000534057617        4.2686444412810310E-006   6.3614660978235872E-006
   2.3970000743865967        3.7698635269699405E-006   5.6243042323289518E-006
   2.4000000953674316        3.2582855293913078E-006   4.8664195584593177E-006
   2.4030001163482666        2.7368117218168941E-006   4.0920775195908796E-006
   2.4059998989105225        2.2084097852957184E-006   3.3056611466007304E-006
   2.4089999198913574        1.6759285961844591E-006   2.5113960713063376E-006
   2.4119999408721924        1.1423354594543538E-006   1.7137035664028025E-006
   2.4149999618530273        6.1053203183531727E-007   9.1692558774679139E-007
   2.4179999828338623        8.3381242588707686E-008   1.2536575755982372E-007
   2.4210000038146973        4.3630813548751450E-007   6.5673487197564777E-007
   2.4240000247955322        9.4579636496821928E-007   1.4252200017787099E-006
   2.4270000457763672        1.4424268844639221E-006   2.1760398717243062E-006
   2.4300000667572021        1.9236403933113104E-006   2.9052734681694229E-006
   2.4330000877380371        2.3869879197769389E-006   3.6091484161241316E-006
   2.4360001087188721        2.8301431275970452E-006   4.2840603945443147E-006
   2.4389998912811279        3.2508823116021671E-006   4.9265444413592097E-006
   2.4419999122619629        3.6472264282464452E-006   5.5334910661383095E-006
   2.4449999332427979        4.0172515931826285E-006   6.1018582880876377E-006
   2.4479999542236328        4.3592325593132749E-006   6.6288945359493583E-006
   2.4509999752044678        4.6716183387025051E-006   7.1120966528531233E-006
   2.4539999961853027        4.9530376331317893E-006   7.5492279033428838E-006
   2.4570000171661377        5.2023065529667790E-006   7.9383229950142924E-006
   2.4600000381469727        5.4184333618079566E-006   8.2777022712040806E-006
   2.4630000591278076        5.6006221513201808E-006   8.5659760525957214E-006
   2.4660000801086426        5.7482750938965232E-006   8.8020546545189153E-006
   2.4690001010894775        5.8609972795541479E-006   8.9851474279058492E-006
   2.4719998836517334        5.9385881203921257E-006   9.1147630014946828E-006
   2.4749999046325684        5.9810656426901217E-006   9.1907433895838790E-006
   2.4779999256134033        5.9886285310201102E-006   9.2132033344838970E-006
   2.4809999465942383        5.9616786184690540E-006   9.1825725146194352E-006
   2.4839999675750732        5.9008101479672667E-006   9.0995791599552969E-006
   2.4869999885559082        5.8068054700487075E-006   8.9652438713127955E-006
   2.4900000095367432        5.6806288853189028E-006   8.7808754456950293E-006
   2.4930000305175781        5.5234193450446841E-006   8.5480546778605382E-006
   2.4960000514984131        5.3364832527979511E-006   8.2686314088321111E-006
   2.4990000724792480        5.1212841598187304E-006   7.9447066192228551E-006
   2.5020000934600830        4.8794344602068178E-006   7.5786238040630363E-006
   2.5050001144409180        4.6126842179804412E-006   7.1729495696727679E-006
   2.5079998970031738        4.3229342886520506E-006   6.7304969751237523E-006
   2.5109999179840088        4.0121291710919532E-006   6.2541646511149288E-006
   2.5139999389648438        3.6823848016086909E-006   5.7471257236081652E-006
   2.5169999599456787        3.3358830703283505E-006   5.2126778197669513E-006
   2.5199999809265137        2.9748822806471740E-006   4.6542498965479676E-006
   2.5230000019073486        2.6017016484896507E-006   4.0753839459895611E-006
   2.5260000228881836        2.2187080148695946E-006   3.4797152734215909E-006
   2.5290000438690186        1.8283017989779613E-006   2.8709471579399857E-006
   2.5320000648498535        1.4329015947997579E-006   2.2528319535340708E-006
   2.5350000858306885        1.0349302916903756E-006   1.6291458539055832E-006
   2.5380001068115234        6.3680074571597740E-007   1.0036682654469213E-006
   2.5409998893737793        2.4093234233020277E-007   3.8020751345674824E-007
   2.5439999103546143        1.5038842251758031E-007   2.3761858206143596E-007
   2.5469999313354492        5.3483272423238599E-007   8.4610771704264448E-007
   2.5499999523162842        9.1016900505573635E-007   1.4416925836225425E-006
   2.5529999732971191        1.2742442137509730E-006   2.0209127474096876E-006
   2.5559999942779541        1.6249964252530614E-006   2.5804346158133450E-006
   2.5590000152587891        1.9604659771002339E-006   3.1170704667747408E-006
   2.5620000362396240        2.2788070974726972E-006   3.6277973142057032E-006
   2.5650000572204590        2.5782978129455031E-006   4.1097739357485561E-006
   2.5680000782012939        2.8573494500944901E-006   4.5603577202957495E-006
   2.5710000991821289        3.1145150609169411E-006   4.9771184287589031E-006
   2.5739998817443848        3.3484800089209740E-006   5.3578238440806819E-006
   2.5769999027252197        3.5581401155648340E-006   5.7005705132584333E-006
   2.5799999237060547        3.7424975617460070E-006   6.0036112716306621E-006
   2.5829999446868896        3.9007397761775907E-006   6.2654894304108402E-006
   2.5859999656677246        4.0322246394672897E-006   6.4850148632187750E-006
   2.5889999866485596        4.1364823234931685E-006   6.6612688226803198E-006
   2.5920000076293945        4.2132181934587700E-006   6.7936083431815115E-006
   2.5950000286102295        4.2623115315643715E-006   6.8816681942357870E-006
   2.5980000495910645        4.2838159953996361E-006   6.9253625713489552E-006
   2.6010000705718994        4.2779567414754566E-006   6.9248849962314972E-006
   2.6040000915527344        4.2451287671801648E-006   6.8807003445231475E-006
   2.6070001125335693        4.1858917248570754E-006   6.7935475152393130E-006
   2.6099998950958252        4.1009736830893515E-006   6.6644394052285716E-006
   2.6129999160766602        3.9912361582171980E-006   6.4946132135210244E-006
   2.6159999370574951        3.8577067188637995E-006   6.2855823146828860E-006
   2.6189999580383301        3.7015484540560281E-006   6.0390869482432992E-006
   2.6219999790191650        3.5240541895062364E-006   5.7570926499346028E-006
   2.6250000000000000        3.3266399839986137E-006   5.4417722973851848E-006
   2.6280000209808350        3.1108328444765497E-006   5.0954945445115192E-006
   2.6310000419616699        2.8782618205593666E-006   4.7208062020223659E-006
   2.6340000629425049        2.6306454021682042E-006   4.3204155812106620E-006
   2.6370000839233398        2.3697796206574733E-006   3.8971732808731429E-006
   2.6400001049041748        2.0975274256487274E-006   3.4540534477810740E-006
   2.6429998874664307        1.8158270182303267E-006   2.9941708563734054E-006
   2.6459999084472656        1.5265895794074139E-006   2.5206133010656568E-006
   2.6489999294281006        1.2318206235003813E-006   2.0366404293124431E-006
   2.6519999504089355        9.3351790772564591E-007   1.5455162203055621E-006
   2.6549999713897705        6.3368031040700580E-007   1.0505247317608668E-006
   2.6579999923706055        3.3429494439979812E-007   5.5494768250795818E-007
   2.6610000133514404        3.7323994685779747E-008   6.2043691678820648E-008
   2.6640000343322754        2.5530766939634979E-007   4.2497332013573798E-007
   2.6670000553131104        5.4172495269806063E-007   9.0295477354800451E-007
   2.6700000762939453        8.2011439400272682E-007   1.3688377180401097E-006
   2.6730000972747803        1.0887355171044201E-006   1.8196646284295668E-006
   2.6760001182556152        1.3459318671319042E-006   2.2526021966302672E-006
   2.6789999008178711        1.5901221818963160E-006   2.6649270007507941E-006
   2.6819999217987061        1.8198868212230961E-006   3.0541730433915652E-006
   2.6849999427795410        2.0338597235125793E-006   3.4179498048781527E-006
   2.6879999637603760        2.2308151043554324E-006   3.7540898224770726E-006
   2.6909999847412109        2.4096550808489893E-006   4.0606293977182216E-006
   2.6940000057220459        2.5694151288318314E-006   4.3358183732036306E-006
   2.6970000267028809        2.7092708623515416E-006   4.5781340649493064E-006
   2.7000000476837158        2.8285398479905486E-006   4.7862858200399182E-006
   2.7030000686645508        2.9266879526561437E-006   4.9592257555250260E-006
   2.7060000896453857        3.0033288813403448E-006   5.0961530559575988E-006
   2.7090001106262207        3.0582276475218077E-006   5.1965173134973072E-006
   2.7119998931884766        3.0912975603193272E-006   5.2600179687090110E-006
   2.7149999141693115        3.1026089731689619E-006   5.2866218063792607E-006
   2.7179999351501465        3.0923717565854233E-006   5.2765317226841780E-006
   2.7209999561309814        3.0609439813817175E-006   5.2302061575117965E-006
   2.7239999771118164        3.0088258107089676E-006   5.1483479712649493E-006
   2.7269999980926514        2.9366544304101700E-006   5.0318987357772131E-006
   2.7300000190734863        2.8451970691232405E-006   4.8820310247757211E-006
   2.7330000400543213        2.7353470128576172E-006   4.7001374468400718E-006
   2.7360000610351562        2.6081140439686977E-006   4.4878207792833288E-006
   2.7390000820159912        2.4646180101536556E-006   4.2468813450055535E-006
   2.7420001029968262        2.3060786763935353E-006   3.9793030559553667E-006
   2.7449998855590820        2.1338216975501170E-006   3.6872637279863725E-006
   2.7479999065399170        1.9492121114230298E-006   3.3730218364488620E-006
   2.7509999275207520        1.7537263195687016E-006   3.0390413704179637E-006
   2.7539999485015869        1.5488873230087562E-006   2.6878819487671470E-006
   2.7569999694824219        1.3362669442855748E-006   2.3222015175080252E-006
   2.7599999904632568        1.1174739890545721E-006   1.9447383250097000E-006
   2.7630000114440918        8.9414263991432964E-007   1.5582904102616929E-006
   2.7660000324249268        6.6792084268314742E-007   1.1656955485305925E-006
   2.7690000534057617        4.4045828391462182E-007   7.6981118918304420E-007
   2.7720000743865967        2.1339482971412260E-007   3.7349375007126860E-007
   2.7750000953674316        1.1651157301897380E-008   2.0421575619276011E-008
   2.7780001163482666        2.3309410187247414E-007   4.0914089361751347E-007
   2.7809998989105225        4.4937531122397134E-007   7.8990151851084584E-007
   2.7839999198913574        6.5904197314520862E-007   1.1601112590063288E-006
   2.7869999408721924        8.6065401526688592E-007   1.5171858543361063E-006
   2.7899999618530273        1.0528630641226281E-006   1.8586870244113150E-006
   2.7929999828338623        1.2344042081542477E-006   2.1823111634787026E-006
   2.7960000038146973        1.4041038412253032E-006   2.4859025498530821E-006
   2.7990000247955322        1.5608878383215213E-006   2.7674697929037616E-006
   2.8020000457763672        1.7037885008185869E-006   3.0251980228606241E-006
   2.8050000667572021        1.8319501889583557E-006   3.2574621153471311E-006
   2.8080000877380371        1.9446343131039769E-006   3.4628356226876565E-006
   2.8110001087188721        2.0412246911462800E-006   3.6401028388671551E-006
   2.8139998912811279        2.1212239634472371E-006   3.7882520295263765E-006
   2.8169999122619629        2.1842812337561251E-006   3.9065295398861442E-006
   2.8199999332427979        2.2301542861402668E-006   3.9943702023184026E-006
   2.8229999542236328        2.2587378851454539E-006   4.0514518121221728E-006
   2.8259999752044678        2.2700555951195753E-006   4.0776836511883920E-006
   2.8289999961853027        2.2642589610187450E-006   4.0732011771741938E-006
   2.8320000171661377        2.2416248058511677E-006   4.0383698036156303E-006
   2.8350000381469727        2.2025520177738017E-006   3.9737757182137574E-006
   2.8380000591278076        2.1475572519311387E-006   3.8802223829117732E-006
   2.8410000801086426        2.0772707965745293E-006   3.7587226494534938E-006
   2.8440001010894775        1.9924298904748873E-006   3.6104897630081885E-006
   2.8469998836517334        1.8938807122174587E-006   3.4369421887301151E-006
   2.8499999046325684        1.7825389959459012E-006   3.2396333457623631E-006
   2.8529999256134033        1.6594290704581975E-006   3.0203227909227382E-006
   2.8559999465942383        1.5256451625312158E-006   2.7809087250843417E-006
   2.8589999675750732        1.3823492831892278E-006   2.5234234451504120E-006
   2.8619999885559082        1.2307624842458824E-006   2.2500200121875973E-006
   2.8650000095367432        1.0721543574715147E-006   1.9629530069330674E-006
   2.8680000305175781        9.0783320020762086E-007   1.6645612063280645E-006
   2.8710000514984131        7.3913589747248390E-007   1.3572498643229329E-006
   2.8740000724792480        5.6741697025480001E-007   1.0434706179980853E-006
   2.8770000934600830        3.9403832297365696E-007   7.2570399166940915E-007
   2.8800001144409180        2.2035875950778423E-007   4.0643883272118395E-007
   2.8829998970031738        4.7737069225009457E-008   8.8178982308695254E-008
   2.8859999179840088        1.2253293020868482E-007   2.2667694393349891E-007
   2.8889999389648438        2.8914992711307251E-007   5.3570234477048684E-007
   2.8919999599456787        4.5086982007262349E-007   8.3656223952647681E-007
   2.8949999809265137        6.0650112374048561E-007   1.1270057009269038E-006
   2.8980000019073486        7.5491376312474320E-007   1.4048823731658181E-006
   2.9010000228881836        8.9504733154832462E-007   1.6681592319837227E-006
   2.9040000438690186        1.0259185808305320E-006   1.9149350748973726E-006
   2.9070000648498535        1.1466282435325786E-006   2.1434542472028339E-006
   2.9100000858306885        1.2563677022970162E-006   2.3521206993466069E-006
   2.9130001068115234        1.3544239403834680E-006   2.5395076084559693E-006
   2.9159998893737793        1.4401782066675066E-006   2.7043565618022374E-006
   2.9189999103546143        1.5131360816558954E-006   2.8456368598758235E-006
   2.9219999313354492        1.5728895065883032E-006   2.9624724482272551E-006
   2.9249999523162842        1.6191472126060934E-006   3.0542033540451608E-006
   2.9279999732971191        1.6517286181749943E-006   3.1203745587180096E-006
   2.9309999942779541        1.6705642127153504E-006   3.1607387244905587E-006
   2.9340000152587891        1.6756948720404669E-006   3.1752556484618146E-006
   2.9370000362396240        1.6672709515830480E-006   3.1640927866089479E-006
   2.9400000572204590        1.6455490049819999E-006   3.1276216674057761E-006
   2.9430000782012939        1.6108900661040174E-006   3.0664129763220094E-006
   2.9460000991821289        1.5637543424771840E-006   2.9812314099311991E-006
   2.9489998817443848        1.5047026442559257E-006   2.8730376239914864E-006
   2.9519999027252197        1.4343706646722679E-006   2.7429422868664087E-006
   2.9549999237060547        1.3534913355074484E-006   2.5922484630807342E-006
   2.9579999446868896        1.2628707362163275E-006   2.4224065579964549E-006
   2.9609999656677246        1.1633835381306512E-006   2.2350092404013545E-006
   2.9639999866485596        1.0559670566481755E-006   2.0317779260134699E-006
   2.9670000076293945        9.4161143153481933E-007   1.8145479136980263E-006
   2.9700000286102295        8.2135201894172953E-007   1.5852519316318916E-006
   2.9730000495910645        6.9625996917903572E-007   1.3459037385971861E-006
   2.9760000705718994        5.6743344218054956E-007   1.0985820941004672E-006
   2.9790000915527344        4.3598775309611365E-007   8.4541201418854630E-007
   2.9820001125335693        3.0304657776236997E-007   5.8854758122121141E-007
   2.9849998950958252        1.6974287737668092E-007   3.3017441935164900E-007
   2.9879999160766602        3.7167324329915139E-008   7.2409327060211686E-008
   2.9909999370574951        9.3577186116087365E-008   1.8259390243137468E-007
   2.9939999580383301        2.2142684584838074E-007   4.3274435238768254E-007
   2.9969999790191650        3.4535486493580276E-007   6.7601038619355767E-007
   3.0000000000000000        4.6437964689907774E-007   9.1043643176646308E-007
