   2.14176462E-03   359933.188       231447.953       3093.59912       1231.77148    
   4.28352924E-03   357673.031       229093.766       3757.89868       1508.42407    
   6.42529363E-03   355423.781       226729.859       4417.86377       1784.69666    
   8.56705848E-03   353185.500       224356.391       5073.50977       2060.56616    
   1.07088229E-02   350958.156       221973.500       5724.84961       2336.01050    
   1.28505873E-02   348741.781       219581.312       6371.89893       2611.00659    
   1.49923526E-02   346536.406       217179.969       7014.67139       2885.53271    
   1.71341170E-02   344342.031       214769.641       7653.18213       3159.56714    
   1.92758814E-02   342158.656       212350.438       8287.44434       3433.08789    
   2.14176457E-02   339986.312       209922.500       8917.47168       3706.07349    
   2.35594101E-02   337825.000       207486.000       9543.28027       3978.50244    
   2.57011745E-02   335674.750       205041.000       10164.8828       4250.35498    
   2.78429408E-02   333535.562       202587.719       10782.2949       4521.60840    
   2.99847052E-02   331407.406       200126.234       11395.5283       4792.24316    
   3.21264714E-02   329290.344       197656.688       12004.6006       5062.23975    
   3.42682339E-02   327184.375       195179.219       12609.5225       5331.57568    
   3.64099964E-02   325089.469       192693.938       13210.3086       5600.23291    
   3.85517627E-02   323005.688       190200.969       13806.9766       5868.19141    
   4.06935290E-02   320932.969       187700.453       14399.5361       6135.43164    
   4.28352915E-02   318871.344       185192.516       14988.0000       6401.93311    
   4.49770577E-02   316820.844       182677.250       15572.3896       6667.67822    
   4.71188203E-02   314781.438       180154.812       16152.7119       6932.64746    
   4.92605865E-02   312753.125       177625.281       16728.9844       7196.82227    
   5.14023490E-02   310735.938       175088.812       17301.2188       7460.18457    
   5.35441190E-02   308729.844       172545.500       17869.4336       7722.71582    
   5.56858815E-02   306734.844       169995.469       18433.6348       7984.39697    
   5.78276441E-02   304750.969       167438.828       18993.8438       8245.21191    
   5.99694103E-02   302778.188       164875.688       19550.0684       8505.14160    
   6.21111728E-02   300816.500       162306.172       20102.3262       8764.16895    
   6.42529428E-02   298865.906       159730.344       20650.6328       9022.27832    
   6.63947091E-02   296926.406       157148.391       21194.9980       9279.45020    
   6.85364679E-02   294997.969       154560.359       21735.4355       9535.66797    
   7.06782341E-02   293080.625       151966.375       22271.9609       9790.91797    
   7.28199929E-02   291174.344       149366.531       22804.5879       10045.1816    
   7.49617592E-02   289279.125       146760.938       23333.3301       10298.4424    
   7.71035254E-02   287394.938       144149.688       23858.2012       10550.6846    
   7.92452917E-02   285521.812       141532.906       24379.2129       10801.8945    
   8.13870579E-02   283659.750       138910.672       24896.3848       11052.0537    
   8.35288167E-02   281808.688       136283.109       25409.7207       11301.1475    
   8.56705830E-02   279968.656       133650.266       25919.2402       11549.1602    
   8.78123492E-02   278139.625       131012.273       26424.9609       11796.0791    
   8.99541155E-02   276321.562       128369.234       26926.8887       12041.8867    
   9.20958742E-02   274514.500       125721.211       27425.0410       12286.5713    
   9.42376405E-02   272718.375       123068.336       27919.4277       12530.1162    
   9.63794142E-02   270933.219       120410.641       28410.0703       12772.5078    
   9.85211730E-02   269159.031       117748.273       28896.9727       13013.7305    
  0.100662939       267395.750       115081.305       29380.1543       13253.7734    
  0.102804698       265643.344       112409.812       29859.6270       13492.6221    
  0.104946464       263901.844       109733.891       30335.4023       13730.2627    
  0.107088238       262171.219       107053.609       30807.5000       13966.6807    
  0.109229997       260451.469       104369.086       31275.9238       14201.8633    
  0.111371763       258742.562       101680.375       31740.6953       14435.8008    
  0.113513522       257044.469       98987.5781       32201.8223       14668.4756    
  0.115655288       255357.156       96290.7656       32659.3242       14899.8809    
  0.117797062       253680.641       93590.0156       33113.2070       15130.0010    
  0.119938821       252014.906       90885.4062       33563.4883       15358.8213    
  0.122080587       250359.875       88177.0156       34010.1797       15586.3340    
  0.124222346       248715.594       85464.9609       34453.2969       15812.5254    
  0.126364112       247082.016       82749.2500       34892.8516       16037.3867    
  0.128505886       245459.094       80029.9844       35328.8555       16260.9033    
  0.130647644       243846.859       77307.2812       35761.3203       16483.0645    
  0.132789418       242245.219       74581.1484       36190.2695       16703.8594    
  0.134931162       240654.250       71851.7188       36615.6992       16923.2754    
  0.137072936       239073.812       69118.9922       37037.6367       17141.3066    
  0.139214694       237503.984       66383.1094       37456.0859       17357.9414    
  0.141356468       235944.641       63644.0977       37871.0703       17573.1660    
  0.143498242       234395.812       60902.0195       38282.5977       17786.9727    
  0.145639986       232857.500       58156.9961       38690.6719       17999.3477    
  0.147781760       231329.641       55409.0117       39095.3164       18210.2891    
  0.149923518       229812.188       52658.2227       39496.5469       18419.7832    
  0.152065292       228305.188       49904.6094       39894.3711       18627.8184    
  0.154207051       226808.531       47148.3047       40288.8008       18834.3867    
  0.156348810       225322.266       44389.3398       40679.8438       19039.4805    
  0.158490583       223846.266       41627.7578       41067.5273       19243.0938    
  0.160632342       222380.609       38863.6484       41451.8477       19445.2090    
  0.162774116       220925.203       36097.0586       41832.8359       19645.8242    
  0.164915875       219480.047       33328.0703       42210.4922       19844.9277    
  0.167057633       218045.094       30556.7285       42584.8281       20042.5137    
  0.169199407       216620.297       27783.0625       42955.8672       20238.5762    
  0.171341166       215205.656       25007.1602       43323.6094       20433.0996    
  0.173482940       213801.109       22229.0605       43688.0781       20626.0879    
  0.175624698       212406.688       19448.8574       44049.2773       20817.5215    
  0.177766457       211022.328       16666.5781       44407.2227       21007.3984    
  0.179908231       209647.969       13882.2451       44761.9336       21195.7129    
  0.182049990       208283.578       11095.9570       45113.4180       21382.4570    
  0.184191748       206929.172       8307.76367       45461.6797       21567.6230    
  0.186333522       205584.703       5517.66357       45806.7461       21751.2031    
  0.188475281       204250.094       2725.77930       46148.6172       21933.1914    
  0.190617040       202925.375      -67.8884964       46487.3125       22113.5859    
  0.192758828       201610.438      -2863.29150       46822.8516       22292.3750    
  0.194900587       200305.312      -5660.33203       47155.2344       22469.5527    
  0.197042346       199009.953      -8458.98535       47484.4727       22645.1152    
  0.199184120       197724.312      -11259.2510       47810.5859       22819.0566    
  0.201325879       196448.344      -14061.0322       48133.5938       22991.3691    
  0.203467637       195182.047      -16864.2793       48453.4883       23162.0488    
  0.205609396       193925.375      -19668.9941       48770.2930       23331.0938    
  0.207751170       192678.234      -22475.0762       49084.0234       23498.4941    
  0.209892929       191440.672      -25282.5273       49394.6914       23664.2461    
  0.212034687       190212.641      -28091.2969       49702.3047       23828.3438    
  0.214176476       188994.047      -30901.3633       50006.8789       23990.7891    
  0.216318235       187784.891      -33712.6250       50308.4219       24151.5664    
  0.218459994       186585.141      -36525.0625       50606.9531       24310.6797    
  0.220601752       185394.734      -39338.6484       50902.4766       24468.1211    
  0.222743526       184213.688      -42153.3555       51195.0117       24623.8906    
  0.224885285       183041.891      -44969.1172       51484.5664       24777.9785    
  0.227027044       181879.391      -47785.9258       51771.1484       24930.3848    
  0.229168817       180726.031      -50603.7656       52054.7812       25081.1074    
  0.231310576       179581.891      -53422.4805       52335.4766       25230.1387    
  0.233452335       178446.891      -56242.1758       52613.2305       25377.4766    
  0.235594124       177320.953      -59062.7734       52888.0781       25523.1191    
  0.237735882       176204.078      -61884.1797       53160.0078       25667.0645    
  0.239877641       175096.219      -64706.4141       53429.0469       25809.3047    
  0.242019400       173997.359      -67529.4297       53695.2070       25949.8398    
  0.244161174       172907.406      -70353.2344       53958.5000       26088.6699    
  0.246302933       171826.375      -73177.6953       54218.9258       26225.7891    
  0.248444691       170754.188      -76002.8594       54476.5078       26361.1973    
  0.250586480       169690.828      -78828.7344       54731.2578       26494.8926    
  0.252728224       168636.250      -81655.1797       54983.1875       26626.8691    
  0.254869998       167590.406      -84482.2266       55232.3047       26757.1289    
  0.257011771       166553.250      -87309.8594       55478.6172       26885.6680    
  0.259153515       165524.766      -90137.9922       55722.1523       27012.4844    
  0.261295289       164504.906      -92966.6484       55962.9023       27137.5762    
  0.263437033       163493.609      -95795.7812       56200.8984       27260.9453    
  0.265578836       162490.828      -98625.4219       56436.1445       27382.5918    
  0.267720580       161496.562      -101455.430       56668.6406       27502.5078    
  0.269862324       160510.750      -104285.773       56898.4180       27620.6953    
  0.272004128       159533.328      -107116.641       57125.4727       27737.1602    
  0.274145871       158564.297      -109947.719       57349.8281       27851.8906    
  0.276287645       157603.594      -112779.172       57571.4922       27964.8926    
  0.278429389       156651.172      -115610.891       57790.4688       28076.1641    
  0.280571163       155706.969      -118442.945       58006.7852       28185.7070    
  0.282712936       154770.984      -121275.203       58220.4336       28293.5176    
  0.284854680       153843.188      -124107.703       58431.4453       28399.5977    
  0.286996484       152923.469      -126940.422       58639.8242       28503.9473    
  0.289138228       152011.828      -129773.289       58845.5664       28606.5645    
  0.291279972       151108.266      -132606.297       59048.7109       28707.4551    
  0.293421775       150212.609      -135439.531       59249.2539       28806.6172    
  0.295563519       149324.984      -138272.812       59447.1992       28904.0430    
  0.297705293       148445.234      -141106.188       59642.5742       28999.7461    
  0.299847037       147573.344      -143939.641       59835.3828       29093.7207    
  0.301988810       146709.297      -146773.172       60025.6367       29185.9688    
  0.304130584       145853.016      -149606.750       60213.3555       29276.4922    
  0.306272328       145004.453      -152440.328       60398.5352       29365.2910    
  0.308414102       144163.594      -155273.906       60581.1992       29452.3672    
  0.310555875       143330.359      -158107.469       60761.3555       29537.7207    
  0.312697619       142504.797      -160941.000       60939.0039       29621.3574    
  0.314839423       141686.719      -163774.531       61114.1836       29703.2734    
  0.316981167       140876.203      -166607.906       61286.8789       29783.4766    
  0.319122940       140073.156      -169441.234       61457.1133       29861.9629    
  0.321264684       139277.562      -172274.422       61624.8867       29938.7344    
  0.323406458       138489.328      -175107.500       61790.2383       30013.7988    
  0.325548232       137708.469      -177940.500       61953.1484       30087.1543    
  0.327689976       136934.906      -180773.344       62113.6406       30158.8008    
  0.329831749       136168.609      -183605.984       62271.7266       30228.7480    
  0.331973523       135409.547      -186438.484       62427.4180       30296.9922    
  0.334115267       134657.641      -189270.734       62580.7266       30363.5410    
  0.336257041       133912.828      -192102.844       62731.6641       30428.3945    
  0.338398814       133175.172      -194934.766       62880.2266       30491.5547    
  0.340540588       132444.500      -197766.422       63026.4453       30553.0273    
  0.342682332       131720.859      -200597.812       63170.3164       30612.8105    
  0.344824106       131004.203      -203428.938       63311.8711       30670.9160    
  0.346965879       130294.398      -206259.828       63451.1016       30727.3379    
  0.349107623       129591.547      -209090.422       63588.0195       30782.0859    
  0.351249397       128895.477      -211920.766       63722.6484       30835.1621    
  0.353391171       128206.180      -214750.766       63854.9922       30886.5703    
  0.355532914       127523.680      -217580.438       63985.0508       30936.3125    
  0.357674688       126847.828      -220409.859       64112.8594       30984.3945    
  0.359816462       126178.664      -223238.891       64238.3945       31030.8164    
  0.361958236       125516.109      -226067.625       64361.7109       31075.5918    
  0.364099979       124860.117      -228895.969       64482.7891       31118.7188    
  0.366241753       124210.680      -231723.922       64601.6367       31160.1953    
  0.368383497       123567.695      -234551.578       64718.2852       31200.0352    
  0.370525271       122931.141      -237378.812       64832.7266       31238.2383    
  0.372667044       122301.031      -240205.734       64944.9844       31274.8105    
  0.374808788       121677.258      -243032.125       65055.0664       31309.7578    
  0.376950562       121059.758      -245858.172       65162.9766       31343.0801    
  0.379092366       120448.562      -248683.922       65268.7422       31374.7910    
  0.381234080       119843.633      -251509.094       65372.3359       31404.8848    
  0.383375883       119244.828      -254333.922       65473.8203       31433.3770    
  0.385517657       118652.211      -257158.312       65573.1797       31460.2676    
  0.387659401       118065.672      -259982.203       65670.4141       31485.5566    
  0.389801174       117485.180      -262805.719       65765.5547       31509.2598    
  0.391942948       116910.688      -265628.781       65858.5938       31531.3789    
  0.394084692       116342.219      -268451.344       65949.5547       31551.9102    
  0.396226466       115779.703      -271273.438       66038.4453       31570.8711    
  0.398368239       115223.008      -274095.094       66125.2656       31588.2695    
  0.400509983       114672.203      -276916.312       66210.0547       31604.0957    
  0.402651757       114127.164      -279736.969       66292.7891       31618.3691    
  0.404793501       113587.914      -282557.125       66373.4922       31631.0938    
  0.406935275       113054.391      -285376.844       66452.1797       31642.2734    
  0.409077048       112526.578      -288196.094       66528.8516       31651.9082    
  0.411218792       112004.344      -291014.781       66603.5391       31660.0195    
  0.413360566       111487.727      -293833.062       66676.2422       31666.6016    
  0.415502340       110976.656      -296650.750       66746.9453       31671.6621    
  0.417644083       110471.109      -299467.938       66815.6953       31675.2090    
  0.419785857       109971.008      -302284.562       66882.4844       31677.2480    
  0.421927661       109476.383      -305100.844       66947.3203       31677.7871    
  0.424069375       108987.141      -307916.375       67010.2344       31676.8320    
  0.426211178       108503.219      -310731.562       67071.2031       31674.3945    
  0.428352952       108024.625      -313546.125       67130.2656       31670.4746    
  0.430494696       107551.336      -316360.156       67187.4297       31665.0762    
  0.432636470       107083.234      -319173.688       67242.6797       31658.2148    
  0.434778243       106620.281      -321986.750       67296.0625       31649.8965    
  0.436919987       106162.531      -324799.156       67347.5625       31640.1289    
  0.439061761       105709.867      -327611.062       67397.1875       31628.9141    
  0.441203505       105262.266      -330422.406       67444.9688       31616.2617    
  0.443345279       104819.742      -333233.250       67490.9062       31602.1797    
  0.445487052       104382.133      -336043.531       67534.9922       31586.6758    
  0.447628796       103949.508      -338853.188       67577.2578       31569.7500    
  0.449770570       103521.750      -341662.344       67617.7188       31551.4277    
  0.451912344       103098.922      -344471.031       67656.3672       31531.7012    
  0.454054087       102680.914      -347279.031       67693.2031       31510.5859    
  0.456195861       102267.641      -350086.562       67728.2734       31488.0840    
  0.458337635       101859.117      -352893.594       67761.5547       31464.2051    
  0.460479379       101455.328      -355699.969       67793.0781       31438.9629    
  0.462621152       101056.211      -358505.719       67822.8516       31412.3555    
  0.464762956       100661.734      -361311.156       67850.8672       31384.3945    
  0.466904670       100271.852      -364115.781       67877.1562       31355.0938    
  0.469046474       99886.4922      -366920.031       67901.7031       31324.4570    
  0.471188247       99505.7188      -369723.594       67924.5469       31292.4883    
  0.473329991       99129.3750      -372526.688       67945.6719       31259.2031    
  0.475471765       98757.4844      -375329.156       67965.1016       31224.6094    
  0.477613539       98389.9609      -378131.125       67982.8438       31188.7070    
  0.479755282       98026.8359      -380932.438       67998.9062       31151.5156    
  0.481897056       97668.0391      -383733.312       68013.3125       31113.0371    
  0.484038800       97313.5469      -386533.562       68026.0469       31073.2773    
  0.486180574       96963.2969      -389333.250       68037.1328       31032.2617    
  0.488322347       96617.2578      -392132.406       68046.5938       30989.9766    
  0.490464091       96275.3984      -394930.938       68054.4062       30946.4453    
  0.492605865       95937.6641      -397728.938       68060.6016       30901.6699    
  0.494747639       95604.0625      -400526.438       68065.1875       30855.6680    
  0.496889383       95274.5156      -403323.312       68068.1641       30808.4297    
  0.499031156       94949.0312      -406119.688       68069.5625       30759.9844    
  0.501172960       94627.5000      -408915.531       68069.3672       30710.3379    
  0.503314674       94310.0000      -411710.750       68067.6016       30659.4922    
  0.505456448       93996.3672      -414505.469       68064.2812       30607.4609    
  0.507598221       93686.6406      -417299.594       68059.4062       30554.2422    
  0.509739995       93380.7500      -420093.250       68052.9688       30499.8672    
  0.511881769       93078.6953      -422886.312       68044.9922       30444.3203    
  0.514023542       92780.4062      -425678.875       68035.4922       30387.6289    
  0.516165257       92485.8828      -428470.719       68024.5000       30329.7969    
  0.518307030       92195.0703      -431262.156       68011.9766       30270.8359    
  0.520448804       91907.9766      -434053.062       67997.9766       30210.7441    
  0.522590578       91624.4766      -436843.312       67982.4531       30149.5488    
  0.524732351       91344.5625      -439633.219       67965.4688       30087.2480    
  0.526874065       91068.3359      -442422.344       67947.0156       30023.8496    
  0.529015839       90795.5625      -445211.062       67927.1094       29959.3770    
  0.531157672       90526.2812      -447999.375       67905.7266       29893.8281    
  0.533299387       90260.5703      -450786.875       67882.8984       29827.2070    
  0.535441160       89998.2031      -453574.062       67858.6562       29759.5391    
  0.537582934       89739.2812      -456360.625       67832.9844       29690.8301    
  0.539724648       89483.7578      -459146.594       67805.9062       29621.0801    
  0.541866481       89231.5625      -461932.219       67777.4141       29550.3086    
  0.544008255       88982.6641      -464717.250       67747.4922       29478.5273    
  0.546149969       88737.0859      -467501.594       67716.2109       29405.7363    
  0.548291743       88494.7109      -470285.625       67683.5547       29331.9473    
  0.550433517       88255.5625      -473069.062       67649.5234       29257.1797    
  0.552575290       88019.6094      -475852.000       67614.1172       29181.4316    
  0.554717064       87786.7656      -478634.438       67577.3516       29104.7305    
  0.556858778       87557.1250      -481416.156       67539.2734       29027.0645    
  0.559000552       87330.4922      -484197.625       67499.8359       28948.4727    
  0.561142325       87106.9062      -486978.531       67459.0859       28868.9238    
  0.563284099       86886.3750      -489758.875       67417.0156       28788.4648    
  0.565425873       86668.8828      -492538.688       67373.6172       28707.0820    
  0.567567647       86454.3125      -495318.094       67328.9297       28624.8047    
  0.569709361       86242.7109      -498096.875       67282.9531       28541.6387    
  0.571851134       86034.0078      -500875.219       67235.6953       28457.5801    
  0.573992968       85828.1172      -503653.188       67187.1719       28372.6641    
  0.576134682       85625.1406      -506430.500       67137.3594       28286.8730    
  0.578276455       85424.9219      -509207.375       67086.2969       28200.2402    
  0.580418229       85227.4844      -511983.781       67034.0078       28112.7598    
  0.582559943       85032.8594      -514759.562       66980.4766       28024.4609    
  0.584701777       84840.9766      -517535.094       66925.7031       27935.3340    
  0.586843550       84651.6797      -520310.062       66869.7109       27845.4023    
  0.588985264       84465.1406      -523084.344       66812.4766       27754.6738    
  0.591127038       84281.2266      -525858.375       66754.0938       27663.1504    
  0.593268812       84099.9219      -528631.875       66694.4766       27570.8594    
  0.595410585       83921.2266      -531404.875       66633.6641       27477.8008    
  0.597552359       83745.0781      -534177.438       66571.6953       27383.9746    
  0.599694073       83571.4219      -536949.438       66508.5625       27289.4219    
  0.601835847       83400.2656      -539721.062       66444.2344       27194.1328    
  0.603977621       83231.6172      -542492.188       66378.7734       27098.1152    
  0.606119394       83065.3906      -545262.875       66312.1953       27001.3750    
  0.608261168       82901.6562      -548033.125       66244.4297       26903.9434    
  0.610402942       82740.2422      -550802.875       66175.5469       26805.8301    
  0.612544656       82581.2266      -553572.125       66105.5781       26707.0234    
  0.614686430       82424.5078      -556341.000       66034.4531       26607.5488    
  0.616828203       82270.1562      -559109.250       65962.2344       26507.4121    
  0.618969977       82118.0547      -561877.250       65888.9453       26406.6289    
  0.621111751       81968.2500      -564644.688       65814.5469       26305.2090    
  0.623253524       81820.6953      -567411.750       65739.0781       26203.1719    
  0.625395238       81675.3828      -570178.312       65662.5312       26100.5137    
  0.627537072       81532.1797      -572944.500       65584.9297       25997.2441    
  0.629678845       81391.1484      -575710.250       65506.2852       25893.3887    
  0.631820560       81252.3203      -578475.375       65426.5703       25788.9531    
  0.633962333       81115.5156      -581240.250       65345.8281       25683.9453    
  0.636104107       80980.8125      -584004.625       65264.0547       25578.3789    
  0.638245881       80848.2344      -586768.625       65181.2656       25472.2383    
  0.640387654       80717.7109      -589532.062       65097.4531       25365.5898    
  0.642529368       80589.1719      -592295.125       65012.6289       25258.3867    
  0.644671142       80462.6562      -595057.812       64926.8320       25150.6680    
  0.646812916       80338.0469      -597819.875       64840.0391       25042.4492    
  0.648954690       80215.4453      -600581.812       64752.2539       24933.7461    
  0.651096463       80094.7422      -603343.188       64663.4961       24824.5410    
  0.653238237       79975.9766      -606104.125       64573.7773       24714.8750    
  0.655379951       79858.9688      -608864.625       64483.1016       24604.7305    
  0.657521725       79744.0078      -611624.750       64391.4648       24494.1309    
  0.659663498       79630.7656      -614384.438       64298.9062       24383.1055    
  0.661805272       79519.3281      -617143.812       64205.4062       24271.6426    
  0.663947046       79409.7969      -619902.562       64110.9805       24159.7559    
  0.666088820       79301.9297      -622661.062       64015.6133       24047.4785    
  0.668230534       79195.8672      -625419.125       63919.3750       23934.7910    
  0.670372367       79091.5156      -628176.812       63822.1953       23821.7207    
  0.672514081       78988.7812      -630934.000       63724.1602       23708.2578    
  0.674655855       78887.8516      -633690.812       63625.1992       23594.4512    
  0.676797628       78788.6328      -636447.312       63525.3828       23480.2578    
  0.678939402       78690.9297      -639203.375       63424.6758       23365.7559    
  0.681081176       78594.8906      -641959.000       63323.1133       23250.9043    
  0.683222950       78500.5078      -644714.062       63220.7148       23135.7266    
  0.685364664       78407.6484      -647468.875       63117.4414       23020.2383    
  0.687506437       78316.4453      -650223.438       63013.3281       22904.4668    
  0.689648211       78226.7578      -652977.375       62908.3789       22788.3906    
  0.691789985       78138.5859      -655731.062       62802.6211       22672.0332    
  0.693931758       78051.9297      -658484.250       62696.0469       22555.4004    
  0.696073532       77966.8359      -661237.000       62588.6641       22438.5293    
  0.698215246       77883.0156      -663989.312       62480.4453       22321.3828    
  0.700357020       77800.8516      -666741.375       62371.4727       22204.0332    
  0.702498794       77720.0625      -669493.125       62261.6758       22086.4336    
  0.704640567       77640.6875      -672244.438       62151.0938       21968.6289    
  0.706782341       77562.6328      -674995.375       62039.7617       21850.6289    
  0.708924055       77486.0938      -677745.688       61927.6562       21732.4219    
  0.711065829       77410.8281      -680495.812       61814.7969       21614.0449    
  0.713207662       77336.9766      -683245.562       61701.1875       21495.4648    
  0.715349376       77264.3906      -685994.875       61586.8242       21376.7578    
  0.717491150       77193.1797      -688743.938       61471.7070       21257.8750    
  0.719632924       77123.2422      -691492.375       61355.8711       21138.8555    
  0.721774697       77054.6641      -694240.500       61239.3320       21019.7090    
  0.723916471       76987.2656      -696988.375       61122.0586       20900.4492    
  0.726058185       76921.0938      -699735.625       61004.1172       20781.0605    
  0.728199959       76856.1797      -702482.688       60885.4375       20661.5977    
  0.730341733       76792.5000      -705229.312       60766.0586       20542.0293    
  0.732483506       76730.0859      -707975.562       60646.0156       20422.3770    
  0.734625280       76668.7891      -710721.438       60525.2812       20302.6719    
  0.736766994       76608.6719      -713466.875       60403.8828       20182.9004    
  0.738908768       76549.7344      -716211.938       60281.8008       20063.0840    
  0.741050541       76491.8594      -718956.812       60159.0859       19943.2090    
  0.743192315       76435.2656      -721701.062       60035.6992       19823.3086    
  0.745334089       76379.7422      -724445.125       59911.6680       19703.4082    
  0.747475922       76325.1953      -727188.875       59787.0156       19583.4902    
  0.749617577       76271.8203      -729931.875       59661.7305       19463.5977    
  0.751759350       76219.5781      -732674.688       59535.7969       19343.6953    
  0.753901124       76168.2578      -735417.000       59409.2656       19223.8125    
  0.756042957       76118.1094      -738159.188       59282.1328       19103.9629    
  0.758184731       76068.8906      -740900.938       59154.4023       18984.1738    
  0.760326505       76020.7969      -743642.312       59026.0547       18864.4355    
  0.762468159       75973.6328      -746383.188       58897.1250       18744.7383    
  0.764609933       75927.4453      -749123.500       58767.6328       18625.1113    
  0.766751766       75882.3359      -751863.688       58637.5547       18505.5879    
  0.768893540       75838.1016      -754603.688       58506.9141       18386.1230    
  0.771035314       75794.8438      -757343.062       58375.6914       18266.8301    
  0.773176968       75752.5156      -760081.875       58243.9023       18147.5879    
  0.775318801       75711.2656      -762820.688       58111.6211       18028.4746    
  0.777460575       75670.7969      -765559.000       57978.7734       17909.4805    
  0.779602349       75631.2109      -768296.812       57845.3906       17790.6582    
  0.781744123       75592.5938      -771034.375       57711.4648       17671.9453    
  0.783885896       75554.8125      -773771.625       57577.0078       17553.4395    
  0.786027610       75518.0156      -776508.250       57442.0703       17435.0625    
  0.788169384       75481.8906      -779244.688       57306.6367       17316.8809    
  0.790311158       75446.7031      -781980.562       57170.6562       17198.8711    
  0.792452931       75412.5391      -784716.188       57034.1992       17081.0684    
  0.794594705       75379.0547      -787451.375       56897.2930       16963.4512    
  0.796736479       75346.2656      -790186.250       56759.8398       16846.0742    
  0.798878193       75314.4922      -792920.625       56621.9414       16728.9121    
  0.801019967       75283.4609      -795654.688       56483.6016       16611.9648    
  0.803161740       75253.2031      -798388.312       56344.7422       16495.2715    
  0.805303514       75223.6328      -801121.500       56205.4766       16378.8203    
  0.807445288       75194.8906      -803854.562       56065.7148       16262.6416    
  0.809587002       75167.0859      -806586.812       55925.5586       16146.7451    
  0.811728776       75139.9062      -809319.000       55784.9531       16031.0977    
  0.813870549       75113.3203      -812050.750       55643.9062       15915.7490    
  0.816012323       75087.8047      -814782.125       55502.4336       15800.6660    
  0.818154097       75062.7812      -817512.875       55360.5117       15685.9004    
  0.820295870       75038.5391      -820243.312       55218.2695       15571.4502    
  0.822437584       75014.9297      -822973.500       55075.5430       15457.3262    
  0.824579358       74992.1094      -825703.438       54932.4609       15343.5518    
  0.826721132       74969.9688      -828432.750       54788.9844       15230.0869    
  0.828862906       74948.5625      -831161.750       54645.0430       15116.9375    
  0.831004679       74927.6875      -833890.438       54500.8125       15004.1738    
  0.833146513       74907.6484      -836618.438       54356.1914       14891.7178    
  0.835288167       74888.1953      -839346.125       54211.2070       14779.7324    
  0.837429941       74869.2812      -842073.375       54065.8828       14668.0469    
  0.839571714       74851.1484      -844800.250       53920.1094       14556.7549    
  0.841713548       74833.7031      -847526.875       53774.0664       14445.8477    
  0.843855321       74816.8359      -850253.062       53627.6289       14335.3691    
  0.845996976       74800.6094      -852978.562       53480.9141       14225.2842    
  0.848138750       74785.0234      -855703.875       53333.8281       14115.6260    
  0.850280523       74770.0156      -858429.000       53186.3789       14006.4141    
  0.852422357       74755.5469      -861153.750       53038.6562       13897.5869    
  0.854564130       74741.8672      -863877.750       52890.6445       13789.1787    
  0.856705904       74728.4688      -866601.438       52742.2891       13681.3008    
  0.858847558       74715.9609      -869324.375       52593.6953       13573.7744    
  0.860989392       74704.0859      -872047.188       52444.7227       13466.7441    
  0.863131166       74692.5938      -874769.938       52295.4805       13360.2188    
  0.865272939       74681.6484      -877491.750       52145.9609       13254.1123    
  0.867414713       74671.3828      -880213.312       51996.1836       13148.5283    
  0.869556487       74661.4609      -882934.750       51846.1172       13043.4238    
  0.871698201       74652.3203      -885655.438       51695.8125       12938.8242    
  0.873839974       74643.7734      -888375.625       51545.1953       12834.7031    
  0.875981748       74635.5078      -891095.562       51394.3594       12731.0869    
  0.878123522       74628.0781      -893815.000       51243.2344       12628.0107    
  0.880265296       74621.1406      -896533.938       51091.9180       12525.4219    
  0.882407010       74614.3984      -899252.812       50940.3281       12423.4150    
  0.884548783       74608.5312      -901970.688       50788.5156       12321.8701    
  0.886690557       74603.1562      -904688.562       50636.4961       12220.9326    
  0.888832331       74598.2656      -907405.875       50484.2227       12120.5176    
  0.890974104       74593.7188      -910122.875       50331.7422       12020.6758    
  0.893115878       74589.8594      -912839.375       50179.0742       11921.3389    
  0.895257592       74586.5859      -915554.875       50026.1836       11822.5840    
  0.897399366       74583.5078      -918270.750       49873.0547       11724.4619    
  0.899541140       74581.1641      -920985.625       49719.8203       11626.8623    
  0.901682913       74579.2031      -923700.750       49566.3125       11529.8701    
  0.903824687       74577.8828      -926414.875       49412.6875       11433.3994    
  0.905966461       74577.0547      -929128.562       49258.8398       11337.6230    
  0.908108175       74576.4688      -931842.125       49104.8164       11242.3936    
  0.910249949       74576.4688      -934554.750       48950.6445       11147.7549    
  0.912391722       74576.9609      -937267.250       48796.3477       11053.7236    
  0.914533496       74578.0312      -939979.250       48641.8672       10960.3428    
  0.916675270       74579.5000      -942690.812       48487.2305       10867.5352    
  0.918816984       74581.4531      -945401.812       48332.4727       10775.3613    
  0.920958757       74583.8516      -948112.312       48177.5312       10683.9053    
  0.923100531       74586.5391      -950822.625       48022.4492       10592.9805    
  0.925242305       74589.8594      -953532.125       47867.3008       10502.7324    
  0.927384079       74593.6719      -956241.625       47711.9961       10413.0908    
  0.929525912       74597.8750      -958950.500       47556.5547       10324.1680    
  0.931667566       74602.4688      -961658.812       47401.0117       10235.8965    
  0.933809340       74607.7031      -964366.500       47245.3984       10148.2061    
  0.935951114       74613.3203      -967073.875       47089.6172       10061.2012    
  0.938092947       74619.1875      -969781.000       46933.7656       9974.90625    
  0.940234721       74625.6406      -972487.250       46777.8281       9889.21875    
  0.942376494       74632.7266      -975193.375       46621.8047       9804.23242    
  0.944518149       74640.0078      -977898.750       46465.6602       9719.96582    
  0.946659982       74647.6328      -980604.062       46309.5039       9636.33203    
  0.948801756       74655.9375      -983308.750       46153.2383       9553.39160    
  0.950943530       74664.5391      -986012.938       45996.8750       9471.15234    
  0.953085303       74673.6328      -988716.375       45840.5273       9389.54688    
  0.955227077       74683.0703      -991419.562       45684.0430       9308.72852    
  0.957368791       74693.1328      -994122.125       45527.5586       9228.51758    
  0.959510565       74703.4453      -996824.188       45371.0039       9149.06055    
  0.961652339       74714.2500      -999526.000       45214.3984       9070.30469    
  0.963794112       74725.3906      -1002227.50       45057.7617       8992.23340    
  0.965935886       74737.0234      -1004928.00       44901.0547       8914.89844    
  0.968077600       74749.2422      -1007628.19       44744.4141       8838.20410    
  0.970219374       74761.7578      -1010327.75       44587.7070       8762.31543    
  0.972361147       74774.5156      -1013027.50       44430.9297       8687.14551    
  0.974502921       74787.9531      -1015726.12       44274.2070       8612.60840    
  0.976644695       74801.7891      -1018424.44       44117.4492       8538.82422    
  0.978786469       74815.8594      -1021122.19       43960.6562       8465.79395    
  0.980928183       74830.4766      -1023819.44       43803.8984       8393.48145    
  0.983069956       74845.3359      -1026516.50       43647.1367       8321.89746    
  0.985211730       74860.8750      -1029212.62       43490.3633       8251.01465    
  0.987353504       74876.7109      -1031908.62       43333.6367       8180.85010    
  0.989495277       74893.0859      -1034603.88       43176.8945       8111.49072    
  0.991637051       74909.8047      -1037298.69       43020.1875       8042.78125    
  0.993778765       74926.8125      -1039992.94       42863.5312       7974.83398    
  0.995920539       74944.3047      -1042686.81       42706.9102       7907.64795    
  0.998062313       74962.1953      -1045380.25       42550.2891       7841.12939    
   1.00020409       74980.6719      -1048073.12       42393.7539       7775.43262    
   1.00234592       74999.3438      -1050765.62       42237.1836       7710.42871    
   1.00448763       75018.4062      -1053457.38       42080.7305       7646.18652    
   1.00662935       75038.1016      -1056148.75       41924.3320       7582.68018    
   1.00877118       75058.1875      -1058839.25       41767.9844       7519.85889    
   1.01091290       75078.7188      -1061529.75       41611.7070       7457.84180    
   1.01305473       75099.5391      -1064220.12       41455.4453       7396.50928    
   1.01519644       75120.5547      -1066909.12       41299.3516       7335.93848    
   1.01733816       75142.1562      -1069598.25       41143.2422       7276.16309    
   1.01947999       75164.5391      -1072286.25       40987.2383       7217.05566    
   1.02162170       75186.9297      -1074974.38       40831.2852       7158.73535    
   1.02376354       75210.0469      -1077661.25       40675.5000       7101.08252    
   1.02590525       75233.2109      -1080348.38       40519.8047       7044.21729    
   1.02804708       75257.0156      -1083034.75       40364.1406       6988.07080    
   1.03018880       75281.0156      -1085720.50       40208.6484       6932.66016    
   1.03233051       75305.6016      -1088405.75       40053.2227       6877.98535    
   1.03447235       75330.8203      -1091090.38       39897.8867       6824.09766    
   1.03661406       75356.0391      -1093775.25       39742.6836       6770.89502    
   1.03875589       75382.0391      -1096458.75       39587.6211       6718.43701    
   1.04089761       75408.3359      -1099142.00       39432.6953       6666.62891    
   1.04303932       75434.8281      -1101824.50       39277.8359       6615.61670    
   1.04518116       75462.0000      -1104506.88       39123.1484       6565.29785    
   1.04732287       75489.4688      -1107189.00       38968.5625       6515.73242    
   1.04946470       75517.3281      -1109870.50       38814.1133       6466.94531    
   1.05160642       75545.9688      -1112550.88       38659.8359       6418.77441    
   1.05374813       75574.7109      -1115231.00       38505.7656       6371.32227    
   1.05588996       75603.6406      -1117910.62       38351.7969       6324.64893    
   1.05803168       75633.5547      -1120589.88       38197.9648       6278.62598    
   1.06017351       75663.5625      -1123268.50       38044.2344       6233.33057    
   1.06231534       75693.6719      -1125947.38       37890.7109       6188.83936    
   1.06445706       75724.7578      -1128624.88       37737.3945       6144.96436    
   1.06659877       75756.3281      -1131302.00       37584.1758       6101.70557    
   1.06874049       75788.1016      -1133978.75       37431.1992       6059.21680    
   1.07088232       75820.1641      -1136655.12       37278.3633       6017.37891    
   1.07302415       75852.9062      -1139331.12       37125.7617       5976.36182    
   1.07516587       75885.8516      -1142005.88       36973.2656       5935.91016    
   1.07730758       75919.2812      -1144680.62       36821.0430       5896.15137    
   1.07944930       75953.2969      -1147354.38       36668.9883       5857.06006    
   1.08159113       75987.1250      -1150029.00       36517.0391       5818.66211    
   1.08373296       76022.3125      -1152702.12       36365.3984       5780.93115    
   1.08587468       76057.4062      -1155375.00       36213.9297       5743.84277    
   1.08801651       76092.7891      -1158047.50       36062.5977       5707.48975    
   1.09015822       76129.0547      -1160719.25       35911.5352       5671.72754    
   1.09229994       76165.5156      -1163390.25       35760.7188       5636.58105    
   1.09444177       76202.4688      -1166061.50       35610.1055       5602.10254    
   1.09658349       76239.8125      -1168731.38       35459.7305       5568.24854    
   1.09872532       76277.4453      -1171401.00       35309.4922       5535.01953    
   1.10086703       76315.8594      -1174070.75       35159.5977       5502.48340    
   1.10300875       76354.3750      -1176739.50       35009.8750       5470.46045    
   1.10515058       76393.6719      -1179408.12       34860.3203       5439.10547    
   1.10729229       76433.2578      -1182075.88       34711.1094       5408.44336    
   1.10943413       76472.8516      -1184743.88       34562.1055       5378.23486    
   1.11157584       76513.4141      -1187410.75       34413.4062       5348.67676    
   1.11371756       76554.2734      -1190076.62       34264.8477       5319.68359    
   1.11585939       76595.6250      -1192743.00       34116.5586       5291.34082    
   1.11800110       76636.7812      -1195408.88       33968.5820       5263.53711    
   1.12014294       76679.2031      -1198073.62       33820.9102       5236.27246    
   1.12228465       76722.0156      -1200738.12       33673.4102       5209.51270    
   1.12442648       76764.9297      -1203402.75       33526.1836       5183.32617    
   1.12656820       76808.2344      -1206066.50       33379.2695       5157.84180    
   1.12870991       76852.2266      -1208729.75       33232.5547       5132.72510    
   1.13085175       76896.5078      -1211392.38       33086.1875       5108.19043    
   1.13299346       76941.6641      -1214054.62       32940.0898       5084.09229    
   1.13513529       76986.6328      -1216716.88       32794.2344       5060.62695    
   1.13727701       77032.3828      -1219378.62       32648.6855       5037.64111    
   1.13941872       77078.7109      -1222039.62       32503.4121       5015.11768    
   1.14156055       77125.0469      -1224700.62       32358.4121       4993.14160    
   1.14370227       77172.3594      -1227360.25       32213.7871       4971.52490    
   1.14584410       77219.2812      -1230020.75       32069.3691       4950.38770    
   1.14798594       77267.6719      -1232679.62       31925.3262       4929.78076    
   1.15012753       77316.0547      -1235338.38       31781.5234       4909.61914    
   1.15226936       77364.6406      -1237997.00       31638.0293       4889.85107    
   1.15441108       77413.6094      -1240655.75       31494.8789       4870.61328    
   1.15655291       77463.4609      -1243312.88       31352.0000       4851.63281    
   1.15869474       77513.7109      -1245970.75       31209.4648       4833.18262    
   1.16083646       77564.0547      -1248627.00       31067.3047       4815.02295    
   1.16297817       77614.6875      -1251283.50       30925.4199       4797.36035    
   1.16511989       77666.6875      -1253939.50       30783.8418       4779.95410    
   1.16726172       77718.8906      -1256595.25       30642.6074       4762.99268    
   1.16940355       77771.1875      -1259250.88       30501.6797       4746.35693    
   1.17154527       77823.5781      -1261905.38       30361.0957       4730.02881    
   1.17368710       77876.7578      -1264560.38       30220.8516       4714.12891    
   1.17582881       77930.4219      -1267214.88       30080.8828       4698.53662    
   1.17797053       77984.4844      -1269867.75       29941.3262       4683.13281    
   1.18011236       78039.2188      -1272521.62       29802.0762       4668.07129    
   1.18225408       78093.9609      -1275174.75       29663.2715       4653.33545    
   1.18439591       78149.4844      -1277827.88       29524.6719       4638.85596    
   1.18653762       78205.5938      -1280479.38       29386.5176       4624.59863    
   1.18867934       78261.3125      -1283131.88       29248.6367       4610.61572    
   1.19082117       78318.1094      -1285783.88       29111.1680       4596.92334    
   1.19296288       78375.5859      -1288434.50       28974.0742       4583.29980    
   1.19510472       78433.0625      -1291086.00       28837.3223       4569.91553    
   1.19724643       78490.8359      -1293736.25       28700.9492       4556.87354    
   1.19938815       78549.8750      -1296386.50       28564.9512       4543.81494    
   1.20152998       78608.1328      -1299037.12       28429.1934       4531.04688    
   1.20367169       78666.8828      -1301687.38       28293.9141       4518.41553    
   1.20581353       78727.1953      -1304336.12       28159.0449       4505.88721    
   1.20795524       78787.3125      -1306985.38       28024.5195       4493.54736    
   1.21009707       78847.8203      -1309634.12       27890.4043       4481.24121    
   1.21223879       78909.5078      -1312281.88       27756.6660       4468.85010    
   1.21438050       78970.2109      -1314930.75       27623.2695       4456.81787    
   1.21652234       79032.3750      -1317578.75       27490.2148       4444.66602    
   1.21866405       79095.0391      -1320226.50       27357.5723       4432.65088    
   1.22080588       79157.6016      -1322873.75       27225.3730       4420.72168    
   1.22294760       79220.7422      -1325520.38       27093.5527       4408.58691    
   1.22508931       79284.5781      -1328167.62       26962.1406       4396.58936    
   1.22723114       79347.8203      -1330814.12       26831.1074       4384.62549    
   1.22937286       79411.8516      -1333461.62       26700.4141       4372.57666    
   1.23151469       79477.3438      -1336106.50       26570.2363       4360.35645    
   1.23365641       79542.2500      -1338753.12       26440.2969       4348.23877    
   1.23579812       79607.8438      -1341399.00       26310.9395       4335.96680    
   1.23793995       79673.9219      -1344044.75       26181.9258       4323.54150    
   1.24008167       79740.4922      -1346689.00       26053.2871       4311.13281    
   1.24222350       79807.2578      -1349334.38       25925.1270       4298.33057    
   1.24436533       79874.3125      -1351980.50       25797.2773       4285.66504    
   1.24650705       79941.9531      -1354624.00       25669.9395       4272.65771    
   1.24864876       80010.2891      -1357269.38       25543.0117       4259.39355    
   1.25079048       80078.7109      -1359913.50       25416.4629       4245.94092    
   1.25293231       80147.0391      -1362557.62       25290.3906       4232.28271    
   1.25507414       80216.8359      -1365202.25       25164.6621       4218.48779    
   1.25721586       80285.8438      -1367845.75       25039.4473       4204.31641    
   1.25935769       80355.1562      -1370490.50       24914.6094       4189.85400    
   1.26149929       80426.0234      -1373132.75       24790.2148       4175.06641    
   1.26364112       80496.7969      -1375776.38       24666.2324       4160.02197    
   1.26578295       80567.7656      -1378420.25       24542.6934       4144.48145    
   1.26792467       80639.1250      -1381064.25       24419.6348       4128.83838    
   1.27006650       80710.1875      -1383707.50       24296.9863       4112.57861    
   1.27220821       80782.6172      -1386349.75       24174.7148       4096.06250    
   1.27434993       80855.6406      -1388992.62       24052.9922       4078.84448    
   1.27649176       80927.9766      -1391636.25       23931.6445       4061.31836    
   1.27863348       81001.3906      -1394278.50       23810.7422       4043.31323    
   1.28077531       81075.0938      -1396922.12       23690.2520       4024.96558    
   1.28291702       81149.3828      -1399563.62       23570.3418       4005.81372    
   1.28505874       81223.1875      -1402207.00       23450.7070       3986.33643    
   1.28720057       81297.9688      -1404849.25       23331.6523       3966.08911    
   1.28934228       81372.6484      -1407492.25       23213.0781       3945.46533    
   1.29148412       81447.5312      -1410135.38       23094.8457       3924.15674    
   1.29362583       81523.7734      -1412776.25       22977.1602       3902.09521    
   1.29576766       81598.9453      -1415419.88       22859.8535       3879.63989    
   1.29790938       81675.6797      -1418062.25       22743.0234       3856.36328    
   1.30005109       81752.7109      -1420704.75       22626.6406       3832.21362    
   1.30219293       81828.8594      -1423348.25       22510.8047       3807.53345    
   1.30433464       81905.9844      -1425990.00       22395.4473       3782.01440    
   1.30647647       81983.6953      -1428633.12       22280.3984       3755.91382    
   1.30861819       82061.5078      -1431276.38       22165.8984       3728.56348    
   1.31075990       82138.8281      -1433918.38       22051.9102       3700.83691    
   1.31290174       82217.1250      -1436562.38       21938.3340       3672.13452    
   1.31504345       82296.5000      -1439203.75       21825.3047       3642.43970    
   1.31718528       82374.7031      -1441847.75       21712.6172       3612.06006    
   1.31932700       82453.2969      -1444491.25       21600.5117       3580.51660    
   1.32146871       82533.3516      -1447134.75       21488.8516       3548.10034    
   1.32361054       82613.2188      -1449777.62       21377.6719       3514.67407    
   1.32575226       82692.7891      -1452421.00       21267.0039       3480.54639    
   1.32789409       82773.8203      -1455063.62       21156.7812       3444.87817    
   1.33003592       82853.1016      -1457708.25       21046.9707       3408.59375    
   1.33217764       82934.4297      -1460352.38       20937.7070       3371.00879    
   1.33431935       83014.8750      -1462996.38       20828.9219       3332.25977    
   1.33646107       83096.5000      -1465641.12       20720.6504       3292.51807    
   1.33860290       83177.9297      -1468285.12       20612.8242       3251.45850    
   1.34074473       83259.3516      -1470930.88       20505.4102       3209.40649    
   1.34288645       83341.1719      -1473575.00       20398.5762       3165.83105    
   1.34502816       83423.2812      -1476218.88       20292.2910       3121.12598    
   1.34716988       83505.3906      -1478865.12       20186.4492       3075.18848    
   1.34931171       83587.5078      -1481511.12       20081.0195       3028.08740    
   1.35145354       83670.2031      -1484157.25       19976.1035       2979.42871    
   1.35359526       83753.9766      -1486803.12       19871.7676       2929.26392    
   1.35573709       83837.0625      -1489448.00       19767.8438       2877.93506    
   1.35787880       83919.8594      -1492096.25       19664.3652       2825.20312    
   1.36002052       84002.4609      -1494743.75       19561.4688       2770.96484    
   1.36216235       84085.9375      -1497390.12       19459.0508       2715.08350    
   1.36430407       84170.2031      -1500038.38       19357.1465       2657.91846    
   1.36644590       84253.7812      -1502685.50       19255.7559       2598.97363    
   1.36858761       84337.6484      -1505333.12       19154.8438       2538.60815    
   1.37072933       84421.3281      -1507981.62       19054.4121       2476.39404    
   1.37287116       84506.8594      -1510630.38       18954.3906       2412.62256    
   1.37501287       84589.9453      -1513281.38       18855.0195       2347.39624    
   1.37715471       84675.4844      -1515928.88       18756.0938       2280.23608    
   1.37929642       84759.8438      -1518579.88       18657.6113       2211.39844    
   1.38143814       84844.1016      -1521229.75       18559.7812       2140.76367    
   1.38357997       84929.5391      -1523880.75       18462.3262       2068.24634    
   1.38572168       85014.4844      -1526530.38       18365.4883       1993.91479    
   1.38786352       85099.8203      -1529183.62       18269.0273       1917.66626    
   1.39000523       85184.2812      -1531834.62       18173.1465       1839.72339    
   1.39214706       85270.1016      -1534487.62       18077.7461       1759.58972    
   1.39428878       85354.2656      -1537141.38       17982.7910       1677.55627    
   1.39643049       85438.3359      -1539794.12       17888.4512       1593.45190    
   1.39857233       85525.5312      -1542447.88       17794.5586       1507.34509    
   1.40071404       85611.0625      -1545102.25       17701.2109       1419.21863    
   1.40285587       85696.2031      -1547758.38       17608.3438       1328.81580    
   1.40499759       85781.4453      -1550412.88       17516.0234       1236.32495    
   1.40713930       85866.2891      -1553069.62       17424.1836       1141.81445    
   1.40928113       85951.9219      -1555726.12       17332.8574       1044.77087    
   1.41142285       86036.7734      -1558382.38       17242.0430       945.759155    
   1.41356468       86121.8125      -1561040.88       17151.6738       844.214294    
   1.41570652       86208.0312      -1563697.75       17061.8887       740.290466    
   1.41784811       86292.5859      -1566357.00       16972.6152       634.158752    
   1.41998994       86378.0234      -1569017.38       16883.8203       525.596680    
   1.42213166       86464.0391      -1571675.88       16795.5410       414.501495    
   1.42427349       86549.2812      -1574337.75       16707.8418       300.958862    
   1.42641532       86634.1328      -1576998.62       16620.6230       184.677795    
   1.42855692       86720.2500      -1579657.50       16533.8477       66.1546249    
   1.43069875       86804.7109      -1582321.75       16447.6895      -55.1925659    
   1.43284047       86889.3594      -1584984.50       16361.9766      -179.175507    
   1.43498230       86973.9141      -1587650.38       16276.7080      -305.708618    
   1.43712413       87058.8594      -1590314.88       16192.1592      -435.065765    
   1.43926585       87143.7109      -1592980.38       16107.8828      -567.195557    
   1.44140768       87228.5547      -1595644.75       16024.3262      -702.234924    
   1.44354939       87312.8203      -1598310.00       15941.1465      -839.944336    
   1.44569123       87398.0625      -1600977.88       15858.6162      -980.580444    
   1.44783294       87481.2422      -1603647.88       15776.4629      -1124.16028    
   1.44997454       87565.7031      -1606316.62       15694.9258      -1270.95789    
   1.45211637       87649.9688      -1608984.12       15613.8682      -1420.45972    
   1.45425820       87733.6406      -1611656.25       15533.2900      -1573.00806    
   1.45639992       87817.0234      -1614326.25       15453.2930      -1728.84241    
   1.45854175       87900.1094      -1616999.75       15373.6729      -1887.60364    
   1.46068347       87983.5938      -1619671.50       15294.7373      -2049.75366    
   1.46282530       88066.8750      -1622343.62       15216.2471      -2215.10400    
   1.46496701       88149.1797      -1625018.50       15138.2012      -2383.60376    
   1.46710885       88230.9062      -1627693.00       15060.7715      -2555.59497    
   1.46925056       88314.5781      -1630368.00       14983.7871      -2730.83813    
   1.47139239       88396.0078      -1633047.75       14907.2480      -2909.40161    
   1.47353399       88478.3125      -1635723.62       14831.4609      -3091.61060    
   1.47567582       88560.0312      -1638403.88       14756.0176      -3277.19141    
   1.47781754       88641.1641      -1641081.50       14681.0869      -3466.24658    
   1.47995937       88723.0859      -1643762.62       14606.6699      -3659.20410    
   1.48210108       88803.1406      -1646443.38       14532.8682      -3855.36206    
   1.48424292       88884.2734      -1649126.12       14459.4785      -4055.69604    
   1.48638463       88964.9219      -1651808.75       14386.6699      -4259.35059    
   1.48852646       89044.4922      -1654494.25       14314.2383      -4466.66748    
   1.49066818       89124.6484      -1657178.50       14242.3887      -4678.10938    
   1.49281001       89204.2188      -1659864.25       14171.1201      -4893.33398    
   1.49495184       89283.3984      -1662550.50       14100.3320      -5112.56348    
   1.49709344       89361.1094      -1665238.25       14030.0225      -5335.59229    
   1.49923515       89440.7734      -1667927.25       13960.1582      -5562.62646    
   1.50137699       89518.4844      -1670615.38       13890.9434      -5793.83643    
   1.50351870       89596.9844      -1673305.50       13822.1406      -6029.05127    
   1.50566053       89673.2266      -1675997.62       13753.8848      -6268.59668    
   1.50780225       89750.4531      -1678689.75       13686.0742      -6512.02686    
   1.50994408       89826.6016      -1681384.88       13618.8447      -6760.04395    
   1.51208591       89902.5547      -1684079.00       13552.0273      -7012.06641    
   1.51422763       89978.4062      -1686773.75       13485.8594      -7268.57275    
   1.51636946       90053.7734      -1689471.25       13420.1367      -7529.34082    
   1.51851118       90128.8516      -1692168.88       13354.8594      -7794.86670    
   1.52065301       90202.5547      -1694868.00       13290.0264      -8064.51758    
   1.52279460       90276.8438      -1697568.62       13225.9473      -8339.20020    
   1.52493632       90349.7656      -1700270.50       13162.1416      -8618.02539    
   1.52707815       90424.5469      -1702969.62       13098.9521      -8901.98438    
   1.52921987       90495.4141      -1705674.62       13036.2080      -9190.35938    
   1.53136170       90569.1250      -1708379.62       12973.9082      -9483.35547    
   1.53350353       90640.2812      -1711081.50       12912.2246      -9781.43457    
   1.53564525       90712.6250      -1713790.75       12850.9863      -10084.4092    
   1.53778708       90782.3203      -1716497.62       12790.3301      -10392.3301    
   1.53992879       90851.9141      -1719206.62       12729.9131      -10705.0088    
   1.54207063       90920.4375      -1721916.62       12670.2148      -11022.3594    
   1.54421234       90990.6250      -1724628.25       12610.9619      -11345.4277    
   1.54635394       91059.6406      -1727337.50       12552.2568      -11673.5957    
   1.54849577       91126.8906      -1730052.25       12493.9961      -12006.8633    
   1.55063760       91195.9062      -1732764.75       12436.2832      -12345.4375    
   1.55277932       91261.5000      -1735483.75       12379.0156      -12689.3857    
   1.55492115       91328.6484      -1738198.12       12322.1934      -13038.4863    
   1.55706286       91394.7344      -1740916.88       12265.8838      -13392.9600    
   1.55920470       91459.9297      -1743634.75       12210.1562      -13752.9971    
   1.56134641       91525.0312      -1746353.75       12154.8740      -14118.6816    
   1.56348825       91588.5703      -1749076.38       12099.9004      -14489.9287    
   1.56562996       91651.8203      -1751799.25       12045.5078      -14866.6865    
   1.56777179       91715.0625      -1754523.00       11991.5605      -15249.1445    
   1.56991339       91776.9375      -1757248.00       11938.2637      -15637.4043    
   1.57205522       91840.3828      -1759973.25       11885.3438      -16031.7568    
   1.57419693       91899.8125      -1762699.75       11832.9365      -16431.8945    
   1.57633877       91959.2500      -1765431.00       11780.9746      -16837.7148    
   1.57848048       92019.8516      -1768158.62       11729.4570      -17249.7637    
   1.58062232       92078.1172      -1770889.38       11678.3857      -17667.7695    
   1.58276403       92137.7422      -1773620.62       11627.9639      -18092.1094    
   1.58490586       92193.9531      -1776355.62       11577.9189      -18522.4199    
   1.58704758       92253.3828      -1779089.25       11528.3193      -18959.2012    
   1.58918941       92309.6875      -1781824.25       11479.3008      -19401.9570    
   1.59133124       92364.0391      -1784562.88       11430.6250      -19851.1816    
   1.59347296       92418.1953      -1787300.75       11382.3604      -20307.0625    
   1.59561455       92472.6406      -1790040.50       11334.7109      -20769.1582    
   1.59775639       92527.4766      -1792781.88       11287.4043      -21237.7559    
   1.59989810       92578.6016      -1795522.00       11240.6113      -21713.3730    
   1.60203993       92631.9766      -1798264.50       11194.4004      -22195.6465    
   1.60418165       92682.6094      -1801009.38       11148.3604      -22684.1152    
   1.60632348       92735.1016      -1803753.12       11102.9707      -23179.9277    
   1.60846531       92785.2500      -1806500.75       11058.0605      -23682.3633    
   1.61060703       92832.4609      -1809247.88       11013.7314      -24191.9863    
   1.61274886       92879.5781      -1811998.25       10969.7109      -24708.3555    
   1.61489058       92927.2812      -1814750.62       10925.9648      -25231.9277    
   1.61703241       92975.3750      -1817500.88       10882.8340      -25762.3809    
   1.61917400       93022.6875      -1820252.75       10840.2510      -26300.3125    
   1.62131572       93066.4766      -1823004.75       10797.9766      -26845.5547    
   1.62345755       93112.6172      -1825761.25       10756.2158      -27397.9668    
   1.62559938       93155.2422      -1828518.62       10714.7969      -27957.7031    
   1.62774110       93195.9062      -1831276.50       10673.9590      -28524.9043    
   1.62988293       93240.4766      -1834035.00       10633.4307      -29099.9414    
   1.63202465       93281.9219      -1836793.12       10593.4150      -29682.6133    
   1.63416648       93321.8047      -1839553.62       10553.9131      -30272.8340    
   1.63630819       93361.1016      -1842316.12       10514.6162      -30870.5332    
   1.63845003       93401.3750      -1845082.88       10475.9355      -31476.2246    
   1.64059174       93441.2578      -1847841.00       10437.7686      -32090.0293    
   1.64273357       93477.6250      -1850609.75       10399.8418      -32711.3301    
   1.64487517       93511.4453      -1853374.12       10362.3936      -33341.0195    
   1.64701700       93548.3984      -1856145.25       10325.4238      -33978.3203    
   1.64915872       93583.7812      -1858914.38       10288.9004      -34624.2695    
   1.65130055       93616.0391      -1861683.50       10252.7529      -35278.3984    
   1.65344226       93650.6406      -1864455.75       10217.0508      -35940.5000    
   1.65558410       93685.0547      -1867227.50       10181.6562      -36611.5742    
   1.65772581       93715.5547      -1870001.75       10146.6045      -37290.6562    
   1.65986764       93747.8125      -1872774.00       10112.3047      -37978.2773    
   1.66200936       93775.9609      -1875554.38       10078.1084      -38674.4570    
   1.66415119       93806.4609      -1878327.88       10044.4941      -39379.5898    
   1.66629303       93835.1953      -1881104.38       10011.2910      -40093.6719    
   1.66843462       93860.6172      -1883883.62       9978.49805      -40815.9023    
   1.67057633       93887.3984      -1886666.38       9946.01367      -41546.9648    
   1.67271817       93914.7656      -1889442.62       9913.90527      -42287.5234    
   1.67485988       93938.6172      -1892225.00       9882.44727      -43036.8984    
   1.67700171       93964.0391      -1895007.75       9851.09180      -43795.3789    
   1.67914343       93985.7344      -1897789.38       9820.14746      -44563.2188    
   1.68128526       94006.8516      -1900578.00       9789.54590      -45340.0625    
   1.68342710       94030.1172      -1903361.25       9759.69629      -46126.7656    
   1.68556881       94050.8359      -1906149.50       9729.88184      -46922.0625    
   1.68771064       94070.5859      -1908935.38       9700.58008      -47727.5234    
   1.68985236       94087.3984      -1911726.38       9671.65527      -48542.2266    
   1.69199395       94107.7266      -1914513.12       9643.17578      -49366.7188    
   1.69413579       94127.6719      -1917301.00       9615.03809      -50200.9844    
   1.69627750       94143.7031      -1920094.00       9587.20898      -51044.8867    
   1.69841933       94159.7344      -1922883.38       9559.82422      -51898.8867    
   1.70056105       94174.2031      -1925679.12       9532.57715      -52762.3359    
   1.70270288       94189.0625      -1928474.00       9506.08301      -53636.8398    
   1.70484471       94201.9609      -1931269.38       9479.58789      -54520.2773    
   1.70698643       94213.8906      -1934062.62       9453.81250      -55415.0117    
   1.70912826       94226.5938      -1936858.38       9428.20801      -56319.3984    
   1.71126997       94237.9375      -1939654.50       9402.91211      -57234.2617    
   1.71341181       94246.3438      -1942451.38       9378.06055      -58159.2734    
   1.71555352       94258.4609      -1945248.25       9353.72266      -59095.7539    
   1.71769512       94266.8672      -1948045.12       9329.55566      -60042.2617    
   1.71983695       94274.2969      -1950841.88       9305.59473      -60999.2617    
   1.72197878       94283.0938      -1953641.88       9282.11230      -61967.4023    
   1.72412050       94289.5469      -1956441.88       9259.10938      -62946.2734    
   1.72626233       94294.4375      -1959245.88       9236.17480      -63935.8945    
   1.72840405       94298.5391      -1962045.00       9213.82227      -64936.7969    
   1.73054588       94302.2578      -1964843.88       9191.57227      -65948.9922    
   1.73268759       94308.1250      -1967649.00       9169.90430      -66972.1641    
   1.73482943       94312.2266      -1970446.25       9148.33984      -68006.5547    
   1.73697114       94309.6875      -1973252.12       9127.35645      -69052.3125    
   1.73911297       94311.6406      -1976058.38       9106.47559      -70109.6406    
   1.74125457       94316.9219      -1978854.38       9086.07422      -71178.6953    
   1.74339640       94313.3984      -1981665.38       9065.80957      -72258.8984    
   1.74553812       94315.5469      -1984469.25       9045.81934      -73351.2109    
   1.74767995       94314.1797      -1987271.25       9026.37598      -74455.1953    
   1.74982166       94309.6875      -1990078.62       9007.03613      -75570.8906    
   1.75196350       94310.4688      -1992877.50       8988.20898      -76699.2422    
   1.75410521       94308.5156      -1995681.38       8969.48438      -77839.0391    
   1.75624704       94303.2344      -1998487.62       8951.13672      -78991.1875    
   1.75838876       94297.3672      -2001293.88       8933.02930      -80155.5859    
   1.76053059       94296.1953      -2004095.50       8915.43457      -81332.6562    
   1.76267242       94290.7188      -2006902.50       8897.83984      -82521.9609    
   1.76481402       94280.7500      -2009708.75       8880.72461      -83723.1250    
   1.76695573       94277.8203      -2012511.12       8863.95215      -84937.8828    
   1.76909757       94267.6484      -2015315.00       8847.24707      -86165.0312    
   1.77123928       94261.0078      -2018124.00       8830.71387      -87404.2578    
   1.77338111       94252.6016      -2020924.75       8814.89941      -88657.4219    
   1.77552283       94248.8828      -2023724.00       8799.11914      -89923.3516    
   1.77766466       94238.5234      -2026525.88       8783.50977      -91201.9453    
   1.77980649       94226.2031      -2029333.00       8768.37988      -92494.0156    
   1.78194821       94217.9922      -2032133.75       8753.21582      -93799.1562    
   1.78409004       94209.7812      -2034932.62       8738.70215      -95117.8828    
   1.78623176       94199.2266      -2037741.50       8724.15430      -96450.0000    
   1.78837359       94189.8438      -2040535.25       8709.84570      -97795.7031    
   1.79051518       94179.4766      -2043333.75       8695.98242      -99155.3203    
   1.79265690       94166.3828      -2046139.62       8682.18750      -100527.570    
   1.79479873       94152.8906      -2048935.25       8668.49512      -101914.812    
   1.79694045       94143.5078      -2051738.00       8655.24805      -103315.406    
   1.79908228       94130.4062      -2054531.75       8642.51465      -104730.141    
   1.80122411       94120.0469      -2057328.25       8629.43848      -106159.438    
   1.80336583       94106.7500      -2060126.62       8616.94434      -107602.250    
   1.80550766       94093.8516      -2062919.25       8604.62109      -109060.164    
   1.80764937       94082.3125      -2065710.62       8592.53809      -110532.383    
   1.80979121       94071.3672      -2068506.38       8580.62598      -112018.367    
   1.81193292       94058.8516      -2071294.25       8568.98730      -113519.438    
   1.81407452       94042.0391      -2074090.25       8557.34863      -115035.406    
   1.81621635       94028.1641      -2076878.62       8546.05273      -116565.906    
   1.81835818       94022.6875      -2079661.00       8535.03027      -118112.102    
   1.82049990       94003.5234      -2082448.88       8524.11133      -119672.055    
   1.82264173       93992.7734      -2085230.88       8513.63672      -121248.711    
   1.82478344       93975.9609      -2088018.38       8502.99121      -122839.180    
   1.82692528       93967.3594      -2090797.25       8492.79004      -124445.562    
   1.82906699       93954.6484      -2093579.25       8482.62402      -126067.086    
   1.83120883       93942.3359      -2096356.12       8472.69727      -127704.828    
   1.83335054       93930.2109      -2099132.00       8463.04395      -129357.664    
   1.83549237       93918.6797      -2101907.00       8453.21973      -131025.938    
   1.83763397       93910.2734      -2104681.50       8444.04590      -132711.203    
   1.83977580       93898.1484      -2107444.00       8434.73535      -134411.625    
   1.84191751       93889.9375      -2110213.00       8425.56152      -136127.688    
   1.84405935       93872.5391      -2112986.00       8416.73047      -137860.562    
   1.84620106       93865.6953      -2115748.50       8407.83008      -139609.609    
   1.84834290       93855.5312      -2118515.00       8399.40918      -141375.422    
   1.85048461       93845.1719      -2121267.25       8390.85156      -143156.891    
   1.85262644       93836.5703      -2124028.75       8382.43066      -144955.172    
   1.85476816       93828.7500      -2126779.50       8374.28418      -146771.016    
   1.85690999       93826.2031      -2129531.50       8366.06836      -148602.812    
   1.85905182       93815.8438      -2132281.00       8358.26465      -150451.641    
   1.86119354       93811.1484      -2135026.00       8350.32324      -152318.062    
   1.86333513       93806.2656      -2137772.00       8342.65527      -154200.391    
   1.86547697       93803.9219      -2140512.50       8335.12402      -156101.156    
   1.86761868       93803.1328      -2143246.50       8327.66211      -158018.672    
   1.86976051       93795.9062      -2145985.00       8320.26855      -159953.812    
   1.87190223       93801.5703      -2148711.25       8312.94336      -161907.047    
   1.87404406       93797.4688      -2151440.00       8305.89160      -163877.312    
   1.87618589       93797.6641      -2154165.00       8298.83984      -165865.453    
   1.87832761       93796.2969      -2156892.50       8291.78906      -167871.500    
   1.88046944       93801.3750      -2159603.00       8285.01074      -169896.172    
   1.88261116       93806.4609      -2162321.25       8278.16504      -171938.422    
   1.88475299       93809.0000      -2165028.75       8271.52441      -173999.375    
   1.88689458       93816.2344      -2167734.75       8264.81543      -176077.672    
   1.88903630       93826.0078      -2170437.75       8258.10547      -178175.125    
   1.89117813       93834.0234      -2173137.25       8251.73926      -180291.609    
   1.89331996       93843.8047      -2175829.75       8245.37207      -182426.438    
   1.89546168       93852.4062      -2178520.75       8238.93652      -184580.531    
   1.89760351       93873.5156      -2181201.75       8232.63867      -186753.000    
   1.89974523       93886.6172      -2183887.25       8226.33984      -188944.469    
   1.90188706       93904.7969      -2186566.50       8219.90430      -191155.422    
   1.90402877       93916.9219      -2189233.50       8213.74316      -193385.328    
   1.90617061       93942.1406      -2191901.25       8207.71875      -195635.547    
   1.90831232       93965.6016      -2194561.75       8201.35156      -197904.203    
   1.91045415       93985.5391      -2197221.75       8195.39551      -200192.891    
   1.91259575       94016.4297      -2199868.50       8189.23389      -202501.938    
   1.91473758       94043.8047      -2202514.00       8183.27783      -204830.422    
   1.91687930       94075.0781      -2205155.00       8177.25342      -207179.281    
   1.91902113       94108.7109      -2207784.50       8171.16016      -209547.594    
   1.92116284       94141.5547      -2210425.25       8165.20410      -211936.250    
   1.92330468       94178.3047      -2213043.75       8158.97412      -214345.828    
   1.92544639       94219.1641      -2215660.00       8153.08643      -216775.938    
   1.92758822       94258.6562      -2218279.75       8146.99365      -219226.422    
   1.92972994       94305.3828      -2220880.75       8140.90039      -221697.469    
   1.93187177       94347.8047      -2223478.25       8134.60205      -224189.438    
   1.93401361       94404.3125      -2226071.75       8128.50879      -226702.516    
   1.93615520       94457.0938      -2228653.50       8122.62158      -229237.281    
   1.93829691       94510.8594      -2231238.25       8116.25439      -231792.094    
   1.94043875       94572.6406      -2233806.75       8110.16162      -234369.438    
   1.94258046       94629.9219      -2236377.50       8103.72607      -236967.656    
   1.94472229       94691.3047      -2238944.00       8097.35938      -239587.297    
   1.94686401       94763.8359      -2241479.50       8090.99219      -242229.703    
   1.94900584       94834.8047      -2244036.50       8084.76221      -244893.266    
   1.95114768       94906.1641      -2246579.00       8078.12158      -247578.547    
   1.95328939       94986.9062      -2249101.00       8071.68652      -250286.594    
   1.95543122       95066.4766      -2251625.50       8065.04541      -253016.297    
   1.95757294       95149.5703      -2254134.75       8058.19971      -255769.125    
   1.95971453       95238.1328      -2256642.25       8051.35352      -258544.188    
   1.96185637       95332.5547      -2259135.75       8044.57568      -261341.734    
   1.96399808       95427.1797      -2261632.75       8037.52441      -264161.531    
   1.96613991       95523.5625      -2264112.50       8030.47266      -267005.250    
   1.96828163       95629.5312      -2266575.75       8022.94189      -269872.000    
   1.97042346       95736.8594      -2269042.25       8015.89062      -272761.500    
   1.97256529       95845.3594      -2271497.00       8008.29150      -275674.125    
   1.97470701       95966.1875      -2273945.50       8000.89746      -278610.625    
   1.97684884       96089.7422      -2276373.50       7993.29834      -281570.969    
   1.97899055       96212.3203      -2278803.00       7985.28857      -284554.125    
   1.98113239       96337.6406      -2281224.50       7977.55225      -287562.000    
   1.98327410       96478.4062      -2283625.25       7969.33691      -290593.500    
   1.98541570       96613.2969      -2286021.75       7961.12158      -293648.844    
   1.98755753       96760.1250      -2288407.25       7952.70117      -296728.344    
   1.98969936       96908.8984      -2290784.25       7944.41748      -299832.594    
   1.99184108       97056.8984      -2293148.50       7935.58594      -302961.531    
   1.99398291       97216.8203      -2295506.75       7926.61719      -306114.625    
   1.99612463       97383.1953      -2297848.50       7917.58057      -309293.469    
   1.99826646       97551.9141      -2300189.00       7908.33838      -312496.031    
   2.00040817       97729.6250      -2302505.75       7899.16455      -315724.312    
   2.00254989       97912.6172      -2304809.50       7889.23779      -318978.188    
   2.00469184       98094.6250      -2307116.00       7879.58447      -322256.719    
   2.00683355       98292.6719      -2309400.75       7869.65771      -325561.250    
   2.00897527       98482.1172      -2311674.50       7859.52539      -328890.656    
   2.01111698       98685.2422      -2313940.00       7849.18799      -332246.281    
   2.01325870       98896.7812      -2316192.00       7838.50830      -335628.062    
   2.01540041       99124.1484      -2318408.00       7827.62256      -339035.906    
   2.01754236       99348.5859      -2320634.75       7816.46338      -342470.312    
   2.01968408       99570.6797      -2322852.50       7805.09912      -345929.719    
   2.02182579       99815.0547      -2325050.75       7793.66602      -349416.594    
   2.02396750       100054.938      -2327237.25       7781.75391      -352930.062    
   2.02610946       100307.531      -2329411.25       7769.70459      -356470.750    
   2.02825117       100562.664      -2331570.75       7757.38184      -360037.500    
   2.03039289       100825.414      -2333710.00       7745.12744      -363631.625    
   2.03253460       101096.188      -2335839.50       7732.11963      -367253.000    
   2.03467631       101374.781      -2337957.00       7718.90674      -370900.969    
   2.03681803       101664.320      -2340059.50       7705.48828      -374576.938    
   2.03895998       101965.984      -2342135.75       7691.79590      -378281.656    
   2.04110169       102262.172      -2344208.25       7677.69287      -382012.594    
   2.04324341       102575.562      -2346264.50       7663.45312      -385772.188    
   2.04538512       102895.992      -2348308.50       7648.87109      -389559.906    
   2.04752707       103229.719      -2350311.75       7634.28857      -393376.562    
   2.04966879       103560.508      -2352326.25       7619.02197      -397219.719    
   2.05181050       103910.852      -2354312.50       7603.68652      -401092.688    
   2.05395246       104260.016      -2356290.25       7587.66699      -404994.812    
   2.05609417       104626.586      -2358243.75       7571.37305      -408925.438    
   2.05823565       104996.281      -2360183.75       7555.07959      -412884.344    
   2.06037760       105374.383      -2362106.75       7538.16943      -416872.875    
   2.06251931       105765.586      -2364017.00       7520.78027      -420890.219    
   2.06466103       106167.148      -2365897.25       7503.32275      -424938.000    
   2.06680298       106573.797      -2367771.25       7485.31738      -429014.938    
   2.06894469       106992.367      -2369618.75       7467.03857      -433120.875    
   2.07108641       107427.562      -2371448.00       7448.55420      -437257.875    
   2.07322812       107859.234      -2373270.75       7429.17969      -441423.688    
   2.07537007       108316.125      -2375049.50       7409.94189      -445621.594    
   2.07751179       108779.859      -2376833.00       7390.02002      -449848.031    
   2.07965350       109242.414      -2378594.50       7369.75537      -454106.281    
   2.08179522       109725.312      -2380327.00       7349.42236      -458394.156    
   2.08393693       110213.094      -2382038.50       7328.19971      -462713.562    
   2.08607864       110725.117      -2383725.50       7306.56592      -467064.312    
   2.08822060       111247.695      -2385405.25       7284.93213      -471446.094    
   2.09036231       111760.695      -2387060.50       7262.47705      -475858.562    
   2.09250402       112303.609      -2388683.50       7239.67920      -480302.781    
   2.09464574       112855.320      -2390298.50       7216.40283      -484778.656    
   2.09678769       113413.867      -2391889.75       7192.57812      -489286.344    
   2.09892941       113988.258      -2393460.00       7168.61670      -493825.562    
   2.10107112       114580.438      -2394996.25       7144.17627      -498397.656    
   2.10321283       115184.547      -2396517.00       7118.84570      -503001.906    
   2.10535455       115791.188      -2398014.50       7093.24121      -507637.719    
   2.10749626       116421.492      -2399489.00       7067.43164      -512307.500    
   2.10963821       117051.992      -2400941.50       7040.80029      -517009.125    
   2.11177993       117704.969      -2402359.50       7014.03174      -521744.469    
   2.11392164       118380.242      -2403766.50       6986.37354      -526512.250    
   2.11606336       119056.680      -2405143.75       6958.50977      -531313.438    
   2.11820531       119749.742      -2406494.00       6929.96143      -536148.688    
   2.12034702       120462.938      -2407822.50       6900.72900      -541016.875    
   2.12248874       121181.211      -2409134.25       6870.87988      -545918.500    
   2.12463069       121909.656      -2410404.00       6840.89404      -550854.688    
   2.12677240       122673.297      -2411652.50       6810.22314      -555824.875    
   2.12891412       123442.016      -2412874.75       6779.07373      -560828.812    
   2.13105583       124219.727      -2414076.25       6747.30762      -565868.188    
   2.13319755       125025.195      -2415241.00       6714.85693      -570942.062    
   2.13533926       125833.016      -2416382.50       6681.92725      -576049.375    
   2.13748097       126667.422      -2417495.25       6648.51807      -581193.562    
   2.13962293       127510.438      -2418583.50       6614.28760      -586371.438    
   2.14176464       128372.602      -2419638.00       6579.78320      -591585.812    
