0.037924
0.037867
0.037431
0.036620
0.035443
0.033910
0.032038
0.029844
0.027352
0.024586
0.021574
0.018345
0.014933
0.011371
0.007695
0.003942
0.000150
-0.003644
-0.007401
-0.011085
-0.014657
-0.018082
-0.021326
-0.024357
-0.027144
-0.029658
-0.031876
-0.033775
-0.035335
-0.036541
-0.037381
-0.037847
-0.037933
-0.037640
-0.036970
-0.035929
-0.034528
-0.032782
-0.030707
-0.028325
-0.025659
-0.022735
-0.019585
-0.016238
-0.012728
-0.009091
-0.005363
-0.001581
0.002217
0.005993
0.009708
0.013326
0.016811
0.020128
0.023242
0.026124
0.028745
0.031077
0.033098
0.034788
0.036129
0.037108
0.037716
0.037945
0.037795
0.037266
0.036364
0.035097
0.033479
0.031526
0.029257
0.026695
0.023865
0.020796
0.017519
0.014067
0.010474
0.006775
0.003009
-0.000787
-0.004575
-0.008318
-0.011977
-0.015516
-0.018900
-0.022095
-0.025068
-0.027790
-0.030234
-0.032375
-0.034191
-0.035665
-0.036782
-0.037531
-0.037903
-0.037896
-0.037509
-0.036747
-0.035616
-0.034129
-0.032300
-0.030147
-0.027693
-0.024961
-0.021978
-0.018776
-0.015386
-0.011841
-0.008178
-0.004434
-0.000644
0.003152
0.006916
0.010611
0.014200
0.017646
0.020916
0.023976
0.026796
0.029348
0.031605
0.033546
0.035151
0.036404
0.037293
0.037807
0.037943
0.037699
0.037078
0.036085
0.034730
0.033028
0.030995
0.028651
0.026021
0.023129
0.020006
0.016683
0.013193
0.009570
0.005851
0.002074
-0.001723
-0.005504
-0.009229
-0.012862
-0.016367
-0.019707
-0.022850
-0.025764
-0.028420
-0.030791
-0.032854
-0.034587
-0.035975
-0.037001
-0.037658
-0.037937
-0.037836
-0.037356
-0.036502
-0.035282
-0.033709
-0.031798
-0.029569
-0.027044
-0.024247
-0.021208
-0.017956
-0.014525
-0.010948
-0.007261
-0.003502
0.000293
0.004084
0.007835
0.011507
0.015064
0.018470
0.021691
0.024695
0.027451
0.029933
0.032114
0.033974
0.035494
0.036658
0.037455
0.037876
0.037919
0.037581
0.036867
0.035784
0.034342
0.032557
0.030445
0.028028
0.025331
0.022380
0.019204
0.015836
0.012310
0.008661
0.004924
0.001138
-0.002659
-0.006429
-0.010135
-0.013740
-0.017207
-0.020501
-0.023591
-0.026444
-0.029032
-0.031329
-0.033312
-0.034962
-0.036262
-0.037198
-0.037762
-0.037947
-0.037753
-0.037180
-0.036235
-0.034927
-0.033269
-0.031277
-0.028973
-0.026378
-0.023519
-0.020425
-0.017126
-0.013655
-0.010048
-0.006339
-0.002568
0.001229
0.005014
0.008749
0.012396
0.015919
0.019283
0.022453
0.025399
0.028090
0.030499
0.032603
0.034381
0.035814
0.036889
0.037594
0.037922
0.037871
0.037440
0.036634
0.035461
0.033933
0.032065
0.029876
0.027388
0.024625
0.021616
0.018390
0.014980
0.011420
0.007746
0.003994
0.000202
-0.003592
-0.007351
-0.011035
-0.014609
-0.018037
-0.021284
-0.024317
-0.027107
-0.029626
-0.031848
-0.033751
-0.035316
-0.036527
-0.037372
-0.037843
-0.037935
-0.037646
-0.036981
-0.035945
-0.034550
-0.032808
-0.030737
-0.028359
-0.025697
-0.022777
-0.019629
-0.016284
-0.012777
-0.009141
-0.005414
-0.001632
0.002165
0.005941
0.009658
0.013278
0.016765
0.020084
0.023201
0.026087
0.028711
0.031047
0.033073
0.034767
0.036113
0.037097
0.037710
0.037945
0.037800
0.037276
0.036379
0.035117
0.033504
0.031555
0.029290
0.026731
0.023905
0.020840
0.017565
0.014115
0.010523
0.006826
0.003061
-0.000735
-0.004524
-0.008267
-0.011928
-0.015469
-0.018855
-0.022053
-0.025029
-0.027755
-0.030202
-0.032348
-0.034169
-0.035648
-0.036770
-0.037523
-0.037901
-0.037899
-0.037517
-0.036760
-0.035634
-0.034152
-0.032327
-0.030179
-0.027728
-0.025000
-0.022021
-0.018821
-0.015433
-0.011891
-0.008229
-0.004485
-0.000696
0.003100
0.006865
0.010561
0.014151
0.017600
0.020872
0.023936
0.026759
0.029315
0.031577
0.033522
0.035132
0.036390
0.037283
0.037803
0.037944
0.037705
0.037089
0.036101
0.034751
0.033054
0.031025
0.028685
0.026058
0.023170
0.020050
0.016730
0.013241
0.009620
0.005903
0.002126
-0.001672
-0.005453
-0.009179
-0.012814
-0.016320
-0.019663
-0.022808
-0.025726
-0.028385
-0.030760
-0.032828
-0.034566
-0.035958
-0.036990
-0.037651
-0.037936
-0.037840
-0.037365
-0.036516
-0.035301
-0.033733
-0.031827
-0.029602
-0.027080
-0.024287
-0.021251
-0.018002
-0.014573
-0.010997
-0.007312
-0.003553
0.000241
0.004033
0.007784
0.011458
0.015016
0.018425
0.021648
0.024655
0.027415
0.029901
0.032086
0.033951
0.035475
0.036644
0.037446
0.037873
0.037921
0.037588
0.036879
0.035801
0.034364
0.032583
0.030476
0.028063
0.025369
0.022421
0.019249
0.015884
0.012359
0.008711
0.004976
0.001190
-0.002607
-0.006378
-0.010085
-0.013692
-0.017161
-0.020458
-0.023550
-0.026406
-0.028998
-0.031300
-0.033288
-0.034942
-0.036246
-0.037188
-0.037757
-0.037947
-0.037758
-0.037190
-0.036250
-0.034947
-0.033294
-0.031307
-0.029006
-0.026415
-0.023560
-0.020468
-0.017172
-0.013703
-0.010098
-0.006391
-0.002620
0.001178
0.004963
0.008699
0.012347
0.015872
0.019238
0.022411
0.025360
0.028055
0.030468
0.032577
0.034359
0.035797
0.036876
0.037587
0.037920
0.037874
0.037448
0.036648
0.035480
0.033956
0.032093
0.029908
0.027424
0.024665
0.021659
0.018436
0.015028
0.011470
0.007797
0.004045
0.000253
-0.003541
-0.007300
-0.010985
-0.014561
-0.017991
-0.021241
-0.024277
-0.027071
-0.029594
-0.031820
-0.033727
-0.035297
-0.036513
-0.037363
-0.037839
-0.037936
-0.037653
-0.036993
-0.035962
-0.034571
-0.032834
-0.030768
-0.028394
-0.025735
-0.022818
-0.019673
-0.016331
-0.012826
-0.009191
-0.005465
-0.001684
0.002114
0.005890
0.009608
0.013229
0.016718
0.020040
0.023160
0.026049
0.028677
0.031017
0.033047
0.034746
0.036097
0.037086
0.037704
0.037944
0.037804
0.037285
0.036393
0.035137
0.033528
0.031583
0.029323
0.026768
0.023945
0.020883
0.017611
0.014163
0.010573
0.006877
0.003113
-0.000683
-0.004472
-0.008217
-0.011879
-0.015422
-0.018810
-0.022010
-0.024990
-0.027719
-0.030171
-0.032321
-0.034146
-0.035630
-0.036757
-0.037515
-0.037898
-0.037901
-0.037525
-0.036773
