1.000000 1.000000 1.015232 1.007716 0.000006 -0.000015
1.000000 1.000000 1.015231 1.007713 0.000031 -0.000064
1.000000 1.000000 1.015234 1.007715 0.000071 -0.000142
1.000000 1.000000 1.015240 1.007717 0.000127 -0.000246
1.000000 1.000000 1.015247 1.007720 0.000199 -0.000377
1.000000 1.000000 1.015257 1.007724 0.000287 -0.000535
0.999999 0.999999 1.015268 1.007729 0.000391 -0.000720
0.999999 0.999999 1.015280 1.007734 0.000510 -0.000931
0.999998 0.999998 1.015294 1.007740 0.000646 -0.001168
0.999997 0.999996 1.015310 1.007746 0.000797 -0.001430
0.999996 0.999995 1.015328 1.007753 0.000965 -0.001719
0.999994 0.999993 1.015347 1.007760 0.001148 -0.002033
0.999992 0.999990 1.015367 1.007768 0.001347 -0.002372
0.999989 0.999986 1.015389 1.007775 0.001562 -0.002736
0.999985 0.999981 1.015412 1.007783 0.001794 -0.003125
0.999981 0.999976 1.015437 1.007791 0.002041 -0.003539
0.999975 0.999969 1.015462 1.007799 0.002304 -0.003978
0.999968 0.999961 1.015489 1.007807 0.002583 -0.004441
0.999961 0.999952 1.015516 1.007814 0.002878 -0.004928
0.999951 0.999940 1.015545 1.007821 0.003189 -0.005440
0.999941 0.999927 1.015574 1.007828 0.003516 -0.005975
0.999928 0.999912 1.015604 1.007834 0.003859 -0.006535
0.999914 0.999895 1.015634 1.007839 0.004218 -0.007118
0.999897 0.999875 1.015665 1.007844 0.004593 -0.007724
0.999879 0.999853 1.015697 1.007847 0.004983 -0.008354
0.999857 0.999828 1.015728 1.007849 0.005390 -0.009008
0.999834 0.999799 1.015760 1.007850 0.005813 -0.009684
0.999807 0.999768 1.015791 1.007849 0.006252 -0.010384
0.999777 0.999732 1.015823 1.007847 0.006707 -0.011107
0.999744 0.999693 1.015854 1.007842 0.007178 -0.011852
0.999707 0.999650 1.015884 1.007836 0.007665 -0.012620
0.999667 0.999602 1.015914 1.007827 0.008168 -0.013411
0.999622 0.999550 1.015943 1.007816 0.008686 -0.014224
0.999573 0.999492 1.015972 1.007803 0.009221 -0.015060
0.999520 0.999429 1.015999 1.007787 0.009772 -0.015917
0.999462 0.999361 1.016025 1.007767 0.010338 -0.016797
0.999398 0.999286 1.016049 1.007745 0.010921 -0.017699
0.999329 0.999206 1.016072 1.007719 0.011519 -0.018623
0.999254 0.999118 1.016093 1.007689 0.012133 -0.019569
0.999173 0.999024 1.016112 1.007655 0.012763 -0.020536
0.999085 0.998922 1.016128 1.007617 0.013409 -0.021525
0.998991 0.998813 1.016142 1.007575 0.014071 -0.022535
0.998889 0.998695 1.016154 1.007529 0.014749 -0.023567
0.998780 0.998569 1.016163 1.007477 0.015442 -0.024620
0.998664 0.998434 1.016168 1.007420 0.016151 -0.025695
0.998539 0.998289 1.016171 1.007358 0.016876 -0.026790
0.998405 0.998135 1.016169 1.007290 0.017616 -0.027906
0.998262 0.997971 1.016165 1.007216 0.018372 -0.029044
0.998110 0.997796 1.016155 1.007136 0.019144 -0.030202
0.997949 0.997610 1.016142 1.007050 0.019931 -0.031380
0.997777 0.997413 1.016124 1.006957 0.020734 -0.032579
0.997594 0.997203 1.016102 1.006856 0.021553 -0.033799
0.997401 0.996982 1.016074 1.006748 0.022386 -0.035039
0.997196 0.996747 1.016041 1.006633 0.023236 -0.036300
0.996979 0.996499 1.016003 1.006509 0.024100 -0.037580
0.996749 0.996237 1.015959 1.006377 0.024980 -0.038881
0.996507 0.995961 1.015908 1.006237 0.025876 -0.040201
0.996252 0.995670 1.015851 1.006087 0.026786 -0.041542
0.995982 0.995364 1.015788 1.005929 0.027712 -0.042902
0.995699 0.995042 1.015717 1.005760 0.028653 -0.044282
0.995400 0.994703 1.015639 1.005582 0.029609 -0.045682
0.995087 0.994347 1.015554 1.005393 0.030580 -0.047100
0.994757 0.993974 1.015460 1.005193 0.031566 -0.048539
0.994412 0.993583 1.015359 1.004983 0.032567 -0.049997
0.994049 0.993173 1.015248 1.004761 0.033583 -0.051473
0.993670 0.992744 1.015129 1.004527 0.034614 -0.052969
0.993272 0.992296 1.015001 1.004281 0.035659 -0.054484
0.992856 0.991827 1.014863 1.004023 0.036719 -0.056018
0.992421 0.991337 1.014715 1.003752 0.037794 -0.057570
0.991966 0.990825 1.014557 1.003467 0.038883 -0.059142
0.991492 0.990292 1.014388 1.003169 0.039987 -0.060731
0.990996 0.989735 1.014208 1.002856 0.041105 -0.062340
0.990480 0.989156 1.014017 1.002530 0.042237 -0.063966
0.989941 0.988552 1.013814 1.002188 0.043384 -0.065611
0.989381 0.987924 1.013599 1.001831 0.044545 -0.067274
0.988797 0.987270 1.013372 1.001458 0.045720 -0.068955
0.988189 0.986591 1.013132 1.001070 0.046909 -0.070654
0.987557 0.985885 1.012878 1.000665 0.048111 -0.072371
0.986901 0.985152 1.012611 1.000242 0.049328 -0.074106
0.986219 0.984391 1.012330 0.999803 0.050559 -0.075858
0.985510 0.983602 1.012035 0.999345 0.051803 -0.077628
0.984775 0.982784 1.011725 0.998870 0.053061 -0.079415
0.984013 0.981935 1.011400 0.998376 0.054332 -0.081220
0.983222 0.981057 1.011059 0.997862 0.055617 -0.083042
0.982403 0.980147 1.010702 0.997330 0.056915 -0.084881
0.981554 0.979205 1.010329 0.996777 0.058227 -0.086737
0.980676 0.978231 1.009938 0.996204 0.059551 -0.088610
0.979766 0.977223 1.009531 0.995610 0.060889 -0.090499
0.978826 0.976182 1.009106 0.994994 0.062240 -0.092406
0.977853 0.975106 1.008663 0.994357 0.063603 -0.094329
0.976847 0.973995 1.008201 0.993697 0.064980 -0.096268
0.975808 0.972847 1.007720 0.993015 0.066369 -0.098225
0.974735 0.971663 1.007220 0.992310 0.067770 -0.100197
0.973628 0.970441 1.006700 0.991581 0.069184 -0.102185
0.972484 0.969182 1.006160 0.990828 0.070611 -0.104190
0.971305 0.967883 1.005598 0.990050 0.072050 -0.106211
0.970088 0.966545 1.005016 0.989247 0.073501 -0.108247
0.968834 0.965167 1.004412 0.988419 0.074964 -0.110300
0.967542 0.963747 1.003786 0.987565 0.076439 -0.112368
0.966211 0.962286 1.003137 0.986684 0.077926 -0.114451
0.964840 0.960782 1.002466 0.985776 0.079425 -0.116550
0.963428 0.959235 1.001770 0.984841 0.080936 -0.118665
0.961976 0.957644 1.001051 0.983878 0.082458 -0.120795
0.960481 0.956009 1.000307 0.982887 0.083991 -0.122940
0.958944 0.954328 0.999539 0.981867 0.085536 -0.125100
0.957364 0.952601 0.998745 0.980817 0.087093 -0.127275
0.955740 0.950827 0.997925 0.979737 0.088660 -0.129466
0.954071 0.949006 0.997079 0.978627 0.090239 -0.131670
0.952356 0.947137 0.996206 0.977487 0.091828 -0.133890
0.950595 0.945218 0.995306 0.976315 0.093429 -0.136125
0.948788 0.943250 0.994378 0.975111 0.095040 -0.138373
0.946932 0.941232 0.993421 0.973875 0.096662 -0.140637
0.945029 0.939162 0.992437 0.972606 0.098294 -0.142915
0.943076 0.937041 0.991422 0.971304 0.099937 -0.145207
0.941074 0.934867 0.990379 0.969969 0.101591 -0.147513
0.939021 0.932640 0.989305 0.968599 0.103254 -0.149833
0.936917 0.930359 0.988200 0.967194 0.104928 -0.152167
0.934761 0.928024 0.987064 0.965755 0.106611 -0.154516
0.932553 0.925633 0.985897 0.964279 0.108305 -0.156878
0.930291 0.923186 0.984698 0.962768 0.110009 -0.159254
0.927976 0.920683 0.983466 0.961220 0.111722 -0.161644
0.925605 0.918123 0.982201 0.959635 0.113445 -0.164047
0.923180 0.915504 0.980902 0.958012 0.115178 -0.166464
0.920698 0.912828 0.979570 0.956352 0.116920 -0.168894
0.918160 0.910091 0.978203 0.954653 0.118671 -0.171338
0.915564 0.907295 0.976801 0.952915 0.120432 -0.173795
0.912910 0.904439 0.975364 0.951137 0.122202 -0.176265
0.910198 0.901522 0.973890 0.949320 0.123981 -0.178749
0.907426 0.898542 0.972381 0.947463 0.125769 -0.181245
0.904594 0.895501 0.970834 0.945565 0.127566 -0.183755
0.901702 0.892396 0.969250 0.943625 0.129372 -0.186278
0.898749 0.889228 0.967629 0.941645 0.131186 -0.188814
0.895733 0.885996 0.965969 0.939622 0.133009 -0.191362
0.892655 0.882700 0.964271 0.937556 0.134841 -0.193924
0.889514 0.879338 0.962533 0.935448 0.136681 -0.196498
0.886310 0.875911 0.960756 0.933296 0.138530 -0.199085
0.883041 0.872417 0.958938 0.931101 0.140387 -0.201685
0.879707 0.868857 0.957080 0.928861 0.142253 -0.204298
0.876308 0.865230 0.955182 0.926577 0.144126 -0.206923
0.872844 0.861535 0.953241 0.924248 0.146008 -0.209561
0.869312 0.857771 0.951259 0.921873 0.147898 -0.212211
0.865714 0.853940 0.949235 0.919453 0.149795 -0.214874
0.862048 0.850039 0.947168 0.916987 0.151701 -0.217549
0.858314 0.846068 0.945058 0.914474 0.153615 -0.220237
0.854512 0.842028 0.942904 0.911914 0.155536 -0.222937
0.850641 0.837918 0.940707 0.909307 0.157465 -0.225649
0.846700 0.833737 0.938465 0.906652 0.159402 -0.228374
0.842690 0.829485 0.936178 0.903949 0.161346 -0.231112
0.838609 0.825161 0.933846 0.901198 0.163299 -0.233861
0.834458 0.820767 0.931469 0.898399 0.165258 -0.236624
0.830236 0.816300 0.929046 0.895550 0.167225 -0.239398
0.825942 0.811761 0.926576 0.892652 0.169200 -0.242185
0.821576 0.807150 0.924060 0.889705 0.171182 -0.244984
0.817139 0.802466 0.921496 0.886708 0.173172 -0.247796
0.812628 0.797709 0.918885 0.883660 0.175169 -0.250620
0.808045 0.792879 0.916227 0.880562 0.177173 -0.253456
0.803389 0.787976 0.913520 0.877414 0.179184 -0.256305
0.798660 0.782999 0.910765 0.874214 0.181203 -0.259166
0.793857 0.777950 0.907961 0.870963 0.183229 -0.262040
0.788980 0.772826 0.905108 0.867661 0.185263 -0.264926
0.784030 0.767629 0.902206 0.864307 0.187303 -0.267825
0.779005 0.762358 0.899253 0.860901 0.189351 -0.270736
0.773906 0.757014 0.896251 0.857443 0.191407 -0.273660
0.768732 0.751596 0.893199 0.853933 0.193469 -0.276596
0.763484 0.746104 0.890096 0.850370 0.195539 -0.279546
0.758161 0.740538 0.886942 0.846754 0.197616 -0.282507
0.752763 0.734900 0.883737 0.843086 0.199700 -0.285482
0.747291 0.729187 0.880480 0.839365 0.201791 -0.288470
0.741744 0.723402 0.877172 0.835590 0.203890 -0.291470
0.736122 0.717543 0.873812 0.831762 0.205997 -0.294484
0.730425 0.711612 0.870400 0.827881 0.208110 -0.297511
0.724653 0.705607 0.866936 0.823947 0.210231 -0.300550
0.718807 0.699531 0.863419 0.819959 0.212360 -0.303604
0.712887 0.693382 0.859850 0.815917 0.214496 -0.306670
0.706892 0.687162 0.856228 0.811822 0.216639 -0.309750
0.700823 0.680870 0.852553 0.807673 0.218791 -0.312843
0.694680 0.674508 0.848824 0.803470 0.220949 -0.315950
0.688463 0.668074 0.845043 0.799214 0.223116 -0.319071
0.682173 0.661571 0.841208 0.794903 0.225291 -0.322206
0.675809 0.654998 0.837319 0.790540 0.227473 -0.325355
0.669373 0.648356 0.833377 0.786122 0.229663 -0.328518
0.662863 0.641645 0.829381 0.781651 0.231861 -0.331695
0.656282 0.634866 0.825331 0.777126 0.234068 -0.334887
0.649629 0.628020 0.821228 0.772548 0.236283 -0.338093
0.642905 0.621108 0.817070 0.767917 0.238506 -0.341314
0.636110 0.614129 0.812859 0.763232 0.240738 -0.344550
0.629245 0.607085 0.808593 0.758494 0.242978 -0.347801
0.622309 0.599977 0.804274 0.753703 0.245227 -0.351067
0.615305 0.592805 0.799900 0.748859 0.247484 -0.354349
0.608232 0.585570 0.795473 0.743963 0.249751 -0.357646
0.601091 0.578273 0.790991 0.739015 0.252027 -0.360959
0.593883 0.570915 0.786456 0.734014 0.254312 -0.364288
0.586608 0.563498 0.781867 0.728961 0.256607 -0.367633
0.579267 0.556021 0.777224 0.723857 0.258911 -0.370995
0.571861 0.548486 0.772527 0.718701 0.261225 -0.374373
0.564391 0.540895 0.767777 0.713494 0.263549 -0.377768
0.556858 0.533247 0.762973 0.708236 0.265883 -0.381181
0.549262 0.525545 0.758116 0.702928 0.268227 -0.384610
0.541604 0.517790 0.753206 0.697570 0.270583 -0.388057
0.533886 0.509982 0.748243 0.692162 0.272948 -0.391523
0.526109 0.502123 0.743227 0.686705 0.275325 -0.395006
0.518272 0.494215 0.738158 0.681199 0.277713 -0.398508
0.510378 0.486258 0.733037 0.675644 0.280113 -0.402028
0.502428 0.478255 0.727864 0.670041 0.282524 -0.405568
0.494422 0.470206 0.722639 0.664391 0.284947 -0.409127
0.486363 0.462113 0.717362 0.658694 0.287382 -0.412705
0.478250 0.453978 0.712034 0.652950 0.289830 -0.416304
0.470086 0.445801 0.706655 0.647160 0.292291 -0.419922
0.461871 0.437586 0.701225 0.641325 0.294764 -0.423562
0.453608 0.429333 0.695745 0.635445 0.297252 -0.427222
0.445297 0.421044 0.690214 0.629520 0.299753 -0.430904
0.436940 0.412720 0.684634 0.623552 0.302268 -0.434607
0.428538 0.404364 0.679005 0.617542 0.304797 -0.438333
0.420092 0.395978 0.673327 0.611488 0.307341 -0.442081
0.411605 0.387562 0.667601 0.605393 0.309900 -0.445852
0.403078 0.379120 0.661826 0.599258 0.312475 -0.449646
0.394512 0.370652 0.656004 0.593081 0.315066 -0.453464
0.385909 0.362162 0.650134 0.586866 0.317673 -0.457306
0.377271 0.353650 0.644218 0.580612 0.320296 -0.461173
0.368599 0.345119 0.638256 0.574320 0.322937 -0.465065
0.359895 0.336571 0.632249 0.567991 0.325595 -0.468982
0.351162 0.328008 0.626196 0.561626 0.328272 -0.472926
0.342399 0.319432 0.620099 0.555225 0.330967 -0.476896
0.333611 0.310846 0.613958 0.548791 0.333681 -0.480893
0.324798 0.302252 0.607773 0.542322 0.336415 -0.484918
0.315962 0.293651 0.601546 0.535821 0.339168 -0.488971
0.307106 0.285046 0.595277 0.529288 0.341942 -0.493053
0.298231 0.276440 0.588967 0.522725 0.344738 -0.497164
0.289340 0.267835 0.582615 0.516132 0.347555 -0.501304
0.280433 0.259233 0.576224 0.509510 0.350394 -0.505476
0.271515 0.250636 0.569793 0.502861 0.353257 -0.509678
0.262586 0.242048 0.563324 0.496185 0.356143 -0.513912
0.253649 0.233470 0.556817 0.489484 0.359053 -0.518178
0.244705 0.224905 0.550272 0.482758 0.361988 -0.522478
0.235758 0.216356 0.543691 0.476009 0.364949 -0.526811
0.226810 0.207826 0.537074 0.469238 0.367936 -0.531178
0.217862 0.199316 0.530423 0.462447 0.370951 -0.535581
0.208917 0.190829 0.523737 0.455635 0.373993 -0.540019
0.199978 0.182369 0.517019 0.448805 0.377063 -0.544494
0.191046 0.173937 0.510268 0.441958 0.380164 -0.549006
0.182125 0.165537 0.503485 0.435095 0.383294 -0.553557
0.173216 0.157171 0.496672 0.428217 0.386456 -0.558146
0.164322 0.148843 0.489828 0.421326 0.389650 -0.562775
0.155445 0.140554 0.482957 0.414423 0.392877 -0.567445
0.146589 0.132307 0.476057 0.407509 0.396138 -0.572156
0.137755 0.124106 0.469130 0.400586 0.399434 -0.576910
0.128946 0.115953 0.462177 0.393654 0.402766 -0.581707
0.120165 0.107851 0.455198 0.386717 0.406136 -0.586548
0.111414 0.099803 0.448196 0.379774 0.409543 -0.591435
0.102696 0.091812 0.441171 0.372827 0.412990 -0.596367
0.094013 0.083880 0.434123 0.365878 0.416477 -0.601347
0.085369 0.076011 0.427054 0.358929 0.420006 -0.606375
0.076765 0.068208 0.419965 0.351980 0.423579 -0.611453
0.068205 0.060473 0.412856 0.345034 0.427195 -0.616580
0.059690 0.052809 0.405730 0.338091 0.430858 -0.621759
0.051225 0.045219 0.398586 0.331154 0.434567 -0.626991
0.042811 0.037706 0.391426 0.324223 0.438325 -0.632277
0.034452 0.030274 0.384252 0.317302 0.442133 -0.637617
0.026149 0.022925 0.377063 0.310390 0.445992 -0.643014
0.017907 0.015661 0.369862 0.303490 0.449905 -0.648468
0.009727 0.008486 0.362649 0.296604 0.453873 -0.653981
0.001612 0.001403 0.355425 0.289733 0.457897 -0.659554
0.006434 0.005585 0.348192 0.282878 0.461980 -0.665188
0.014410 0.012476 0.340951 0.276042 0.466123 -0.670884
0.022311 0.019267 0.333702 0.269226 0.470328 -0.676646
0.030136 0.025954 0.326447 0.262432 0.474597 -0.682472
0.037882 0.032535 0.319187 0.255662 0.478932 -0.688366
0.045546 0.039007 0.311923 0.248917 0.483336 -0.694328
0.053124 0.045367 0.304657 0.242199 0.487810 -0.700360
0.060615 0.051613 0.297389 0.235510 0.492357 -0.706464
0.068015 0.057742 0.290121 0.228852 0.496980 -0.712641
0.075321 0.063750 0.282854 0.222226 0.501680 -0.718893
0.082531 0.069636 0.275588 0.215634 0.506461 -0.725222
0.089643 0.075396 0.268326 0.209079 0.511324 -0.731629
0.096652 0.081028 0.261068 0.202562 0.516273 -0.738115
0.103556 0.086530 0.253816 0.196084 0.521311 -0.744684
0.110353 0.091898 0.246571 0.189648 0.526441 -0.751337
0.117039 0.097130 0.239333 0.183256 0.531665 -0.758075
0.123613 0.102224 0.232105 0.176908 0.536988 -0.764900
0.130070 0.107178 0.224888 0.170609 0.542412 -0.771815
0.136409 0.111988 0.217682 0.164358 0.547940 -0.778821
0.142626 0.116653 0.210490 0.158158 0.553578 -0.785920
0.148718 0.121170 0.203311 0.152012 0.559327 -0.793115
0.154684 0.125537 0.196149 0.145920 0.565193 -0.800408
0.160519 0.129753 0.189004 0.139885 0.571179 -0.807800
0.166222 0.133814 0.181876 0.133909 0.577290 -0.815294
0.171790 0.137719 0.174769 0.127993 0.583530 -0.822892
0.177219 0.141465 0.167683 0.122140 0.589903 -0.830597
0.182507 0.145052 0.160619 0.116351 0.596415 -0.838410
0.187651 0.148477 0.153580 0.110629 0.603071 -0.846334
0.192649 0.151738 0.146566 0.104975 0.609875 -0.854372
0.197497 0.154834 0.139579 0.099391 0.616834 -0.862525
0.202194 0.157763 0.132620 0.093880 0.623952 -0.870796
0.206735 0.160524 0.125693 0.088442 0.631236 -0.879188
0.211119 0.163116 0.118797 0.083081 0.638692 -0.887703
0.215342 0.165536 0.111935 0.077798 0.646326 -0.896344
0.219402 0.167785 0.105109 0.072594 0.654146 -0.905113
0.223296 0.169860 0.098321 0.067473 0.662157 -0.914013
0.227021 0.171762 0.091572 0.062435 0.670367 -0.923046
0.230574 0.173488 0.084866 0.057482 0.678783 -0.932215
0.233952 0.175039 0.078204 0.052617 0.687414 -0.941523
0.237153 0.176414 0.071589 0.047842 0.696268 -0.950971
0.240173 0.177612 0.065023 0.043157 0.705353 -0.960564
0.243010 0.178632 0.058509 0.038566 0.714677 -0.970303
0.245660 0.179476 0.052050 0.034069 0.724251 -0.980192
0.248121 0.180142 0.045649 0.029670 0.734083 -0.990232
0.250389 0.180632 0.039310 0.025368 0.744183 -1.000426
0.252461 0.180944 0.033037 0.021167 0.754563 -1.010778
0.254335 0.181079 0.026832 0.017068 0.765231 -1.021289
0.256006 0.181039 0.020700 0.013072 0.776200 -1.031962
0.257472 0.180823 0.014646 0.009182 0.787481 -1.042800
0.258729 0.180433 0.008675 0.005399 0.799085 -1.053805
0.259774 0.179870 0.002790 0.001724 0.811025 -1.064979
0.260603 0.179134 0.003001 0.001841 0.823313 -1.076325
0.261213 0.178228 0.008693 0.005294 0.835963 -1.087845
0.261600 0.177153 0.014281 0.008634 0.848987 -1.099541
0.261761 0.175911 0.019757 0.011859 0.862399 -1.111416
0.261691 0.174503 0.025114 0.014969 0.876214 -1.123470
0.261388 0.172933 0.030345 0.017962 0.890445 -1.135707
0.260848 0.171203 0.035442 0.020837 0.905107 -1.148127
0.260066 0.169315 0.040397 0.023592 0.920215 -1.160732
0.259038 0.167272 0.045201 0.026227 0.935784 -1.173524
0.257762 0.165078 0.049845 0.028741 0.951827 -1.186503
0.256234 0.162736 0.054319 0.031132 0.968362 -1.199672
0.254449 0.160249 0.058616 0.033401 0.985401 -1.213030
0.252405 0.157622 0.062723 0.035546 1.002961 -1.226578
0.250098 0.154858 0.066632 0.037566 1.021055 -1.240316
0.247525 0.151963 0.070334 0.039463 1.039697 -1.254245
0.244683 0.148940 0.073818 0.041234 1.058901 -1.268364
0.241570 0.145795 0.077074 0.042881 1.078678 -1.282672
0.238185 0.142533 0.080095 0.044403 1.099041 -1.297170
0.234524 0.139159 0.082871 0.045800 1.119998 -1.311855
0.230589 0.135680 0.085396 0.047073 1.141560 -1.326727
0.226379 0.132100 0.087661 0.048221 1.163733 -1.341783
0.221894 0.128427 0.089661 0.049247 1.186522 -1.357021
0.217137 0.124667 0.091393 0.050150 1.209931 -1.372440
0.212112 0.120827 0.092852 0.050932 1.233959 -1.388035
0.206822 0.116913 0.094037 0.051593 1.258605 -1.403804
0.201273 0.112933 0.094947 0.052136 1.283861 -1.419741
0.195473 0.108895 0.095585 0.052562 1.309719 -1.435845
0.189432 0.104806 0.095953 0.052873 1.336169 -1.452109
0.183159 0.100674 0.096057 0.053070 1.363191 -1.468530
0.176669 0.096507 0.095902 0.053157 1.390767 -1.485100
0.169976 0.092313 0.095498 0.053135 1.418871 -1.501816
0.163098 0.088102 0.094853 0.053008 1.447473 -1.518668
0.156052 0.083881 0.093979 0.052778 1.476542 -1.535654
0.148860 0.079658 0.092889 0.052448 1.506039 -1.552763
0.141546 0.075444 0.091596 0.052022 1.535923 -1.569988
0.134133 0.071245 0.090114 0.051503 1.566147 -1.587323
0.126649 0.067073 0.088458 0.050895 1.596663 -1.604758
0.119119 0.062934 0.086643 0.050202 1.627418 -1.622285
0.111574 0.058838 0.084686 0.049429 1.658359 -1.639895
0.104041 0.054793 0.082602 0.048578 1.689426 -1.657579
0.096550 0.050809 0.080407 0.047655 1.720563 -1.675327
0.089131 0.046893 0.078116 0.046664 1.751709 -1.693129
0.081812 0.043053 0.075745 0.045610 1.782804 -1.710975
0.074621 0.039298 0.073308 0.044498 1.813791 -1.728855
0.067585 0.035636 0.070818 0.043332 1.844611 -1.746759
0.060729 0.032073 0.068290 0.042118 1.875207 -1.764677
0.054077 0.028616 0.065734 0.040860 1.905527 -1.782598
0.047649 0.025274 0.063164 0.039564 1.935519 -1.800511
0.041464 0.022051 0.060591 0.038234 1.965136 -1.818405
0.035538 0.018954 0.058022 0.036876 1.994335 -1.836271
0.029886 0.015988 0.055469 0.035494 2.023076 -1.854097
0.024519 0.013158 0.052939 0.034094 2.051324 -1.871875
0.019445 0.010468 0.050440 0.032680 2.079048 -1.889593
0.014670 0.007922 0.047979 0.031258 2.106219 -1.907240
0.010199 0.005525 0.045560 0.029830 2.132817 -1.924809
0.006032 0.003277 0.043191 0.028404 2.158824 -1.942290
0.002170 0.001182 0.040875 0.026982 2.184224 -1.959672
0.001391 0.000759 0.038616 0.025568 2.209007 -1.976948
0.004654 0.002545 0.036417 0.024168 2.233165 -1.994109
0.007624 0.004176 0.034282 0.022785 2.256695 -2.011145
0.010310 0.005651 0.032213 0.021422 2.279597 -2.028051
0.012719 0.006972 0.030212 0.020084 2.301870 -2.044818
0.014859 0.008140 0.028279 0.018773 2.323521 -2.061440
0.016741 0.009156 0.026418 0.017492 2.344554 -2.077909
0.018376 0.010022 0.024627 0.016244 2.364978 -2.094220
0.019774 0.010743 0.022908 0.015032 2.384802 -2.110366
0.020946 0.011321 0.021261 0.013859 2.404037 -2.126343
0.021904 0.011759 0.019685 0.012726 2.422696 -2.142145
0.022660 0.012063 0.018181 0.011635 2.440791 -2.157769
0.023224 0.012236 0.016747 0.010588 2.458336 -2.173209
0.023610 0.012283 0.015384 0.009586 2.475344 -2.188463
0.023827 0.012211 0.014091 0.008631 2.491829 -2.203527
0.023888 0.012023 0.012865 0.007724 2.507809 -2.218398
0.023804 0.011727 0.011707 0.006865 2.523296 -2.233074
0.023585 0.011328 0.010614 0.006056 2.538306 -2.247554
0.023242 0.010832 0.009587 0.005296 2.552854 -2.261834
0.022786 0.010245 0.008622 0.004586 2.566954 -2.275913
0.022226 0.009575 0.007720 0.003925 2.580622 -2.289792
0.021572 0.008827 0.006877 0.003314 2.593871 -2.303469
0.020833 0.008009 0.006093 0.002753 2.606716 -2.316943
0.020019 0.007127 0.005366 0.002240 2.619170 -2.330215
0.019137 0.006188 0.004694 0.001776 2.631248 -2.343284
0.018197 0.005199 0.004076 0.001359 2.642961 -2.356151
0.017206 0.004165 0.003509 0.000990 2.654323 -2.368817
0.016172 0.003094 0.002992 0.000666 2.665347 -2.381283
0.015101 0.001992 0.002524 0.000386 2.676044 -2.393549
0.014002 0.000866 0.002101 0.000150 2.686425 -2.405617
0.012879 0.000278 0.001723 0.000043 2.696503 -2.417489
0.011741 0.001434 0.001388 0.000196 2.706287 -2.429164
0.010592 0.002597 0.001094 0.000309 2.715789 -2.440647
0.009439 0.003760 0.000839 0.000384 2.725018 -2.451938
0.008286 0.004917 0.000621 0.000422 2.733984 -2.463040
0.007139 0.006064 0.000438 0.000426 2.742697 -2.473954
0.006003 0.007194 0.000290 0.000397 2.751165 -2.484683
0.004881 0.008304 0.000173 0.000336 2.759397 -2.495229
0.003778 0.009388 0.000087 0.000245 2.767401 -2.505594
0.002699 0.010441 0.000029 0.000126 2.775186 -2.515781
0.001646 0.011461 0.000002 0.000019 2.782759 -2.525792
0.000623 0.012441 0.000008 0.000189 2.790127 -2.535630
0.000366 0.013379 0.000009 0.000381 2.797297 -2.545297
0.001319 0.014271 0.000049 0.000595 2.804277 -2.554797
0.002233 0.015113 0.000108 0.000827 2.811073 -2.564131
0.003105 0.015903 0.000187 0.001078 2.817690 -2.573302
0.003934 0.016638 0.000283 0.001344 2.824135 -2.582313
0.004718 0.017315 0.000394 0.001624 2.830415 -2.591166
0.005453 0.017931 0.000520 0.001916 2.836533 -2.599864
0.006140 0.018485 0.000658 0.002219 2.842496 -2.608410
0.006776 0.018975 0.000808 0.002530 2.848309 -2.616807
0.007360 0.019399 0.000968 0.002849 2.853977 -2.625057
0.007891 0.019756 0.001136 0.003174 2.859504 -2.633163
0.008369 0.020044 0.001313 0.003503 2.864895 -2.641126
0.008792 0.020263 0.001495 0.003834 2.870155 -2.648951
0.009161 0.020413 0.001682 0.004167 2.875287 -2.656639
0.009474 0.020492 0.001873 0.004499 2.880295 -2.664193
0.009732 0.020500 0.002067 0.004830 2.885184 -2.671616
0.009935 0.020438 0.002262 0.005157 2.889957 -2.678910
0.010083 0.020306 0.002458 0.005480 2.894617 -2.686076
0.010176 0.020103 0.002654 0.005798 2.899169 -2.693119
0.010215 0.019832 0.002848 0.006108 2.903615 -2.700040
0.010201 0.019492 0.003040 0.006411 2.907959 -2.706842
0.010133 0.019084 0.003228 0.006705 2.912204 -2.713526
0.010013 0.018610 0.003413 0.006988 2.916352 -2.720095
0.009842 0.018071 0.003592 0.007260 2.920407 -2.726552
0.009622 0.017469 0.003767 0.007521 2.924371 -2.732898
0.009353 0.016805 0.003934 0.007768 2.928247 -2.739136
0.009036 0.016082 0.004095 0.008002 2.932037 -2.745267
0.008674 0.015300 0.004248 0.008221 2.935744 -2.751295
0.008267 0.014463 0.004393 0.008425 2.939370 -2.757220
0.007818 0.013572 0.004530 0.008614 2.942918 -2.763045
0.007328 0.012630 0.004657 0.008786 2.946390 -2.768772
0.006799 0.011640 0.004775 0.008941 2.949787 -2.774402
0.006233 0.010605 0.004882 0.009078 2.953112 -2.779939
0.005632 0.009526 0.004979 0.009198 2.956367 -2.785383
0.004998 0.008407 0.005065 0.009300 2.959554 -2.790735
0.004333 0.007250 0.005141 0.009383 2.962674 -2.796000
0.003639 0.006060 0.005205 0.009447 2.965730 -2.801177
0.002919 0.004838 0.005257 0.009493 2.968723 -2.806268
0.002174 0.003589 0.005298 0.009520 2.971655 -2.811276
0.001408 0.002315 0.005327 0.009527 2.974526 -2.816201
0.000623 0.001019 0.005344 0.009516 2.977340 -2.821045
0.000180 0.000294 0.005349 0.009485 2.980097 -2.825811
0.000998 0.001622 0.005343 0.009435 2.982799 -2.830499
0.001827 0.002962 0.005324 0.009367 2.985447 -2.835111
0.002667 0.004309 0.005294 0.009279 2.988043 -2.839648
0.003514 0.005661 0.005251 0.009173 2.990588 -2.844112
0.004366 0.007014 0.005197 0.009049 2.993082 -2.848505
0.005220 0.008364 0.005132 0.008908 2.995529 -2.852827
0.006074 0.009709 0.005055 0.008748 2.997927 -2.857080
0.006926 0.011045 0.004967 0.008571 3.000280 -2.861265
0.007773 0.012367 0.004868 0.008378 3.002587 -2.865383
0.008612 0.013674 0.004759 0.008168 3.004850 -2.869437
0.009442 0.014962 0.004639 0.007943 3.007071 -2.873426
0.010261 0.016228 0.004509 0.007703 3.009249 -2.877353
0.011065 0.017467 0.004370 0.007448 3.011386 -2.881217
0.011852 0.018678 0.004221 0.007179 3.013484 -2.885022
0.012621 0.019858 0.004064 0.006896 3.015542 -2.888767
0.013370 0.021002 0.003897 0.006601 3.017561 -2.892453
0.014095 0.022109 0.003723 0.006295 3.019544 -2.896083
0.014796 0.023175 0.003542 0.005977 3.021490 -2.899656
0.015470 0.024199 0.003353 0.005648 3.023401 -2.903174
0.016116 0.025176 0.003157 0.005310 3.025276 -2.906638
0.016731 0.026106 0.002956 0.004963 3.027118 -2.910048
0.017315 0.026985 0.002748 0.004607 3.028926 -2.913407
0.017864 0.027811 0.002536 0.004245 3.030702 -2.916714
0.018379 0.028582 0.002319 0.003876 3.032445 -2.919970
0.018857 0.029297 0.002097 0.003501 3.034158 -2.923178
0.019297 0.029952 0.001873 0.003122 3.035840 -2.926336
0.019698 0.030548 0.001645 0.002739 3.037492 -2.929447
0.020059 0.031081 0.001415 0.002353 3.039115 -2.932511
0.020378 0.031550 0.001182 0.001965 3.040710 -2.935528
0.020656 0.031955 0.000949 0.001575 3.042276 -2.938501
0.020890 0.032294 0.000715 0.001185 3.043816 -2.941429
0.021080 0.032567 0.000480 0.000795 3.045328 -2.944313
0.021226 0.032771 0.000246 0.000407 3.046814 -2.947154
0.021327 0.032908 0.000013 0.000021 3.048275 -2.949953
0.021383 0.032975 0.000219 0.000362 3.049710 -2.952710
0.021394 0.032974 0.000449 0.000741 3.051120 -2.955426
0.021358 0.032903 0.000677 0.001116 3.052507 -2.958103
0.021278 0.032764 0.000901 0.001485 3.053870 -2.960739
0.021151 0.032555 0.001122 0.001848 3.055209 -2.963337
0.020979 0.032277 0.001339 0.002204 3.056526 -2.965897
0.020763 0.031931 0.001552 0.002552 3.057821 -2.968419
0.020501 0.031518 0.001759 0.002892 3.059094 -2.970904
0.020195 0.031038 0.001962 0.003222 3.060345 -2.973353
0.019846 0.030493 0.002158 0.003543 3.061576 -2.975766
0.019455 0.029883 0.002348 0.003853 3.062786 -2.978144
0.019021 0.029209 0.002532 0.004152 3.063976 -2.980488
0.018546 0.028474 0.002708 0.004440 3.065146 -2.982797
0.018032 0.027679 0.002877 0.004715 3.066297 -2.985073
0.017479 0.026825 0.003038 0.004977 3.067428 -2.987316
0.016889 0.025916 0.003192 0.005226 3.068542 -2.989527
0.016263 0.024951 0.003336 0.005461 3.069636 -2.991705
0.015602 0.023935 0.003472 0.005681 3.070713 -2.993852
0.014908 0.022868 0.003600 0.005888 3.071773 -2.995969
0.014183 0.021754 0.003718 0.006079 3.072815 -2.998055
0.013428 0.020595 0.003826 0.006255 3.073840 -3.000111
0.012646 0.019394 0.003925 0.006415 3.074849 -3.002137
0.011837 0.018153 0.004014 0.006559 3.075841 -3.004134
0.011004 0.016876 0.004094 0.006687 3.076818 -3.006103
0.010150 0.015566 0.004163 0.006799 3.077778 -3.008044
0.009275 0.014224 0.004222 0.006895 3.078724 -3.009957
0.008382 0.012856 0.004271 0.006974 3.079654 -3.011843
0.007473 0.011463 0.004310 0.007036 3.080569 -3.013701
0.006551 0.010049 0.004339 0.007082 3.081470 -3.015534
0.005618 0.008618 0.004357 0.007111 3.082357 -3.017340
0.004675 0.007172 0.004365 0.007124 3.083229 -3.019121
0.003725 0.005716 0.004363 0.007121 3.084088 -3.020876
0.002771 0.004252 0.004351 0.007101 3.084934 -3.022606
0.001815 0.002785 0.004330 0.007065 3.085766 -3.024312
0.000858 0.001317 0.004298 0.007013 3.086585 -3.025994
0.000096 0.000147 0.004257 0.006945 3.087391 -3.027651
0.001045 0.001605 0.004206 0.006862 3.088184 -3.029286
0.001987 0.003052 0.004146 0.006764 3.088966 -3.030897
0.002920 0.004486 0.004076 0.006652 3.089735 -3.032485
0.003842 0.005903 0.003998 0.006525 3.090492 -3.034051
0.004749 0.007299 0.003912 0.006384 3.091238 -3.035595
0.005641 0.008671 0.003817 0.006230 3.091972 -3.037116
0.006514 0.010016 0.003714 0.006063 3.092695 -3.038617
0.007367 0.011331 0.003604 0.005883 3.093406 -3.040096
0.008198 0.012612 0.003486 0.005691 3.094107 -3.041554
0.009004 0.013856 0.003361 0.005488 3.094797 -3.042992
0.009784 0.015060 0.003230 0.005275 3.095477 -3.044409
0.010536 0.016222 0.003092 0.005051 3.096147 -3.045806
0.011257 0.017338 0.002949 0.004817 3.096806 -3.047183
0.011947 0.018406 0.002800 0.004575 3.097455 -3.048541
0.012603 0.019423 0.002646 0.004325 3.098095 -3.049880
0.013224 0.020387 0.002488 0.004067 3.098725 -3.051200
0.013809 0.021296 0.002326 0.003802 3.099345 -3.052501
0.014355 0.022147 0.002159 0.003531 3.099956 -3.053784
0.014863 0.022938 0.001990 0.003255 3.100559 -3.055048
0.015330 0.023667 0.001818 0.002974 3.101152 -3.056295
0.015755 0.024333 0.001643 0.002689 3.101736 -3.057523
0.016138 0.024935 0.001467 0.002401 3.102312 -3.058735
0.016478 0.025469 0.001289 0.002110 3.102879 -3.059929
0.016774 0.025937 0.001110 0.001818 3.103438 -3.061106
0.017025 0.026336 0.000931 0.001525 3.103989 -3.062267
0.017230 0.026665 0.000752 0.001232 3.104532 -3.063411
0.017391 0.026924 0.000573 0.000939 3.105067 -3.064539
0.017505 0.027112 0.000395 0.000648 3.105594 -3.065650
0.017573 0.027230 0.000219 0.000359 3.106113 -3.066746
0.017595 0.027276 0.000044 0.000072 3.106625 -3.067827
0.017571 0.027251 0.000128 0.000211 3.107129 -3.068891
0.017502 0.027156 0.000298 0.000490 3.107627 -3.069941
0.017387 0.026990 0.000465 0.000764 3.108117 -3.070975
0.017227 0.026754 0.000628 0.001032 3.108600 -3.071995
0.017023 0.026449 0.000788 0.001294 3.109077 -3.073000
0.016775 0.026076 0.000943 0.001550 3.109546 -3.073991
0.016484 0.025637 0.001093 0.001798 3.110009 -3.074967
0.016151 0.025131 0.001239 0.002038 3.110466 -3.075929
0.015778 0.024562 0.001379 0.002269 3.110916 -3.076878
0.015365 0.023931 0.001513 0.002491 3.111359 -3.077813
0.014913 0.023239 0.001642 0.002704 3.111797 -3.078734
0.014425 0.022490 0.001764 0.002907 3.112229 -3.079642
0.013900 0.021684 0.001880 0.003099 3.112654 -3.080537
0.013342 0.020824 0.001989 0.003281 3.113074 -3.081418
0.012752 0.019913 0.002091 0.003451 3.113488 -3.082287
0.012131 0.018953 0.002187 0.003609 3.113896 -3.083144
0.011482 0.017948 0.002274 0.003755 3.114299 -3.083987
0.010805 0.016900 0.002354 0.003889 3.114696 -3.084819
0.010104 0.015812 0.002427 0.004011 3.115088 -3.085638
0.009380 0.014687 0.002492 0.004120 3.115475 -3.086445
0.008636 0.013529 0.002549 0.004216 3.115856 -3.087241
0.007873 0.012340 0.002598 0.004299 3.116233 -3.088025
0.007094 0.011125 0.002639 0.004369 3.116604 -3.088797
0.006301 0.009887 0.002672 0.004426 3.116971 -3.089557
0.005496 0.008630 0.002697 0.004469 3.117333 -3.090307
0.004682 0.007356 0.002714 0.004500 3.117690 -3.091045
0.003861 0.006070 0.002723 0.004517 3.118042 -3.091773
0.003036 0.004775 0.002724 0.004521 3.118390 -3.092489
0.002209 0.003476 0.002717 0.004512 3.118734 -3.093195
0.001381 0.002175 0.002703 0.004490 3.119073 -3.093891
0.000557 0.000877 0.002681 0.004456 3.119407 -3.094575
0.000263 0.000415 0.002652 0.004409 3.119738 -3.095250
0.001075 0.001696 0.002615 0.004351 3.120064 -3.095914
0.001878 0.002964 0.002571 0.004280 3.120387 -3.096569
0.002668 0.004214 0.002521 0.004198 3.120705 -3.097213
0.003445 0.005444 0.002463 0.004105 3.121019 -3.097848
0.004205 0.006649 0.002400 0.004001 3.121330 -3.098473
0.004946 0.007826 0.002330 0.003886 3.121636 -3.099089
0.005667 0.008971 0.002254 0.003762 3.121939 -3.099695
0.006364 0.010082 0.002173 0.003628 3.122238 -3.100292
0.007037 0.011155 0.002086 0.003485 3.122534 -3.100880
0.007684 0.012187 0.001995 0.003334 3.122826 -3.101458
0.008302 0.013176 0.001898 0.003175 3.123115 -3.102028
0.008890 0.014118 0.001798 0.003009 3.123400 -3.102589
0.009446 0.015010 0.001693 0.002835 3.123683 -3.103141
0.009969 0.015851 0.001585 0.002656 3.123961 -3.103685
0.010457 0.016638 0.001474 0.002471 3.124237 -3.104220
0.010909 0.017368 0.001360 0.002281 3.124509 -3.104747
0.011324 0.018041 0.001243 0.002086 3.124779 -3.105265
0.011701 0.018653 0.001124 0.001888 3.125045 -3.105776
0.012038 0.019203 0.001004 0.001687 3.125308 -3.106278
0.012336 0.019690 0.000882 0.001483 3.125569 -3.106773
0.012592 0.020113 0.000759 0.001277 3.125826 -3.107259
0.012808 0.020470 0.000636 0.001071 3.126081 -3.107738
0.012981 0.020760 0.000513 0.000863 3.126333 -3.108209
0.013112 0.020984 0.000390 0.000656 3.126583 -3.108673
0.013202 0.021141 0.000267 0.000450 3.126829 -3.109129
0.013248 0.021229 0.000145 0.000245 3.127074 -3.109578
0.013253 0.021251 0.000025 0.000042 3.127315 -3.110019
0.013215 0.021204 0.000094 0.000158 3.127554 -3.110454
0.013136 0.021091 0.000210 0.000355 3.127791 -3.110881
0.013016 0.020911 0.000324 0.000548 3.128025 -3.111301
0.012855 0.020666 0.000436 0.000737 3.128257 -3.111715
0.012654 0.020357 0.000544 0.000921 3.128487 -3.112122
0.012414 0.019984 0.000649 0.001099 3.128714 -3.112522
0.012136 0.019550 0.000750 0.001272 3.128939 -3.112915
0.011821 0.019055 0.000848 0.001437 3.129162 -3.113302
0.011471 0.018503 0.000941 0.001596 3.129383 -3.113683
0.011086 0.017894 0.001030 0.001748 3.129601 -3.114057
0.010668 0.017232 0.001114 0.001892 3.129818 -3.114425
0.010219 0.016518 0.001193 0.002027 3.130032 -3.114786
0.009741 0.015755 0.001267 0.002154 3.130245 -3.115142
0.009234 0.014945 0.001335 0.002272 3.130456 -3.115492
0.008702 0.014093 0.001399 0.002382 3.130665 -3.115835
0.008145 0.013200 0.001456 0.002481 3.130872 -3.116173
0.007566 0.012270 0.001508 0.002571 3.131077 -3.116505
0.006967 0.011306 0.001554 0.002651 3.131280 -3.116832
0.006350 0.010312 0.001594 0.002722 3.131481 -3.117152
0.005717 0.009290 0.001629 0.002782 3.131681 -3.117468
0.005071 0.008245 0.001657 0.002832 3.131879 -3.117778
0.004413 0.007181 0.001679 0.002871 3.132076 -3.118082
0.003746 0.006100 0.001695 0.002900 3.132271 -3.118381
0.003072 0.005006 0.001705 0.002920 3.132464 -3.118675
0.002394 0.003904 0.001709 0.002928 3.132656 -3.118964
0.001714 0.002797 0.001707 0.002927 3.132846 -3.119248
0.001035 0.001689 0.001700 0.002916 3.133034 -3.119527
0.000357 0.000584 0.001686 0.002894 3.133221 -3.119800
0.000315 0.000515 0.001667 0.002863 3.133407 -3.120069
0.000980 0.001603 0.001643 0.002823 3.133591 -3.120334
0.001635 0.002677 0.001613 0.002773 3.133774 -3.120593
0.002279 0.003734 0.001578 0.002715 3.133955 -3.120848
0.002909 0.004769 0.001538 0.002647 3.134135 -3.121098
0.003522 0.005779 0.001493 0.002571 3.134314 -3.121344
0.004118 0.006761 0.001443 0.002488 3.134492 -3.121586
0.004694 0.007712 0.001389 0.002396 3.134668 -3.121823
0.005248 0.008627 0.001331 0.002298 3.134843 -3.122055
0.005778 0.009505 0.001269 0.002192 3.135016 -3.122284
0.006282 0.010342 0.001204 0.002080 3.135189 -3.122508
0.006759 0.011135 0.001135 0.001963 3.135360 -3.122728
0.007208 0.011883 0.001063 0.001840 3.135530 -3.122945
0.007626 0.012581 0.000989 0.001712 3.135698 -3.123157
0.008013 0.013229 0.000912 0.001579 3.135866 -3.123365
0.008368 0.013823 0.000832 0.001443 3.136033 -3.123570
0.008688 0.014363 0.000751 0.001303 3.136198 -3.123771
0.008974 0.014846 0.000669 0.001161 3.136362 -3.123968
0.009225 0.015271 0.000585 0.001016 3.136525 -3.124161
0.009439 0.015636 0.000501 0.000870 3.136687 -3.124351
0.009617 0.015941 0.000415 0.000722 3.136848 -3.124537
0.009757 0.016185 0.000330 0.000574 3.137008 -3.124720
0.009860 0.016367 0.000245 0.000426 3.137167 -3.124900
0.009926 0.016487 0.000160 0.000278 3.137325 -3.125076
0.009953 0.016545 0.000075 0.000131 3.137482 -3.125249
0.009944 0.016540 0.000008 0.000014 3.137638 -3.125418
0.009897 0.016474 0.000090 0.000157 3.137793 -3.125585
0.009814 0.016346 0.000170 0.000298 3.137947 -3.125748
0.009694 0.016158 0.000249 0.000435 3.138100 -3.125909
0.009539 0.015911 0.000325 0.000569 3.138251 -3.126066
0.009349 0.015605 0.000399 0.000699 3.138402 -3.126220
0.009126 0.015242 0.000471 0.000824 3.138552 -3.126372
0.008869 0.014824 0.000539 0.000945 3.138701 -3.126521
0.008582 0.014353 0.000605 0.001060 3.138849 -3.126667
0.008264 0.013831 0.000667 0.001170 3.138997 -3.126810
0.007917 0.013260 0.000726 0.001274 3.139143 -3.126951
0.007543 0.012642 0.000780 0.001371 3.139288 -3.127089
0.007143 0.011981 0.000832 0.001461 3.139432 -3.127224
0.006720 0.011278 0.000879 0.001545 3.139576 -3.127357
0.006274 0.010538 0.000922 0.001622 3.139718 -3.127488
0.005809 0.009762 0.000960 0.001691 3.139860 -3.127616
0.005324 0.008954 0.000995 0.001752 3.140000 -3.127742
0.004824 0.008118 0.001024 0.001806 3.140140 -3.127866
0.004309 0.007257 0.001050 0.001852 3.140279 -3.127988
0.003783 0.006375 0.001071 0.001890 3.140416 -3.128107
0.003246 0.005474 0.001087 0.001920 3.141170 -3.128224
0.002702 0.004559 0.001099 0.001942 3.141171 -3.128340
0.002152 0.003634 0.001106 0.001956 3.141172 -3.128453
0.001598 0.002701 0.001109 0.001962 3.141173 -3.128564
0.001044 0.001766 0.001107 0.001960 3.141174 -3.128674
0.000491 0.000831 0.001101 0.001950 3.141175 -3.128781
0.000059 0.000100 0.001090 0.001933 3.141176 -3.128887
0.000603 0.001022 0.001075 0.001908 3.141177 -3.128991
0.001140 0.001933 0.001056 0.001875 3.141179 -3.129094
0.001667 0.002828 0.001033 0.001836 3.141180 -3.129195
0.002182 0.003705 0.001007 0.001789 3.141181 -3.129294
0.002683 0.004559 0.000976 0.001736 3.141182 -3.129391
0.003168 0.005387 0.000942 0.001676 3.141183 -3.129488
0.003636 0.006186 0.000904 0.001611 3.141184 -3.129583
0.004084 0.006953 0.000864 0.001539 3.141185 -3.129676
0.004510 0.007685 0.000820 0.001463 3.141186 -3.129768
0.004914 0.008379 0.000774 0.001381 3.141187 -3.129859
0.005294 0.009032 0.000725 0.001294 3.141188 -3.129949
0.005648 0.009643 0.000674 0.001204 3.141189 -3.130037
0.005974 0.010207 0.000621 0.001110 3.141190 -3.130124
0.006273 0.010725 0.000566 0.001012 3.141191 -3.130211
0.006542 0.011193 0.000509 0.000912 3.141193 -3.130296
0.006781 0.011610 0.000451 0.000809 3.141194 -3.130380
0.006989 0.011974 0.000393 0.000704 3.141195 -3.130463
0.007166 0.012285 0.000333 0.000597 3.141196 -3.130546
0.007310 0.012541 0.000273 0.000490 3.141197 -3.130627
0.007422 0.012741 0.000212 0.000381 3.141198 -3.130708
0.007500 0.012885 0.000152 0.000273 3.141199 -3.130788
0.007546 0.012973 0.000092 0.000165 3.141200 -3.130868
0.007559 0.013004 0.000032 0.000058 3.141201 -3.130946
0.007539 0.012979 0.000027 0.000048 3.141202 -3.131025
0.007487 0.012898 0.000084 0.000152 3.141203 -3.131102
0.007403 0.012762 0.000141 0.000254 3.141204 -3.131179
0.007288 0.012571 0.000196 0.000354 3.141205 -3.131256
0.007141 0.012328 0.000250 0.000450 3.141206 -3.131332
0.006965 0.012032 0.000301 0.000544 3.141207 -3.131408
0.006761 0.011687 0.000351 0.000633 3.141208 -3.131484
0.006528 0.011293 0.000398 0.000719 3.141209 -3.131559
0.006269 0.010852 0.000442 0.000800 3.141210 -3.131634
0.005985 0.010368 0.000484 0.000877 3.141211 -3.131709
0.005677 0.009841 0.000524 0.000949 3.141212 -3.131784
0.005347 0.009276 0.000560 0.001015 3.141213 -3.131859
0.004997 0.008673 0.000593 0.001076 3.141214 -3.131934
0.004627 0.008038 0.000624 0.001132 3.141214 -3.132008
0.004241 0.007371 0.000650 0.001181 3.141215 -3.132083
0.003839 0.006678 0.000674 0.001225 3.141216 -3.132158
0.003424 0.005960 0.000694 0.001262 3.141217 -3.132233
0.002997 0.005221 0.000711 0.001293 3.141218 -3.132309
0.002561 0.004465 0.000724 0.001318 3.141219 -3.132384
0.002118 0.003695 0.000734 0.001337 3.141220 -3.132460
0.001670 0.002915 0.000740 0.001349 3.141221 -3.132536
0.001218 0.002128 0.000743 0.001355 3.141222 -3.132613
0.000765 0.001338 0.000742 0.001355 3.141223 -3.132690
0.000314 0.000549 0.000738 0.001348 3.141224 -3.132767
0.000135 0.000236 0.000731 0.001336 3.141225 -3.132845
0.000578 0.001013 0.000720 0.001317 3.141226 -3.132924
0.001015 0.001779 0.000706 0.001293 3.141227 -3.133003
0.001442 0.002530 0.000689 0.001262 3.141227 -3.133083
0.001859 0.003263 0.000669 0.001227 3.141228 -3.133163
0.002262 0.003974 0.000647 0.001186 3.141229 -3.133245
0.002651 0.004661 0.000621 0.001140 3.141230 -3.133327
0.003024 0.005320 0.000593 0.001090 3.141231 -3.133410
0.003378 0.005948 0.000563 0.001035 3.141232 -3.133494
0.003714 0.006543 0.000531 0.000976 3.141233 -3.133578
0.004028 0.007102 0.000496 0.000913 3.141234 -3.133664
0.004320 0.007623 0.000460 0.000847 3.141234 -3.133751
0.004588 0.008103 0.000422 0.000777 3.141235 -3.133838
0.004832 0.008540 0.000382 0.000705 3.141236 -3.133927
0.005051 0.008932 0.000342 0.000631 3.141237 -3.134017
0.005243 0.009279 0.000300 0.000554 3.141238 -3.134109
0.005408 0.009578 0.000258 0.000476 3.141239 -3.134201
0.005545 0.009828 0.000215 0.000397 3.141240 -3.134295
0.005654 0.010029 0.000171 0.000317 3.141240 -3.134390
0.005734 0.010179 0.000127 0.000236 3.141241 -3.134486
0.005786 0.010279 0.000084 0.000155 3.141242 -3.134584
0.005809 0.010328 0.000040 0.000075 3.141243 -3.134684
0.005804 0.010326 0.000002 0.000004 3.141244 -3.134784
0.005770 0.010274 0.000045 0.000083 3.141245 -3.134887
0.005708 0.010171 0.000086 0.000160 3.141245 -3.134991
0.005619 0.010020 0.000126 0.000235 3.141246 -3.135096
0.005503 0.009821 0.000165 0.000308 3.141247 -3.135204
0.005361 0.009575 0.000203 0.000378 3.141248 -3.135313
0.005194 0.009283 0.000239 0.000446 3.141249 -3.135423
0.005002 0.008948 0.000274 0.000510 3.141250 -3.135536
0.004788 0.008571 0.000306 0.000571 3.141250 -3.135650
0.004552 0.008155 0.000336 0.000628 3.141251 -3.135767
0.004295 0.007702 0.000365 0.000682 3.141252 -3.135885
0.004020 0.007214 0.000391 0.000731 3.141253 -3.136005
0.003727 0.006693 0.000415 0.000776 3.141254 -3.136127
0.003418 0.006144 0.000436 0.000816 3.141254 -3.136251
0.003095 0.005568 0.000454 0.000852 3.141255 -3.136378
0.002760 0.004969 0.000471 0.000883 3.141256 -3.136506
0.002414 0.004350 0.000484 0.000909 3.141257 -3.136637
0.002059 0.003714 0.000495 0.000930 3.141257 -3.136770
0.001698 0.003064 0.000503 0.000946 3.141258 -3.136905
0.001331 0.002404 0.000508 0.000957 3.141259 -3.137042
0.000961 0.001738 0.000511 0.000962 3.141260 -3.137182
0.000591 0.001069 0.000511 0.000963 3.141260 -3.137324
0.000221 0.000399 0.000508 0.000959 3.141261 -3.137469
0.000147 0.000266 0.000503 0.000950 3.141262 -3.137616
0.000510 0.000925 0.000495 0.000936 3.141263 -3.137765
0.000866 0.001573 0.000485 0.000918 3.141263 -3.137917
0.001214 0.002207 0.000473 0.000894 3.141264 -3.138072
0.001553 0.002816 0.000458 0.000864 3.141265 -3.138204
0.001879 0.003410 0.000441 0.000833 3.141266 -3.138363
0.002193 0.003982 0.000421 0.000797 3.141266 -3.138526
0.002491 0.004527 0.000400 0.000758 3.141267 -3.138692
0.002774 0.005044 0.000378 0.000715 3.141268 -3.138860
0.003038 0.005529 0.000353 0.000669 3.141269 -3.139031
0.003284 0.005981 0.000327 0.000620 3.141269 -3.139206
0.003510 0.006397 0.000300 0.000569 3.141270 -3.139383
0.003714 0.006775 0.000271 0.000515 3.141271 -3.139564
0.003897 0.007113 0.000242 0.000459 3.141271 -3.139747
0.004057 0.007411 0.000211 0.000402 3.141272 -3.139934
0.004193 0.007665 0.000180 0.000343 3.141273 -3.140124
0.004306 0.007876 0.000149 0.000283 3.141274 -3.141395
0.004393 0.008043 0.000117 0.000222 3.141274 -3.141395
0.004456 0.008165 0.000085 0.000161 3.141275 -3.141396
0.004495 0.008241 0.000053 0.000100 3.141276 -3.141396
0.004508 0.008272 0.000021 0.000040 3.141276 -3.141396
0.004496 0.008257 0.000011 0.000020 3.141277 -3.141397
0.004461 0.008198 0.000042 0.000079 3.141278 -3.141397
0.004401 0.008094 0.000072 0.000137 3.141278 -3.141397
0.004317 0.007946 0.000101 0.000194 3.141279 -3.141398
0.004210 0.007756 0.000129 0.000248 3.141280 -3.141398
0.004082 0.007525 0.000157 0.000300 3.141280 -3.141398
0.003932 0.007254 0.000183 0.000350 3.141281 -3.141399
0.003761 0.006945 0.000207 0.000398 3.141282 -3.141399
0.003572 0.006601 0.000230 0.000442 3.141282 -3.141399
0.003365 0.006223 0.000251 0.000483 3.141283 -3.141400
0.003141 0.005813 0.000271 0.000522 3.141284 -3.141400
0.002901 0.005375 0.000289 0.000556 3.141284 -3.141400
0.002648 0.004910 0.000305 0.000587 3.141285 -3.141401
0.002383 0.004422 0.000319 0.000615 3.141286 -3.141401
0.002107 0.003913 0.000330 0.000638 3.141286 -3.141401
0.001822 0.003387 0.000340 0.000658 3.141287 -3.141401
0.001530 0.002846 0.000348 0.000673 3.141287 -3.141402
0.001232 0.002294 0.000354 0.000685 3.141288 -3.141402
0.000931 0.001734 0.000357 0.000692 3.141289 -3.141402
0.000627 0.001169 0.000359 0.000695 3.141289 -3.141403
0.000323 0.000603 0.000358 0.000695 3.141290 -3.141403
0.000020 0.000038 0.000355 0.000690 3.141290 -3.141403
0.000279 0.000522 0.000351 0.000681 3.141291 -3.141404
0.000574 0.001074 0.000344 0.000669 3.141292 -3.141404
0.000862 0.001615 0.000335 0.000653 3.141292 -3.141404
0.001142 0.002141 0.000325 0.000633 3.141293 -3.141405
0.001413 0.002651 0.000313 0.000610 3.141293 -3.141405
0.001672 0.003140 0.000299 0.000584 3.141294 -3.141405
0.001919 0.003606 0.000284 0.000555 3.141295 -3.141405
0.002151 0.004048 0.000267 0.000523 3.141295 -3.141406
0.002369 0.004461 0.000249 0.000488 3.141296 -3.141406
0.002570 0.004844 0.000230 0.000451 3.141296 -3.141406
0.002754 0.005196 0.000210 0.000411 3.141297 -3.141407
0.002920 0.005513 0.000189 0.000370 3.141297 -3.141407
0.003066 0.005795 0.000167 0.000327 3.141298 -3.141407
0.003193 0.006040 0.000144 0.000283 3.141299 -3.141408
0.003299 0.006247 0.000121 0.000238 3.141299 -3.141408
0.003384 0.006415 0.000097 0.000192 3.141300 -3.141408
0.003448 0.006542 0.000074 0.000145 3.141300 -3.141408
0.003491 0.006630 0.000050 0.000098 3.141301 -3.141409
0.003512 0.006677 0.000026 0.000052 3.141301 -3.141409
0.003512 0.006683 0.000003 0.000005 3.141302 -3.141409
0.003491 0.006648 0.000021 0.000041 3.141302 -3.141410
0.003449 0.006574 0.000043 0.000085 3.141303 -3.141410
0.003386 0.006461 0.000065 0.000129 3.141303 -3.141410
0.003303 0.006309 0.000087 0.000172 3.141304 -3.141410
0.003201 0.006121 0.000107 0.000212 3.141304 -3.141411
0.003081 0.005896 0.000126 0.000251 3.141305 -3.141411
0.002943 0.005638 0.000145 0.000288 3.141305 -3.141411
0.002788 0.005347 0.000162 0.000323 3.141306 -3.141412
0.002618 0.005026 0.000178 0.000355 3.141306 -3.141412
0.002434 0.004678 0.000193 0.000384 3.141307 -3.141412
0.002237 0.004303 0.000206 0.000411 3.141307 -3.141412
0.002028 0.003905 0.000218 0.000435 3.141308 -3.141413
0.001808 0.003487 0.000228 0.000456 3.141308 -3.141413
0.001580 0.003050 0.000236 0.000473 3.141309 -3.141413
0.001345 0.002599 0.000243 0.000488 3.141309 -3.141414
0.001104 0.002135 0.000249 0.000499 3.141310 -3.141414
0.000859 0.001663 0.000252 0.000507 3.141310 -3.141414
0.000611 0.001184 0.000254 0.000512 3.141311 -3.141414
0.000362 0.000702 0.000255 0.000513 3.141311 -3.141415
0.000114 0.000221 0.000253 0.000511 3.141312 -3.141415
0.000133 0.000258 0.000251 0.000506 3.141312 -3.141415
0.000375 0.000731 0.000246 0.000498 3.141312 -3.141415
0.000613 0.001195 0.000240 0.000486 3.141313 -3.141416
0.000844 0.001647 0.000233 0.000472 3.141313 -3.141416
0.001067 0.002084 0.000224 0.000455 3.141314 -3.141416
0.001280 0.002504 0.000214 0.000435 3.141314 -3.141416
0.001483 0.002904 0.000203 0.000413 3.141315 -3.141417
0.001674 0.003281 0.000191 0.000389 3.141315 -3.141417
0.001852 0.003634 0.000178 0.000362 3.141315 -3.141417
0.002015 0.003961 0.000163 0.000333 3.141316 -3.141418
0.002164 0.004258 0.000148 0.000303 3.141316 -3.141418
0.002297 0.004526 0.000132 0.000271 3.141317 -3.141418
0.002414 0.004761 0.000116 0.000237 3.141317 -3.141418
0.002513 0.004964 0.000099 0.000203 3.141317 -3.141419
0.002595 0.005132 0.000082 0.000167 3.141318 -3.141419
0.002659 0.005264 0.000064 0.000132 3.141318 -3.141419
0.002705 0.005362 0.000046 0.000095 3.141319 -3.141419
0.002732 0.005423 0.000029 0.000059 3.141319 -3.141420
0.002741 0.005447 0.000011 0.000023 3.141319 -3.141420
0.002732 0.005436 0.000006 0.000013 3.141320 -3.141420
0.002705 0.005389 0.000024 0.000049 3.141320 -3.141420
0.002660 0.005306 0.000040 0.000083 3.141320 -3.141421
0.002597 0.005189 0.000056 0.000117 3.141321 -3.141421
0.002519 0.005038 0.000072 0.000149 3.141321 -3.141421
0.002424 0.004855 0.000087 0.000180 3.141321 -3.141421
0.002314 0.004642 0.000101 0.000209 3.141322 -3.141422
0.002190 0.004399 0.000114 0.000237 3.141322 -3.141422
0.002053 0.004129 0.000126 0.000262 3.141322 -3.141422
0.001903 0.003833 0.000137 0.000286 3.141323 -3.141422
0.001743 0.003515 0.000147 0.000307 3.141323 -3.141423
0.001572 0.003175 0.000155 0.000325 3.141323 -3.141423
0.001393 0.002817 0.000163 0.000342 3.141324 -3.141423
0.001207 0.002444 0.000169 0.000355 3.141324 -3.141423
0.001014 0.002057 0.000174 0.000367 3.141324 -3.141424
0.000817 0.001660 0.000178 0.000375 3.141324 -3.141424
0.000617 0.001255 0.000180 0.000381 3.141325 -3.141424
0.000415 0.000845 0.000182 0.000384 3.141325 -3.141424
0.000212 0.000433 0.000182 0.000384 3.141325 -3.141425
0.000011 0.000022 0.000180 0.000382 3.141325 -3.141425
0.000188 0.000385 0.000178 0.000377 3.141326 -3.141425
0.000383 0.000786 0.000174 0.000370 3.141326 -3.141425
0.000574 0.001177 0.000169 0.000360 3.141326 -3.141425
0.000757 0.001557 0.000163 0.000348 3.141326 -3.141426
0.000934 0.001923 0.000156 0.000333 3.141327 -3.141426
0.001101 0.002271 0.000148 0.000317 3.141327 -3.141426
0.001259 0.002601 0.000139 0.000298 3.141327 -3.141426
0.001406 0.002909 0.000129 0.000278 3.141327 -3.141427
0.001541 0.003194 0.000119 0.000256 3.141328 -3.141427
0.001663 0.003453 0.000108 0.000232 3.141328 -3.141427
0.001773 0.003686 0.000096 0.000207 3.141328 -3.141427
0.001868 0.003891 0.000084 0.000181 3.141328 -3.141428
0.001949 0.004066 0.000071 0.000154 3.141328 -3.141428
0.002015 0.004211 0.000058 0.000127 3.141329 -3.141428
0.002065 0.004324 0.000045 0.000098 3.141329 -3.141428
0.002101 0.004406 0.000032 0.000070 3.141329 -3.141428
0.002120 0.004455 0.000019 0.000041 3.141329 -3.141429
0.002124 0.004472 0.000006 0.000013 3.141329 -3.141429
0.002113 0.004456 0.000007 0.000016 3.141329 -3.141429
0.002087 0.004409 0.000020 0.000043 3.141330 -3.141429
0.002046 0.004330 0.000032 0.000070 3.141330 -3.141430
0.001991 0.004221 0.000044 0.000097 3.141330 -3.141430
0.001922 0.004082 0.000055 0.000122 3.141330 -3.141430
0.001840 0.003915 0.000066 0.000146 3.141330 -3.141430
0.001745 0.003721 0.000076 0.000168 3.141330 -3.141430
0.001639 0.003502 0.000085 0.000189 3.141330 -3.141431
0.001523 0.003259 0.000094 0.000208 3.141330 -3.141431
0.001394 0.002995 0.000101 0.000226 3.141330 -3.141431
0.001260 0.002711 0.000108 0.000242 3.141330 -3.141431
0.001119 0.002410 0.000114 0.000255 3.141330 -3.141432
0.000971 0.002094 0.000119 0.000267 3.141331 -3.141432
0.000817 0.001765 0.000123 0.000276 3.141331 -3.141432
0.000660 0.001427 0.000126 0.000284 3.141332 -3.141432
0.000499 0.001081 0.000128 0.000289 3.141332 -3.141432
0.000337 0.000730 0.000129 0.000292 3.141332 -3.141433
0.000174 0.000377 0.000130 0.000292 3.141333 -3.141433
0.000012 0.000025 0.000129 0.000291 3.141333 -3.141433
0.000149 0.000324 0.000127 0.000287 3.141333 -3.141433
0.000306 0.000667 0.000124 0.000281 3.141334 -3.141434
0.000460 0.001003 0.000121 0.000273 3.141334 -3.141434
0.000607 0.001327 0.000116 0.000264 3.141334 -3.141434
0.000749 0.001638 0.000111 0.000252 3.141335 -3.141434
0.000883 0.001934 0.000105 0.000239 3.141335 -3.141434
0.001009 0.002213 0.000098 0.000224 3.141335 -3.141435
0.001126 0.002472 0.000091 0.000207 3.141336 -3.141435
0.001233 0.002710 0.000083 0.000189 3.141336 -3.141435
0.001329 0.002925 0.000075 0.000170 3.141336 -3.141435
0.001414 0.003116 0.000066 0.000150 3.141337 -3.141435
0.001487 0.003281 0.000056 0.000129 3.141337 -3.141436
0.001547 0.003419 0.000047 0.000108 3.141337 -3.141436
0.001595 0.003530 0.000037 0.000086 3.141338 -3.141436
0.001631 0.003612 0.000027 0.000063 3.141338 -3.141436
0.001653 0.003666 0.000017 0.000040 3.141338 -3.141436
0.001662 0.003691 0.000008 0.000018 3.141339 -3.141437
0.001658 0.003687 0.000002 0.000005 3.141339 -3.141437
0.001641 0.003655 0.000012 0.000027 3.141339 -3.141437
0.001612 0.003594 0.000021 0.000049 3.141340 -3.141437
0.001571 0.003506 0.000030 0.000070 3.141340 -3.141437
0.001517 0.003392 0.000039 0.000090 3.141340 -3.141438
0.001453 0.003252 0.000047 0.000109 3.141341 -3.141438
0.001378 0.003088 0.000055 0.000127 3.141341 -3.141438
0.001293 0.002901 0.000062 0.000144 3.141341 -3.141438
0.001198 0.002693 0.000068 0.000160 3.141342 -3.141438
0.001096 0.002466 0.000074 0.000174 3.141342 -3.141439
0.000986 0.002221 0.000080 0.000186 3.141342 -3.141439
0.000869 0.001961 0.000084 0.000197 3.141343 -3.141439
0.000747 0.001688 0.000088 0.000206 3.141343 -3.141439
0.000621 0.001405 0.000091 0.000213 3.141343 -3.141439
0.000491 0.001112 0.000093 0.000219 3.141343 -3.141440
0.000359 0.000814 0.000094 0.000223 3.141344 -3.141440
0.000225 0.000512 0.000095 0.000224 3.141344 -3.141440
0.000092 0.000209 0.000095 0.000225 3.141344 -3.141440
0.000041 0.000093 0.000094 0.000223 3.141345 -3.141440
0.000172 0.000392 0.000093 0.000219 3.141345 -3.141441
0.000300 0.000684 0.000090 0.000214 3.141345 -3.141441
0.000423 0.000968 0.000087 0.000207 3.141346 -3.141441
0.000542 0.001241 0.000084 0.000199 3.141346 -3.141441
0.000655 0.001502 0.000079 0.000189 3.141346 -3.141441
0.000762 0.001748 0.000074 0.000177 3.141347 -3.141442
0.000861 0.001978 0.000069 0.000165 3.141347 -3.141442
0.000951 0.002189 0.000063 0.000151 3.141347 -3.141442
0.001033 0.002380 0.000057 0.000136 3.141348 -3.141442
0.001105 0.002550 0.000050 0.000120 3.141348 -3.141442
0.001167 0.002697 0.000043 0.000103 3.141348 -3.141442
0.001219 0.002820 0.000036 0.000086 3.141348 -3.141443
0.001260 0.002919 0.000028 0.000069 3.141349 -3.141443
0.001291 0.002993 0.000021 0.000051 3.141349 -3.141443
0.001310 0.003042 0.000013 0.000032 3.141349 -3.141443
0.001318 0.003065 0.000006 0.000014 3.141350 -3.141443
0.001315 0.003062 0.000002 0.000004 3.141350 -3.141444
0.001301 0.003033 0.000009 0.000022 3.141350 -3.141444
0.001276 0.002980 0.000016 0.000039 3.141351 -3.141444
0.001241 0.002902 0.000023 0.000056 3.141351 -3.141444
