   1.0708823297125303E-003   4.36597490       1.2670850267877121E-003   7.38665438    
   3.2126468229147775E-003   4.32795048       3.8012548836856563E-003   7.32260370    
   5.3544114823398381E-003   4.29022455       6.3354249372610805E-003   7.25913811    
   7.4961761417648987E-003   4.25279617       8.8695949908365046E-003   7.19625187    
   9.6379411336355858E-003   4.21566248       1.1403765437766888E-002   7.13394165    
   1.1779705460615020E-002   4.17882299       1.3937935097987353E-002   7.07220268    
   1.3921470452485707E-002   4.14227533       1.6472105544917737E-002   7.01103067    
   1.6063235444356394E-002   4.10601807       1.9006275991848121E-002   6.95042133    
   1.8204999106444575E-002   4.07004976       2.1540444865358666E-002   6.89037037    
   2.0346764098315262E-002   4.03436899       2.4074615312289049E-002   6.83087349    
   2.2488529090185949E-002   3.99897361       2.6608785759219433E-002   6.77192640    
   2.4630292752274130E-002   3.96386242       2.9142954632729978E-002   6.71352482    
   2.6772059073927323E-002   3.92903376       3.1677126653080201E-002   6.65566492    
   2.8913822736015504E-002   3.89448595       3.4211295526590746E-002   6.59834242    
   3.1055586398103685E-002   3.86021757       3.6745464400101291E-002   6.54155302    
   3.3197352719756879E-002   3.82622695       3.9279636420451514E-002   6.48529243    
   3.5339116381845059E-002   3.79251242       4.1813805293962059E-002   6.42955732    
   3.7480880043933240E-002   3.75907254       4.4347974167472604E-002   6.37434292    
   3.9622646365586434E-002   3.72590566       4.6882146187822826E-002   6.31964540    
   4.1764410027674614E-002   3.69301033       4.9416315061333371E-002   6.26546049    
   4.3906176349327808E-002   3.66038489       5.1950487081683594E-002   6.21178484    
   4.6047937351850976E-002   3.62802792       5.4484652808354461E-002   6.15861416    
   4.8189706333069182E-002   3.59593773       5.7018827975544362E-002   6.10594416    
   5.0331469995157363E-002   3.56411314       5.9552996849054907E-002   6.05377150    
   5.2473233657245544E-002   3.53255224       6.2087165722565452E-002   6.00209188    
   5.4614997319333725E-002   3.50125384       6.4621334596075997E-002   5.95090199    
   5.6756760981421905E-002   3.47021604       6.7155503469586542E-002   5.90019751    
   5.8898529962640112E-002   3.43943763       6.9689678636776442E-002   5.84997416    
   6.1040293624728292E-002   3.40891695       7.2223847510286987E-002   5.80022907    
   6.3182057286816473E-002   3.37865281       7.4758016383797532E-002   5.75095797    
   6.5323820948904654E-002   3.34864330       7.7292185257308077E-002   5.70215750    
   6.7465584610992835E-002   3.31888700       7.9826354130818622E-002   5.65382338    
   6.9607348273081016E-002   3.28938293       8.2360523004329167E-002   5.60595226    
   7.1749117254299222E-002   3.26012874       8.4894698171519067E-002   5.55854034    
   7.3890880916387403E-002   3.23112392       8.7428867045029612E-002   5.51158381    
   7.6032644578475583E-002   3.20236635       8.9963035918540157E-002   5.46507978    
   7.8174408240563764E-002   3.17385483       9.2497204792050702E-002   5.41902351    
   8.0316171902651945E-002   3.14558768       9.5031373665561247E-002   5.37341261    
   8.2457940883870151E-002   3.11756372       9.7565548832751148E-002   5.32824230    
   8.4599704545958332E-002   3.08978152      0.10009971770626169        5.28350973    
   8.6741468208046513E-002   3.06223941      0.10263388657977224        5.23921156    
   8.8883231870134694E-002   3.03493619      0.10516805545328278        5.19534397    
   9.1024995532222874E-002   3.00787044      0.10770222432679333        5.15190363    
   9.3166764513441080E-002   2.98104024      0.11023639949398323        5.10888672    
   9.5308522856399236E-002   2.95444489      0.11277056207381442        5.06628990    
   9.7450291837617442E-002   2.92808270      0.11530473724100432        5.02411032    
   9.9592060818835648E-002   2.90195203      0.11783891240819422        4.98234415    
  0.10173381916179380        2.87605190      0.12037307498802541        4.94098806    
  0.10387558814301201        2.85038042      0.12290725015521531        4.90003824    
  0.10601734648597017        2.82493687      0.12544141273504650        4.85949230    
  0.10815911546718837        2.79971910      0.12797558790223640        4.81934643    
  0.11030087381014653        2.77472639      0.13050975048206759        4.77959776    
  0.11244264279136473        2.74995708      0.13304392564925749        4.74024200    
  0.11458441177258294        2.72540951      0.13557810081644739        4.70127678    
  0.11672617011554109        2.70108294      0.13811226339627858        4.66269875    
  0.11886793909675930        2.67697573      0.14064643856346848        4.62450457    
  0.12100969743971746        2.65308642      0.14318060114329967        4.58669138    
  0.12315146642093566        2.62941360      0.14571477631048957        4.54925585    
  0.12529323540215387        2.60595632      0.14824895147767947        4.51219416    
  0.12743499374511202        2.58271289      0.15078311405751066        4.47550440    
  0.12957676272633023        2.55968213      0.15331728922470056        4.43918228    
  0.13171852106928839        2.53686261      0.15585145180453175        4.40322590    
  0.13386029005050659        2.51425314      0.15838562697172165        4.36763144    
  0.13600205903172480        2.49185228      0.16091980213891155        4.33239603    
  0.13814381737468295        2.46965909      0.16345396471874274        4.29751682    
  0.14028558635590116        2.44767165      0.16598813988593264        4.26299047    
  0.14242734469885932        2.42588925      0.16852230246576383        4.22881413    
  0.14456911368007752        2.40431023      0.17105647763295373        4.19498491    
  0.14671088266129573        2.38293314      0.17359065280014363        4.16149998    
  0.14885264100425388        2.36175728      0.17612481537997482        4.12835693    
  0.15099440998547209        2.34078097      0.17865899054716472        4.09555149    
  0.15313616832843024        2.32000303      0.18119315312699591        4.06308174    
  0.15527793730964845        2.29942226      0.18372732829418581        4.03094482    
  0.15741970629086666        2.27903724      0.18626150346137571        3.99913764    
  0.15956146463382481        2.25884676      0.18879566604120690        3.96765757    
  0.16170323361504302        2.23884964      0.19132984120839680        3.93650150    
  0.16384499195800117        2.21904469      0.19386400378822799        3.90566707    
  0.16598676093921938        2.19943047      0.19639817895541789        3.87515116    
  0.16812851928217754        2.18000603      0.19893234153524908        3.84495139    
  0.17027028826339574        2.16076994      0.20146651670243898        3.81506467    
  0.17241205724461395        2.14172077      0.20400069186962888        3.78548837    
  0.17455381558757210        2.12285781      0.20653485444946007        3.75622010    
  0.17669558456879031        2.10417938      0.20906902961664997        3.72725677    
  0.17883734291174846        2.08568454      0.21160319219648116        3.69859600    
  0.18097912253122672        2.06737185      0.21413737995102977        3.67023492    
  0.18312088087418488        2.04924035      0.21667154253086096        3.64217138    
  0.18526263921714303        2.03128886      0.21920570511069215        3.61440253    
  0.18740439756010119        2.01351595      0.22173986769052334        3.58692551    
  0.18954617717957944        1.99592042      0.22427405544507195        3.55973792    
  0.19168793552253760        1.97850144      0.22680821802490314        3.53283763    
  0.19382969386549576        1.96125758      0.22934238060473433        3.50622177    
  0.19597147348497401        1.94418764      0.23187656835928294        3.47988772    
  0.19811323182793217        1.92729056      0.23441073093911413        3.45383310    
  0.20025499017089032        1.91056526      0.23694489351894532        3.42805576    
  0.20239674851384848        1.89401042      0.23947905609877651        3.40255284    
  0.20453852813332674        1.87762475      0.24201324385332512        3.37732172    
  0.20668028647628489        1.86140740      0.24454740643315631        3.35236073    
  0.20882204481924305        1.84535718      0.24708156901298750        3.32766676    
  0.21096382443872130        1.82947278      0.24961575676753611        3.30323768    
  0.21310558278167946        1.81375325      0.25214991934736730        3.27907133    
  0.21524734112463761        1.79819739      0.25468408192719849        3.25516510    
  0.21738912074411587        1.78280389      0.25721826968174710        3.23151660    
  0.21953087908707403        1.76757205      0.25975243226157829        3.20812368    
  0.22167263743003218        1.75250053      0.26228659484140948        3.18498421    
  0.22381439577299034        1.73758817      0.26482075742124067        3.16209579    
  0.22595617539246859        1.72283375      0.26735494517578928        3.13945556    
  0.22809793373542675        1.70823646      0.26988910775562047        3.11706209    
  0.23023969207838491        1.69379508      0.27242327033545166        3.09491301    
  0.23238147169786316        1.67950845      0.27495745809000027        3.07300544    
  0.23452323004082132        1.66537559      0.27749162066983146        3.05133820    
  0.23666498838377947        1.65139544      0.28002578324966265        3.02990842    
  0.23880676800325773        1.63756680      0.28255997100421126        3.00871372    
  0.24094852634621589        1.62388873      0.28509413358404245        2.98775268    
  0.24309028468917404        1.61036015      0.28762829616387364        2.96702290    
  0.24523204303213220        1.59697986      0.29016245874370483        2.94652200    
  0.24737382265161045        1.58374679      0.29269664649825344        2.92624784    
  0.24951558099456861        1.57066023      0.29523080907808463        2.90619874    
  0.25165733933752676        1.55771875      0.29776497165791582        2.88637257    
  0.25379911895700502        1.54492140      0.30029915941246443        2.86676669    
  0.25594087729996318        1.53226733      0.30283332199229562        2.84737968    
  0.25808263564292133        1.51975536      0.30536748457212681        2.82820940    
  0.26022439398587949        1.50738454      0.30790164715195800        2.80925393    
  0.26236617360535774        1.49515355      0.31043583490650661        2.79051065    
  0.26450793194831590        1.48306179      0.31296999748633780        2.77197838    
  0.26664969029127406        1.47110808      0.31550416006616899        2.75365472    
  0.26879146991075231        1.45929122      0.31803834782071760        2.73553753    
  0.27093322825371047        1.44761050      0.32057251040054879        2.71762538    
  0.27307498659666862        1.43606472      0.32310667298037998        2.69991612    
  0.27521676621614688        1.42465293      0.32564086073492859        2.68240762    
  0.27735852455910504        1.41337430      0.32817502331475978        2.66509843    
  0.27950028290206319        1.40222764      0.33070918589459097        2.64798641    
  0.28164204124502135        1.39121211      0.33324334847442216        2.63106966    
  0.28378382086449960        1.38032651      0.33577753622897077        2.61434627    
  0.28592557920745776        1.36957014      0.33831169880880196        2.59781480    
  0.28806733755041591        1.35894191      0.34084586138863315        2.58147311    
  0.29020911716989417        1.34844065      0.34338004914318176        2.56531930    
  0.29235087551285233        1.33806586      0.34591421172301295        2.54935169    
  0.29449263385581048        1.32781613      0.34844837430284414        2.53356862    
  0.29663439219876864        1.31769085      0.35098253688267533        2.51796842    
  0.29877617181824689        1.30768883      0.35351672463722394        2.50254893    
  0.30091793016120505        1.29780924      0.35605088721705513        2.48730874    
  0.30305968850416320        1.28805113      0.35858504979688632        2.47224593    
  0.30520146812364146        1.27841353      0.36111923755143494        2.45735884    
  0.30734322646659962        1.26889563      0.36365340013126612        2.44264603    
  0.30948498480955777        1.25949645      0.36618756271109731        2.42810559    
  0.31162676442903603        1.25021482      0.36872175046564593        2.41373563    
  0.31376852277199418        1.24105024      0.37125591304547712        2.39953494    
  0.31591028111495234        1.23200154      0.37379007562530830        2.38550186    
  0.31805203945791050        1.22306800      0.37632423820513949        2.37163424    
  0.32019381907738875        1.21424842      0.37885842595968811        2.35793090    
  0.32233557742034691        1.20554209      0.38139258853951929        2.34439015    
  0.32447733576330506        1.19694817      0.38392675111935048        2.33101058    
  0.32661911538278332        1.18846560      0.38646093887389910        2.31779003    
  0.32876087372574148        1.18009377      0.38899510145373029        2.30472779    
  0.33090263206869963        1.17183149      0.39152926403356147        2.29182148    
  0.33304441168817789        1.16367805      0.39406345178811009        2.27907014    
  0.33518617003113604        1.15563250      0.39659761436794128        2.26647186    
  0.33732792837409420        1.14769411      0.39913177694777247        2.25402546    
  0.33946968671705235        1.13986194      0.40166593952760365        2.24172926    
  0.34161146633653061        1.13213503      0.40420012728215227        2.22958159    
  0.34375322467948877        1.12451255      0.40673428986198346        2.21758151    
  0.34589498302244692        1.11699390      0.40926845244181465        2.20572686    
  0.34803676264192518        1.10957778      0.41180264019636326        2.19401670    
  0.35017852098488333        1.10226381      0.41433680277619445        2.18244958    
  0.35232027932784149        1.09505093      0.41687096535602564        2.17102385    
  0.35446203767079965        1.08793831      0.41940512793585683        2.15973806    
  0.35660381729027790        1.08092499      0.42193931569040544        2.14859104    
  0.35874557563323606        1.07401049      0.42447347827023663        2.13758135    
  0.36088735525271431        1.06719363      0.42700766602478524        2.12670732    
  0.36302909231915237        1.06047392      0.42954180342989901        2.11596799    
  0.36517087193863063        1.05385017      0.43207599118444762        2.10536170    
  0.36731265155810888        1.04732192      0.43461017893899623        2.09488726    
  0.36945438862454694        1.04088819      0.43714431634411000        2.08454323    
  0.37159616824402519        1.03454816      0.43967850409865861        2.07432842    
  0.37373794786350345        1.02830112      0.44221269185320722        2.06424141    
  0.37587968492994150        1.02214634      0.44474682925832099        2.05428123    
  0.37802146454941976        1.01608276      0.44728101701286960        2.04444599    
  0.38016324416889802        1.01010978      0.44981520476741821        2.03473473    
  0.38230498123533607        1.00422668      0.45234934217253198        2.02514625    
  0.38444676085481433       0.998432577      0.45488352992708059        2.01567936    
  0.38658849792125238       0.992726803      0.45741766733219436        2.00633264    
  0.38873027754073064       0.987108409      0.45995185508674297        1.99710476    
  0.39087205716020890       0.981576800      0.46248604284129158        1.98799467    
  0.39301379422664695       0.976131201      0.46502018024640535        1.97900128    
  0.39515557384612521       0.970770657      0.46755436800095396        1.97012305    
  0.39729735346560346       0.965494633      0.47008855575550257        1.96135890    
  0.39943909053204152       0.960302413      0.47262269316061634        1.95270801    
  0.40158087015151978       0.955193043      0.47515688091516495        1.94416881    
  0.40372264977099803       0.950165868      0.47769106866971356        1.93574011    
  0.40586438683743609       0.945220292      0.48022520607482733        1.92742121    
  0.40800616645691434       0.940355361      0.48275939382937594        1.91921043    
  0.41014794607639260       0.935570478      0.48529358158392455        1.91110694    
  0.41228968314283065       0.930864990      0.48782771898903832        1.90310967    
  0.41443146276230891       0.926237941      0.49036190674358693        1.89521730    
  0.41657324238178717       0.921688795      0.49289609449813554        1.88742888    
  0.41871497944822522       0.917216837      0.49543023190324931        1.87974334    
  0.42085675906770348       0.912821293      0.49796441965779792        1.87215948    
  0.42299849613414153       0.908501506      0.50049855706291169        1.86467636    
  0.42514027575361979       0.904256701      0.50303274481746030        1.85729277    
  0.42728205537309805       0.900086224      0.50556693257200891        1.85000777    
  0.42942379243953610       0.895989478      0.50810106997712268        1.84282041    
  0.43156557205901436       0.891965568      0.51063525773167129        1.83572936    
  0.43370735167849261       0.888013959      0.51316944548621990        1.82873392    
  0.43584908874493067       0.884133995      0.51570358289133367        1.82183301    
  0.43799086836440893       0.880324841      0.51823777064588228        1.81502545    
  0.44013264798388718       0.876585960      0.52077195840043089        1.80831039    
  0.44227438505032524       0.872916698      0.52330609580554466        1.80168700    
  0.44441616466980349       0.869316220      0.52584028356009327        1.79515398    
  0.44655794428928175       0.865783989      0.52837447131464188        1.78871047    
  0.44869968135571980       0.862319410      0.53090860871975565        1.78235579    
  0.45084146097519806       0.858921647      0.53344279647430426        1.77608860    
  0.45298324059467632       0.855590165      0.53597698422885287        1.76990819    
  0.45512497766111437       0.852324367      0.53851112163396664        1.76381361    
  0.45726675728059263       0.849123478      0.54104530938851525        1.75780380    
  0.45940849434703068       0.845986962      0.54357944679362902        1.75187814    
  0.46155027396650894       0.842914104      0.54611363454817763        1.74603546    
  0.46369205358598720       0.839904308      0.54864782230272624        1.74027491    
  0.46583379065242525       0.836956978      0.55118195970784001        1.73459566    
  0.46797557027190351       0.834071398      0.55371614746238862        1.72899687    
  0.47011734989138176       0.831246972      0.55625033521693723        1.72347760    
  0.47225908695781982       0.828483164      0.55878447262205100        1.71803713    
  0.47440086657729807       0.825779259      0.56131866037659961        1.71267438    
  0.47654264619677633       0.823134720      0.56385284813114822        1.70738864    
  0.47868438326321439       0.820548952      0.56638698553626199        1.70217907    
  0.48082616288269264       0.818021238      0.56892117329081060        1.69704485    
  0.48296794250217090       0.815551043      0.57145536104535921        1.69198513    
  0.48510967956860895       0.813137829      0.57398949845047298        1.68699932    
  0.48725145918808721       0.810780883      0.57652368620502159        1.68208623    
  0.48939323880756547       0.808479726      0.57905787395957020        1.67724526    
  0.49153497587400352       0.806233764      0.58159201136468397        1.67247570    
  0.49367675549348178       0.804042280      0.58412619911923258        1.66777670    
  0.49581853511296003       0.801904857      0.58666038687378119        1.66314733    
  0.49796027217939809       0.799820840      0.58919452427889496        1.65858722    
  0.50010205179887635       0.797789633      0.59172871203344357        1.65409529    
  0.50224378886531440       0.795810759      0.59426284943855734        1.64967096    
  0.50438556848479266       0.793883622      0.59679703719310595        1.64531326    
  0.50652734810427091       0.792007565      0.59933122494765456        1.64102161    
  0.50866908517070897       0.790182173      0.60186536235276833        1.63679552    
  0.51081086479018722       0.788406730      0.60439955010731694        1.63263381    
  0.51295264440966548       0.786680818      0.60693373786186555        1.62853611    
  0.51509438147610354       0.785003901      0.60946787526697932        1.62450159    
  0.51723616109558179       0.783375323      0.61200206302152793        1.62052965    
  0.51937794071506005       0.781794608      0.61453625077607654        1.61661947    
  0.52151967778149810       0.780261278      0.61707038818119031        1.61277044    
  0.52366145740097636       0.778774679      0.61960457593573892        1.60898185    
  0.52580323702045462       0.777334332      0.62213876369028753        1.60525310    
  0.52794497408689267       0.775939703      0.62467290109540130        1.60158348    
  0.53008675370637093       0.774590313      0.62720708884994991        1.59797227    
  0.53222853332584918       0.773285568      0.62974127660449852        1.59441900    
  0.53437027039228724       0.772025049      0.63227541400961229        1.59092295    
  0.53651205001176550       0.770808160      0.63480960176416090        1.58748353    
  0.53865378707820355       0.769634426      0.63734373916927467        1.58410001    
  0.54079556669768181       0.768503308      0.63987792692382328        1.58077168    
  0.54293734631716006       0.767414272      0.64241211467837189        1.57749820    
  0.54507908338359812       0.766366959      0.64494625208348566        1.57427883    
  0.54722086300307637       0.765360773      0.64748043983803427        1.57111299    
  0.54936264262255463       0.764395177      0.65001462759258288        1.56799996    
  0.55150437968899269       0.763469815      0.65254876499769665        1.56493938    
  0.55364615930847094       0.762584031      0.65508295275224526        1.56193054    
  0.55578793892794920       0.761737466      0.65761714050679387        1.55897284    
  0.55792967599438725       0.760929644      0.66015127791190764        1.55606580    
  0.56007145561386551       0.760160029      0.66268546566645625        1.55320871    
  0.56221323523334377       0.759428144      0.66521965342100486        1.55040121    
  0.56435497229978182       0.758733571      0.66775379082611863        1.54764271    
  0.56649675191926008       0.758075774      0.67028797858066724        1.54493248    
  0.56863853153873833       0.757454336      0.67282216633521585        1.54227018    
  0.57078026860517639       0.756868780      0.67535630374032962        1.53965521    
  0.57292204822465465       0.756318688      0.67789049149487823        1.53708708    
  0.57506378529109270       0.755803585      0.68042462889999200        1.53456533    
  0.57720556491057096       0.755322933      0.68295881665454061        1.53208923    
  0.57934734453004921       0.754876435      0.68549300440908922        1.52965844    
  0.58148908159648727       0.754463494      0.68802714181420299        1.52727246    
  0.58363086121596552       0.754083812      0.69056132956875160        1.52493060    
  0.58577264083544378       0.753736854      0.69309551732330021        1.52263272    
  0.58791437790188183       0.753422201      0.69562965472841398        1.52037799    
  0.59005615752136009       0.753139436      0.69816384248296259        1.51816618    
  0.59219793714083835       0.752888143      0.70069803023751120        1.51599669    
  0.59433967420727640       0.752667844      0.70323216764262497        1.51386905    
  0.59648145382675466       0.752478182      0.70576635539717358        1.51178277    
  0.59862323344623292       0.752318680      0.70830054315172220        1.50973749    
  0.60076497051267097       0.752188921      0.71083468055683596        1.50773275    
  0.60290675013214923       0.752088547      0.71336886831138457        1.50576806    
  0.60504852975162748       0.752017081      0.71590305606593319        1.50384295    
  0.60719026681806554       0.751974225      0.71843719347104695        1.50195706    
  0.60933204643754380       0.751959443      0.72097138122559556        1.50010979    
  0.61147382605702205       0.751972377      0.72350556898014418        1.49830091    
  0.61361556312346011       0.752012610      0.72603970638525794        1.49652994    
  0.61575734274293836       0.752079844      0.72857389413980655        1.49479640    
  0.61789907980937642       0.752173603      0.73110803154492032        1.49309993    
  0.62004085942885467       0.752293468      0.73364221929946893        1.49144018    
  0.62218263904833293       0.752439141      0.73617640705401755        1.48981655    
  0.62432437611477098       0.752610147      0.73871054445913131        1.48822892    
  0.62646615573424924       0.752806127      0.74124473221367992        1.48667657    
  0.62860793535372750       0.753026783      0.74377891996822854        1.48515940    
  0.63074967242016555       0.753271699      0.74631305737334230        1.48367691    
  0.63289145203964381       0.753540397      0.74884724512789091        1.48222864    
  0.63503323165912207       0.753832698      0.75138143288243953        1.48081446    
  0.63717496872556012       0.754148066      0.75391557028755329        1.47943366    
  0.63931674834503838       0.754486203      0.75644975804210191        1.47808611    
  0.64145852796451663       0.754846752      0.75898394579665052        1.47677147    
  0.64360026503095469       0.755229354      0.76151808320176428        1.47548926    
  0.64574204465043294       0.755633712      0.76405227095631290        1.47423911    
  0.64788382426991120       0.756059349      0.76658645871086151        1.47302067    
  0.65002556133634926       0.756505966      0.76912059611597527        1.47183383    
  0.65216734095582751       0.756973267      0.77165478387052389        1.47067797    
  0.65430907802226557       0.757460892      0.77418892127563765        1.46955287    
  0.65645085764174382       0.757968426      0.77672310903018627        1.46845818    
  0.65859263726122208       0.758495629      0.77925729678473488        1.46739352    
  0.66073437432766013       0.759042144      0.78179143418984864        1.46635866    
  0.66287615394713839       0.759607553      0.78432562194439726        1.46535325    
  0.66501793356661665       0.760191619      0.78685980969894587        1.46437705    
  0.66715967063305470       0.760793984      0.78939394710405963        1.46342957    
  0.66930145025253296       0.761414349      0.79192813485860825        1.46251059    
  0.67144322987201122       0.762052357      0.79446232261315686        1.46161985    
  0.67358496693844927       0.762707710      0.79699646001827062        1.46075702    
  0.67572674655792753       0.763380051      0.79953064777281924        1.45992172    
  0.67786852617740578       0.764069140      0.80206483552736785        1.45911372    
  0.68001026324384384       0.764774561      0.80459897293248162        1.45833278    
  0.68215204286332209       0.765496135      0.80713316068703023        1.45757854    
  0.68429382248280035       0.766233504      0.80966734844157884        1.45685089    
  0.68643555954923841       0.766986310      0.81220148584669261        1.45614922    
  0.68857733916871666       0.767754316      0.81473567360124122        1.45547354    
  0.69071907623515472       0.768537164      0.81726981100635498        1.45482349    
  0.69286085585463297       0.769334674      0.81980399876090360        1.45419872    
  0.69500263547411123       0.770146430      0.82233818651545221        1.45359910    
  0.69714437254054928       0.770972192      0.82487232392056598        1.45302427    
  0.69928615216002754       0.771811724      0.82740651167511459        1.45247400    
  0.70142793177950580       0.772664666      0.82994069942966320        1.45194805    
  0.70356966884594385       0.773530781      0.83247483683477697        1.45144618    
  0.70571144846542211       0.774409771      0.83500902458932558        1.45096803    
  0.70785322808490037       0.775301337      0.83754321234387419        1.45051348    
  0.70999496515133842       0.776205242      0.84007734974898796        1.45008230    
  0.71213674477081668       0.777121186      0.84261153750353657        1.44967413    
  0.71427848183725473       0.778048933      0.84514567490865034        1.44928896    
  0.71642026145673299       0.778988242      0.84767986266319895        1.44892621    
  0.71856204107621124       0.779938757      0.85021405041774756        1.44858587    
  0.72070382069568950       0.780900300      0.85274823817229617        1.44826782    
  0.72284560031516776       0.781872571      0.85528242592684478        1.44797158    
  0.72498729482856561       0.782855272      0.85781651298252370        1.44769704    
  0.72712907444804387       0.783848226      0.86035070073707232        1.44744396    
  0.72927085406752212       0.784851193      0.86288488849162093        1.44721222    
  0.73141263368700038       0.785863876      0.86541907624616954        1.44700146    
  0.73355441330647864       0.786886096      0.86795326400071815        1.44681156    
  0.73569619292595689       0.787917495      0.87048745175526676        1.44664240    
  0.73783788743935474       0.788957834      0.87302153881094569        1.44649351    
  0.73997966705883300       0.790006995      0.87555572656549430        1.44636500    
  0.74212144667831126       0.791064739      0.87808991432004291        1.44625640    
  0.74426322629778952       0.792130709      0.88062410207459152        1.44616759    
  0.74640500591726777       0.793204725      0.88315828982914013        1.44609857    
  0.74854670043066562       0.794286549      0.88569237688481905        1.44604886    
  0.75068848005014388       0.795376003      0.88822656463936767        1.44601846    
  0.75283025966962214       0.796472847      0.89076075239391628        1.44600713    
  0.75497203928910039       0.797576845      0.89329494014846489        1.44601464    
  0.75711381890857865       0.798687756      0.89582912790301350        1.44604075    
  0.75925559852805691       0.799805403      0.89836331565756211        1.44608557    
  0.76139729304145476       0.800929546      0.90089740271324104        1.44614851    
  0.76353907266093302       0.802059948      0.90343159046778965        1.44622982    
  0.76568085228041127       0.803196490      0.90596577822233826        1.44632900    
  0.76782263189988953       0.804338872      0.90849996597688687        1.44644594    
  0.76996441151936779       0.805486917      0.91103415373143548        1.44658065    
  0.77210619113884604       0.806640446      0.91356834148598409        1.44673276    
  0.77424788565224389       0.807799160      0.91610242854166302        1.44690216    
  0.77638966527172215       0.808963001      0.91863661629621163        1.44708872    
  0.77853144489120041       0.810131669      0.92117080405076024        1.44729221    
  0.78067322451067866       0.811305046      0.92370499180530885        1.44751263    
  0.78281500413015692       0.812482893      0.92623917955985746        1.44774961    
  0.78495669864355477       0.813664973      0.92877326661553639        1.44800317    
  0.78709847826303303       0.814851224      0.93130745437008500        1.44827306    
  0.78924025788251129       0.816041350      0.93384164212463361        1.44855917    
  0.79138203750198954       0.817235231      0.93637582987918222        1.44886136    
  0.79352381712146780       0.818432629      0.93891001763373083        1.44917941    
  0.79566559674094606       0.819633424      0.94144420538827944        1.44951320    
  0.79780729125434391       0.820837379      0.94397829244395837        1.44986260    
  0.79994907087382217       0.822044373      0.94651248019850698        1.45022762    
  0.80209085049330042       0.823254168      0.94904666795305559        1.45060778    
  0.80423263011277868       0.824466705      0.95158085570760420        1.45100331    
  0.80637440973225694       0.825681746      0.95411504346215281        1.45141375    
  0.80851618935173519       0.826899111      0.95664923121670142        1.45183921    
  0.81065788386513304       0.828118563      0.95918331827238035        1.45227945    
  0.81279966348461130       0.829340100      0.96171750602692896        1.45273435    
  0.81494144310408956       0.830563545      0.96425169378147757        1.45320368    
  0.81708322272356781       0.831788599      0.96678588153602618        1.45368743    
  0.81922500234304607       0.833015263      0.96932006929057479        1.45418549    
  0.82136678196252433       0.834243298      0.97185425704512340        1.45469773    
  0.82350847647592218       0.835472465      0.97438834410080233        1.45522392    
  0.82565025609540044       0.836702824      0.97692253185535094        1.45576406    
  0.82779203571487869       0.837934077      0.97945671960989955        1.45631790    
  0.82993381533435695       0.839166164      0.98199090736444816        1.45688546    
  0.83207559495383521       0.840398848      0.98452509511899677        1.45746648    
  0.83421728946723306       0.841632068      0.98705918217467570        1.45806086    
  0.83635906908671132       0.842865646      0.98959336992922431        1.45866871    
  0.83850084870618957       0.844099402      0.99212755768377292        1.45928955    
  0.84064262832566783       0.845333338      0.99466174543832153        1.45992362    
  0.84278440794514609       0.846567214      0.99719593319287014        1.46057057    
  0.84492618756462434       0.847800851      0.99973012094741875        1.46123028    
  0.84706788207802219       0.849034190       1.0022642080030977        1.46190274    
  0.84920966169750045       0.850267172       1.0047983957576463        1.46258795    
  0.85135144131697871       0.851499557       1.0073325835121949        1.46328557    
  0.85349322093645696       0.852731228       1.0098667712667435        1.46399558    
  0.85563500055593522       0.853962123       1.0124009590212921        1.46471798    
  0.85777678017541348       0.855192125       1.0149351467758407        1.46545243    
  0.85991847468881133       0.856420994       1.0174692338315197        1.46619904    
  0.86206025430828959       0.857648790       1.0200034215860683        1.46695769    
  0.86420203392776784       0.858875275       1.0225376093406169        1.46772814    
  0.86634381354724610       0.860100389       1.0250717970951655        1.46851039    
  0.86848559316672436       0.861324012       1.0276059848497141        1.46930432    
  0.87062728768012221       0.862545967       1.0301400719053930        1.47010982    
  0.87276906729960047       0.863766253       1.0326742596599416        1.47092676    
  0.87491084691907872       0.864984691       1.0352084474144903        1.47175515    
  0.87705262653855698       0.866201222       1.0377426351690389        1.47259486    
  0.87919440615803524       0.867415786       1.0402768229235875        1.47344577    
  0.88133618577751349       0.868628144       1.0428110106781361        1.47430766    
  0.88347788029091134       0.869838238       1.0453450977338150        1.47518063    
  0.88561965991038960       0.871046066       1.0478792854883636        1.47606444    
  0.88776143952986786       0.872251511       1.0504134732429122        1.47695923    
  0.88990321914934611       0.873454392       1.0529476609974608        1.47786462    
  0.89204499876882437       0.874654710       1.0554818487520095        1.47878063    
  0.89418677838830263       0.875852346       1.0580160365065581        1.47970724    
  0.89632847290170048       0.877047122       1.0605501235622370        1.48064423    
  0.89847025252117874       0.878239095       1.0630843113167856        1.48159170    
  0.90061203214065699       0.879428089       1.0656184990713342        1.48254931    
  0.90275381176013525       0.880614042       1.0681526868258828        1.48351717    
  0.90489559137961351       0.881796956       1.0706868745804314        1.48449516    
  0.90703728589301136       0.882976532       1.0732209616361104        1.48548317    
  0.90917906551248961       0.884152949       1.0757551493906590        1.48648107    
  0.91132084513196787       0.885325968       1.0782893371452076        1.48748887    
  0.91346262475144613       0.886495590       1.0808235248997562        1.48850632    
  0.91560440437092439       0.887661755       1.0833577126543048        1.48953354    
  0.91774618399040264       0.888824284       1.0858919004088534        1.49057031    
  0.91988787850380049       0.889983118       1.0884259874645323        1.49161649    
  0.92202965812327875       0.891138375       1.0909601752190810        1.49267220    
  0.92417143774275701       0.892289758       1.0934943629736296        1.49373722    
  0.92631321736223526       0.893437386       1.0960285507281782        1.49481153    
  0.92845499698171352       0.894581079       1.0985627384827268        1.49589503    
  0.93059677660119178       0.895720780       1.1010969262372754        1.49698758    
  0.93273847111458963       0.896856427       1.1036310132929543        1.49808919    
  0.93488025073406789       0.897988021       1.1061652010475029        1.49919963    
  0.93702203035354614       0.899115503       1.1086993888020515        1.50031900    
  0.93916380997302440       0.900238752       1.1112335765566002        1.50144720    
  0.94130558959250266       0.901357770       1.1137677643111488        1.50258398    
  0.94344728410590051       0.902472496       1.1163018513668277        1.50372946    
  0.94558906372537876       0.903582811       1.1188360391213763        1.50488341    
  0.94773084334485702       0.904688776       1.1213702268759249        1.50604582    
  0.94987262296433528       0.905790269       1.1239044146304735        1.50721669    
  0.95201440258381353       0.906887293       1.1264386023850221        1.50839579    
  0.95415618220329179       0.907979727       1.1289727901395707        1.50958312    
  0.95629787671668964       0.909067512       1.1315068771952497        1.51077855    
  0.95843965633616790       0.910150766       1.1340410649497983        1.51198208    
  0.96058143595564616       0.911229312       1.1365752527043469        1.51319361    
  0.96272321557512441       0.912303090       1.1391094404588955        1.51441312    
  0.96486499519460267       0.913372159       1.1416436282134441        1.51564038    
  0.96700677481408093       0.914436460       1.1441778159679927        1.51687539    
  0.96914846932747878       0.915495872       1.1467119030236717        1.51811802    
  0.97129024894695704       0.916550457       1.1492460907782203        1.51936841    
  0.97343202856643529       0.917600155       1.1517802785327689        1.52062619    
  0.97557380818591355       0.918644965       1.1543144662873175        1.52189159    
  0.97771558780539181       0.919684768       1.1568486540418661        1.52316427    
  0.97985728231878966       0.920719564       1.1593827410975450        1.52444410    
  0.98199906193826791       0.921749353       1.1619169288520936        1.52573133    
  0.98414084155774617       0.922774136       1.1644511166066422        1.52702570    
  0.98628262117722443       0.923793852       1.1669853043611909        1.52832711    
  0.98842440079670268       0.924808502       1.1695194921157395        1.52963555    
  0.99056618041618094       0.925817966       1.1720536798702881        1.53095090    
  0.99270787492957879       0.926822305       1.1745877669259670        1.53227293    
  0.99484965454905705       0.927821577       1.1771219546805156        1.53360188    
  0.99699143416853531       0.928815603       1.1796561424350642        1.53493762    
  0.99913321378801356       0.929804504       1.1821903301896128        1.53627980    
   1.0012749934074918       0.930788159       1.1847245179441614        1.53762865    
   1.0034167730269701       0.931766570       1.1872587056987101        1.53898382    
   1.0055584675403679       0.932739735       1.1897927927543890        1.54034543    
   1.0077002471598462       0.933707714       1.1923269805089376        1.54171336    
   1.0098420267793244       0.934670448       1.1948611682634862        1.54308760    
   1.0119838063988027       0.935627878       1.1973953560180348        1.54446793    
   1.0141255860182810       0.936580002       1.1999295437725834        1.54585445    
   1.0162672805316788       0.937526882       1.2024636308282624        1.54724681    
   1.0184090601511571       0.938468456       1.2049978185828110        1.54864514    
   1.0205508397706353       0.939404726       1.2075320063373596        1.55004942    
   1.0226926193901136       0.940335751       1.2100661940919082        1.55145943    
   1.0248343990095918       0.941261411       1.2126003818464568        1.55287504    
   1.0269761786290701       0.942181766       1.2151345696010054        1.55429637    
   1.0291178731424679       0.943096817       1.2176686566566843        1.55572319    
   1.0312596527619462       0.944006562       1.2202028444112329        1.55715561    
   1.0334014323814245       0.944911003       1.2227370321657816        1.55859327    
   1.0355432120009027       0.945810139       1.2252712199203302        1.56003642    
   1.0376849916203810       0.946704030       1.2278054076748788        1.56148469    
   1.0398267712398592       0.947592556       1.2303395954294274        1.56293809    
   1.0419684657532571       0.948475778       1.2328736824851063        1.56439662    
   1.0441102453727353       0.949353755       1.2354078702396549        1.56586015    
   1.0462520249922136       0.950226426       1.2379420579942035        1.56732857    
   1.0483938046116918       0.951093853       1.2404762457487521        1.56880188    
   1.0505355842311701       0.951955974       1.2430104335033008        1.57027996    
   1.0526772787445680       0.952812850       1.2455445205589797        1.57176268    
   1.0548190583640462       0.953664482       1.2480787083135283        1.57325006    
   1.0569608379835245       0.954510927       1.2506128960680769        1.57474196    
   1.0591026176030027       0.955352187       1.2531470838226255        1.57623839    
   1.0612443972224810       0.956188202       1.2556812715771741        1.57773912    
   1.0633861768419592       0.957019031       1.2582154593317227        1.57924414    
   1.0655278713553571       0.957844675       1.2607495463874017        1.58075333    
   1.0676696509748353       0.958665133       1.2632837341419503        1.58226669    
   1.0698114305943136       0.959480524       1.2658179218964989        1.58378422    
   1.0719532102137919       0.960290790       1.2683521096510475        1.58530557    
   1.0740949898332701       0.961095989       1.2708862974055961        1.58683085    
   1.0762367694527484       0.961896062       1.2734204851601447        1.58835995    
   1.0783784639661462       0.962691069       1.2759545722158236        1.58989275    
   1.0805202435856245       0.963481069       1.2784887599703723        1.59142923    
   1.0826620232051027       0.964266062       1.2810229477249209        1.59296930    
   1.0848038028245810       0.965046108       1.2835571354794695        1.59451282    
   1.0869455824440593       0.965821147       1.2860913232340181        1.59605980    
   1.0890873620635375       0.966591239       1.2886255109885667        1.59761012    
   1.0912290565769354       0.967356443       1.2911595980442456        1.59916353    
   1.0933708361964136       0.968116760       1.2936937857987942        1.60072017    
   1.0955126158158919       0.968872249       1.2962279735533428        1.60227990    
   1.0976543954353701       0.969622910       1.2987621613078915        1.60384262    
   1.0997961750548484       0.970368803       1.3012963490624401        1.60540819    
   1.1019378695682462       0.971109867       1.3038304361181190        1.60697663    
   1.1040796491877245       0.971846282       1.3063646238726676        1.60854781    
   1.1062214288072028       0.972577929       1.3088988116272162        1.61012161    
   1.1083632084266810       0.973304987       1.3114329993817648        1.61169803    
   1.1105049880461593       0.974027336       1.3139671871363134        1.61327684    
   1.1126467676656375       0.974745095       1.3165013748908621        1.61485815    
   1.1147884621790354       0.975458324       1.3190354619465410        1.61644161    
   1.1169302417985136       0.976167023       1.3215696497010896        1.61802745    
   1.1190720214179919       0.976871192       1.3241038374556382        1.61961544    
   1.1212138010374701       0.977570951       1.3266380252101868        1.62120545    
   1.1233555806569484       0.978266239       1.3291722129647354        1.62279737    
   1.1254973602764267       0.978957236       1.3317064007192840        1.62439120    
   1.1276390547898245       0.979643822       1.3342404877749630        1.62598681    
   1.1297808344093028       0.980326116       1.3367746755295116        1.62758410    
   1.1319226140287810       0.981004119       1.3393088632840602        1.62918317    
   1.1340643936482593       0.981677949       1.3418430510386088        1.63078368    
   1.1362061732677375       0.982347608       1.3443772387931574        1.63238561    
   1.1383478677811354       0.983013093       1.3469113258488363        1.63398886    
   1.1404896474006136       0.983674526       1.3494455136033849        1.63559341    
   1.1426314270200919       0.984331906       1.3519797013579335        1.63719916    
   1.1447732066395702       0.984985232       1.3545138891124822        1.63880599    
   1.1469149862590484       0.985634685       1.3570480768670308        1.64041388    
   1.1490567658785267       0.986280143       1.3595822646215794        1.64202261    
   1.1511984603919245       0.986921728       1.3621163516772583        1.64363217    
   1.1533402400114028       0.987559497       1.3646505394318069        1.64524245    
   1.1554820196308810       0.988193512       1.3671847271863555        1.64685345    
   1.1576237992503593       0.988823771       1.3697189149409041        1.64846492    
   1.1597655788698376       0.989450395       1.3722531026954528        1.65007699    
   1.1619073584893158       0.990073323       1.3747872904500014        1.65168941    
   1.1640490530027137       0.990692675       1.3773213775056803        1.65330195    
   1.1661908326221919       0.991308510       1.3798555652602289        1.65491486    
   1.1683326122416702       0.991920829       1.3823897530147775        1.65652776    
   1.1704743918611484       0.992529750       1.3849239407693261        1.65814078    
   1.1726161714806267       0.993135214       1.3874581285238747        1.65975368    
   1.1747578659940245       0.993737400       1.3899922155795537        1.66136646    
   1.1768996456135028       0.994336247       1.3925264033341023        1.66297889    
   1.1790414252329811       0.994931877       1.3950605910886509        1.66459107    
   1.1811832048524593       0.995524347       1.3975947788431995        1.66620278    
   1.1833249844719376       0.996113658       1.4001289665977481        1.66781402    
   1.1854667640914158       0.996699929       1.4026631543522967        1.66942453    
   1.1876084586048137       0.997283161       1.4051972414079756        1.67103434    
   1.1897502382242919       0.997863412       1.4077314291625243        1.67264342    
   1.1918920178437702       0.998440742       1.4102656169170729        1.67425156    
   1.1940337974632484       0.999015152       1.4127998046716215        1.67585874    
   1.1961755770827267       0.999586821       1.4153339924261701        1.67746484    
   1.1983173567022050        1.00015569       1.4178681801807187        1.67906976    
   1.2004590512156028        1.00072193       1.4204022672363976        1.68067336    
   1.2026008308350811        1.00128543       1.4229364549909462        1.68227565    
   1.2047426104545593        1.00184643       1.4254706427454948        1.68387651    
   1.2068843900740376        1.00240493       1.4280048305000435        1.68547595    
   1.2090261696935158        1.00296080       1.4305390182545921        1.68707359    
   1.2111678642069137        1.00351441       1.4330731053102710        1.68866956    
   1.2133096438263919        1.00406551       1.4356072930648196        1.69026375    
   1.2154514234458702        1.00461447       1.4381414808193682        1.69185603    
   1.2175932030653485        1.00516105       1.4406756685739168        1.69344640    
   1.2197349826848267        1.00570548       1.4432098563284654        1.69503450    
   1.2218767623043050        1.00624776       1.4457440440830140        1.69662058    
   1.2240184568177028        1.00678802       1.4482781311386930        1.69820428    
   1.2261602364371811        1.00732625       1.4508123188932416        1.69978571    
   1.2283020160566593        1.00786245       1.4533465066477902        1.70136464    
   1.2304437956761376        1.00839686       1.4558806944023388        1.70294106    
   1.2325855752956159        1.00892937       1.4584148821568874        1.70451486    
   1.2347273549150941        1.00946009       1.4609490699114360        1.70608592    
   1.2368690494284920        1.00998902       1.4634831569671150        1.70765412    
   1.2390108290479702        1.01051641       1.4660173447216636        1.70921957    
   1.2411526086674485        1.01104224       1.4685515324762122        1.71078193    
   1.2432943882869267        1.01156640       1.4710857202307608        1.71234119    
   1.2454361679064050        1.01208913       1.4736199079853094        1.71389723    
   1.2475778624198028        1.01261032       1.4761539950409883        1.71545005    
   1.2497196420392811        1.01313031       1.4786881827955369        1.71699953    
   1.2518614216587594        1.01364887       1.4812223705500855        1.71854568    
   1.2540032012782376        1.01416624       1.4837565583046342        1.72008812    
   1.2561449808977159        1.01468253       1.4862907460591828        1.72162712    
   1.2582867605171941        1.01519752       1.4888249338137314        1.72316229    
   1.2604284550305920        1.01571155       1.4913590208694103        1.72469366    
   1.2625702346500702        1.01622450       1.4938932086239589        1.72622120    
   1.2647120142695485        1.01673651       1.4964273963785075        1.72774470    
   1.2668537938890267        1.01724768       1.4989615841330561        1.72926426    
   1.2689955735085050        1.01775801       1.5014957718876047        1.73077965    
   1.2711373531279833        1.01826763       1.5040299596421534        1.73229074    
   1.2732790476413811        1.01877654       1.5065640466978323        1.73379755    
   1.2754208272608594        1.01928473       1.5090982344523809        1.73529994    
   1.2775626068803376        1.01979232       1.5116324222069295        1.73679793    
   1.2797043864998159        1.02029943       1.5141666099614781        1.73829126    
   1.2818461661192941        1.02080607       1.5167007977160267        1.73978007    
   1.2839878606326920        1.02131236       1.5192348847717057        1.74126399    
   1.2861296402521702        1.02181828       1.5217690725262543        1.74274313    
   1.2882714198716485        1.02232385       1.5243032602808029        1.74421740    
   1.2904131994911268        1.02282917       1.5268374480353515        1.74568677    
   1.2925549791106050        1.02333450       1.5293716357899001        1.74715102    
   1.2946967587300833        1.02383959       1.5319058235444487        1.74861002    
   1.2968384532434811        1.02434456       1.5344399106001276        1.75006390    
   1.2989802328629594        1.02484965       1.5369740983546762        1.75151241    
   1.3011220124824376        1.02535486       1.5395082861092249        1.75295556    
   1.3032637921019159        1.02586007       1.5420424738637735        1.75439334    
   1.3054055717213942        1.02636564       1.5445766616183221        1.75582552    
   1.3075473513408724        1.02687132       1.5471108493728707        1.75725210    
   1.3096890458542703        1.02737725       1.5496449364285496        1.75867295    
   1.3118308254737485        1.02788365       1.5521791241830982        1.76008797    
   1.3139726050932268        1.02839041       1.5547133119376468        1.76149726    
   1.3161143847127050        1.02889776       1.5572474996921954        1.76290059    
   1.3182561643321833        1.02940559       1.5597816874467441        1.76429796    
   1.3203978588455811        1.02991390       1.5623157745024230        1.76568925    
   1.3225396384650594        1.03042305       1.5648499622569716        1.76707447    
   1.3246814180845377        1.03093278       1.5673841500115202        1.76845336    
   1.3268231977040159        1.03144324       1.5699183377660688        1.76982605    
   1.3289649773234942        1.03195465       1.5724525255206174        1.77119243    
   1.3311067569429724        1.03246689       1.5749867132751660        1.77255237    
   1.3332484514563703        1.03297997       1.5775208003308450        1.77390575    
   1.3353902310758485        1.03349411       1.5800549880853936        1.77525270    
   1.3375320106953268        1.03400934       1.5825891758399422        1.77659297    
   1.3396737903148050        1.03452563       1.5851233635944908        1.77792668    
   1.3418155699342833        1.03504300       1.5876575513490394        1.77925360    
   1.3439573495537616        1.03556168       1.5901917391035880        1.78057361    
   1.3460990440671594        1.03608155       1.5927258261592669        1.78188682    
   1.3482408236866377        1.03660274       1.5952600139138156        1.78319323    
   1.3503826033061159        1.03712523       1.5977942016683642        1.78449249    
   1.3525243829255942        1.03764927       1.6003283894229128        1.78578484    
   1.3546661625450724        1.03817475       1.6028625771774614        1.78707004    
   1.3568079421645507        1.03870165       1.6053967649320100        1.78834820    
   1.3589496366779485        1.03923023       1.6079308519876889        1.78961897    
   1.3610914162974268        1.03976035       1.6104650397422375        1.79088259    
   1.3632331959169051        1.04029214       1.6129992274967861        1.79213893    
   1.3653749755363833        1.04082572       1.6155334152513348        1.79338789    
   1.3675167551558616        1.04136109       1.6180676030058834        1.79462945    
   1.3696584496692594        1.04189825       1.6206016900615623        1.79586351    
   1.3718002292887377        1.04243731       1.6231358778161109        1.79709005    
   1.3739420089082159        1.04297817       1.6256700655706595        1.79830921    
   1.3760837885276942        1.04352117       1.6282042533252081        1.79952061    
   1.3782255681471725        1.04406607       1.6307384410797567        1.80072451    
   1.3803673477666507        1.04461300       1.6332726288343054        1.80192065    
   1.3825090422800486        1.04516208       1.6358067158899843        1.80310905    
   1.3846508218995268        1.04571331       1.6383409036445329        1.80428982    
   1.3867926015190051        1.04626679       1.6408750913990815        1.80546272    
   1.3889343811384833        1.04682255       1.6434092791536301        1.80662787    
   1.3910761607579616        1.04738045       1.6459434669081787        1.80778503    
   1.3932179403774398        1.04794073       1.6484776546627273        1.80893445    
   1.3953596348908377        1.04850340       1.6510117417184063        1.81007588    
   1.3975014145103160        1.04906845       1.6535459294729549        1.81120944    
   1.3996431941297942        1.04963601       1.6560801172275035        1.81233501    
   1.4017849737492725        1.05020607       1.6586143049820521        1.81345248    
   1.4039267533687507        1.05077863       1.6611484927366007        1.81456208    
   1.4060684478821486        1.05135381       1.6636825797922796        1.81566358    
   1.4082102275016268        1.05193162       1.6662167675468282        1.81675696    
   1.4103520071211051        1.05251205       1.6687509553013768        1.81784236    
   1.4124937867405833        1.05309510       1.6712851430559255        1.81891966    
   1.4146355663600616        1.05368102       1.6738193308104741        1.81998897    
   1.4167773459795399        1.05426967       1.6763535185650227        1.82105005    
   1.4189190404929377        1.05486107       1.6788876056207016        1.82210290    
   1.4210608201124160        1.05545533       1.6814217933752502        1.82314777    
   1.4232025997318942        1.05605245       1.6839559811297988        1.82418442    
   1.4253443793513725        1.05665243       1.6864901688843474        1.82521296    
   1.4274861589708507        1.05725539       1.6890243566388961        1.82623339    
   1.4296279385903290        1.05786133       1.6915585443934447        1.82724571    
   1.4317697182098073        1.05847037       1.6940927321479933        1.82824981    
   1.4339114978292855        1.05908227       1.6966269199025419        1.82924581    
   1.4360531072366030        1.05969727       1.6991609062593511        1.83023369    
   1.4381948868560812        1.06031549       1.7016950940138997        1.83121336    
   1.4403366664755595        1.06093669       1.7042292817684483        1.83218503    
   1.4424784460950377        1.06156111       1.7067634695229970        1.83314860    
   1.4446202257145160        1.06218874       1.7092976572775456        1.83410406    
   1.4467620053339942        1.06281948       1.7118318450320942        1.83505154    
   1.4489037849534725        1.06345356       1.7143660327866428        1.83599091    
   1.4510455645729508        1.06409085       1.7169002205411914        1.83692229    
   1.4531873441924290        1.06473136       1.7194344082957400        1.83784568    
   1.4553291238119073        1.06537521       1.7219685960502886        1.83876109    
   1.4574709034313855        1.06602240       1.7245027838048372        1.83966863    
   1.4596126830508638        1.06667280       1.7270369715593858        1.84056818    
   1.4617542924581812        1.06732666       1.7295709579161951        1.84145987    
   1.4638960720776595        1.06798387       1.7321051456707437        1.84234381    
   1.4660378516971377        1.06864452       1.7346393334252923        1.84322000    
   1.4681796313166160        1.06930864       1.7371735211798409        1.84408844    
   1.4703214109360943        1.06997609       1.7397077089343895        1.84494913    
   1.4724631905555725        1.07064700       1.7422418966889381        1.84580219    
   1.4746049701750508        1.07132137       1.7447760844434868        1.84664774    
   1.4767467497945290        1.07199931       1.7473102721980354        1.84748578    
   1.4788885294140073        1.07268059       1.7498444599525840        1.84831619    
   1.4810303090334855        1.07336545       1.7523786477071326        1.84913933    
   1.4831720886529638        1.07405388       1.7549128354616812        1.84995508    
   1.4853136980602812        1.07474566       1.7574468218184904        1.85076344    
   1.4874554776797595        1.07544112       1.7599810095730390        1.85156476    
   1.4895972572992378        1.07614005       1.7625151973275877        1.85235882    
   1.4917390369187160        1.07684255       1.7650493850821363        1.85314584    
   1.4938808165381943        1.07754862       1.7675835728366849        1.85392594    
   1.4960225961576725        1.07825816       1.7701177605912335        1.85469913    
   1.4981643757771508        1.07897139       1.7726519483457821        1.85546553    
   1.5003061553966290        1.07968807       1.7751861361003307        1.85622513    
   1.5024479350161073        1.08040833       1.7777203238548793        1.85697806    
   1.5045897146355856        1.08113217       1.7802545116094279        1.85772455    
   1.5067314942550638        1.08185959       1.7827886993639765        1.85846460    
   1.5088732738745421        1.08259058       1.7853228871185252        1.85919821    
   1.5110148832818595        1.08332503       1.7878568734753344        1.85992563    
   1.5131566629013378        1.08406305       1.7903910612298830        1.86064696    
   1.5152984425208160        1.08480465       1.7929252489844316        1.86136222    
   1.5174402221402943        1.08554983       1.7954594367389802        1.86207163    
   1.5195820017597725        1.08629847       1.7979936244935288        1.86277533    
   1.5217237813792508        1.08705068       1.8005278122480775        1.86347330    
   1.5238655609987291        1.08780646       1.8030620000026261        1.86416578    
   1.5260073406182073        1.08856559       1.8055961877571747        1.86485279    
   1.5281491202376856        1.08932841       1.8081303755117233        1.86553466    
   1.5302908998571638        1.09009457       1.8106645632662719        1.86621130    
   1.5324326794766421        1.09086418       1.8131987510208205        1.86688304    
   1.5345742888839595        1.09163725       1.8157327373776297        1.86754978    
   1.5367160685034378        1.09241378       1.8182669251321784        1.86821198    
   1.5388578481229160        1.09319377       1.8208011128867270        1.86886966    
   1.5409996277423943        1.09397709       1.8233353006412756        1.86952293    
   1.5431414073618726        1.09476376       1.8258694883958242        1.87017190    
   1.5452831869813508        1.09555387       1.8284036761503728        1.87081695    
   1.5474249666008291        1.09634721       1.8309378639049214        1.87145817    
   1.5495667462203073        1.09714389       1.8334720516594700        1.87209558    
   1.5517085258397856        1.09794390       1.8360062394140186        1.87272942    
   1.5538503054592638        1.09874713       1.8385404271685672        1.87336004    
   1.5559920850787421        1.09955359       1.8410746149231159        1.87398744    
   1.5581336944860595        1.10036314       1.8436086012799251        1.87461185    
   1.5602754741055378        1.10117590       1.8461427890344737        1.87523353    
   1.5624172537250161        1.10199177       1.8486769767890223        1.87585258    
   1.5645590333444943        1.10281074       1.8512111645435709        1.87646937    
   1.5667008129639726        1.10363281       1.8537453522981195        1.87708402    
   1.5688425925834508        1.10445797       1.8562795400526682        1.87769663    
   1.5709843722029291        1.10528600       1.8588137278072168        1.87830758    
   1.5731261518224073        1.10611701       1.8613479155617654        1.87891698    
   1.5752679314418856        1.10695088       1.8638821033163140        1.87952507    
   1.5774097110613639        1.10778773       1.8664162910708626        1.88013220    
   1.5795514906808421        1.10862732       1.8689504788254112        1.88073850    
   1.5816932703003204        1.10946965       1.8714846665799598        1.88134420    
   1.5838348797076378        1.11031473       1.8740186529367691        1.88194954    
   1.5859766593271161        1.11116242       1.8765528406913177        1.88255489    
   1.5881184389465943        1.11201286       1.8790870284458663        1.88316047    
   1.5902602185660726        1.11286581       1.8816212162004149        1.88376641    
   1.5924019981855508        1.11372137       1.8841554039549635        1.88437307    
   1.5945437778050291        1.11457932       1.8866895917095121        1.88498080    
   1.5966855574245074        1.11543965       1.8892237794640607        1.88558972    
   1.5988273370439856        1.11630249       1.8917579672186093        1.88620019    
   1.6009691166634639        1.11716747       1.8942921549731579        1.88681245    
   1.6031108962829421        1.11803472       1.8968263427277066        1.88742697    
   1.6052526759024204        1.11890423       1.8993605304822552        1.88804376    
   1.6073942853097378        1.11977577       1.9018945168390644        1.88866329    
   1.6095360649292161        1.12064934       1.9044287045936130        1.88928592    
   1.6116778445486943        1.12152505       1.9069628923481616        1.88991189    
   1.6138196241681726        1.12240255       1.9094970801027102        1.89054143    
   1.6159614037876509        1.12328196       1.9120312678572589        1.89117503    
   1.6181031834071291        1.12416315       1.9145654556118075        1.89181292    
   1.6202449630266074        1.12504601       1.9170996433663561        1.89245558    
   1.6223867426460856        1.12593055       1.9196338311209047        1.89310312    
   1.6245285222655639        1.12681651       1.9221680188754533        1.89375603    
   1.6266703018850421        1.12770414       1.9247022066300019        1.89441454    
   1.6288120815045204        1.12859309       1.9272363943845505        1.89507926    
   1.6309536909118378        1.12948322       1.9297703807413598        1.89575028    
   1.6330954705313161        1.13037467       1.9323045684959084        1.89642811    
   1.6352372501507944        1.13126731       1.9348387562504570        1.89711308    
   1.6373790297702726        1.13216102       1.9373729440050056        1.89780569    
   1.6395208093897509        1.13305581       1.9399071317595542        1.89850616    
   1.6416625890092291        1.13395131       1.9424413195141028        1.89921510    
   1.6438043686287074        1.13484776       1.9449755072686514        1.89993262    
   1.6459461482481856        1.13574481       1.9475096950232000        1.90065932    
   1.6480879278676639        1.13664246       1.9500438827777486        1.90139556    
   1.6502297074871422        1.13754070       1.9525780705322973        1.90214181    
   1.6523714871066204        1.13843930       1.9551122582868459        1.90289843    
   1.6545132667260987        1.13933825       1.9576464460413945        1.90366590    
   1.6566548761334161        1.14023745       1.9601804323982037        1.90444469    
   1.6587966557528944        1.14113665       1.9627146201527523        1.90523505    
   1.6609384353723726        1.14203596       1.9652488079073009        1.90603769    
   1.6630802149918509        1.14293516       1.9677829956618496        1.90685296    
   1.6652219946113291        1.14383411       1.9703171834163982        1.90768135    
   1.6673637742308074        1.14473283       1.9728513711709468        1.90852332    
   1.6695055538502857        1.14563107       1.9753855589254954        1.90937924    
   1.6716473334697639        1.14652872       1.9779197466800440        1.91024983    
   1.6737891130892422        1.14742577       1.9804539344345926        1.91113532    
   1.6759308927087204        1.14832211       1.9829881221891412        1.91203642    
   1.6780726723281987        1.14921737       1.9855223099436898        1.91295350    
   1.6802142817355161        1.15011168       1.9880562963004991        1.91388714    
   1.6823560613549944        1.15100491       1.9905904840550477        1.91483784    
   1.6844978409744726        1.15189683       1.9931246718095963        1.91580617    
   1.6866396205939509        1.15278733       1.9956588595641449        1.91679263    
   1.6887814002134292        1.15367639       1.9981930473186935        1.91779780    
   1.6909231798329074        1.15456378       2.0007272350732421        1.89999998    
   1.6930649594523857        1.15544939       2.0032614228277907        1.89999998    
   1.6952067390718639        1.15633297       2.0057956105823394        1.89999998    
   1.6973485186913422        1.15721464       2.0083297983368880        1.89999998    
   1.6994902983108204        1.15809405       2.0108639860914366        1.89999998    
   1.7016320779302987        1.15897107       2.0133981738459852        1.89999998    
   1.7037736873376161        1.15984559       2.0159321602027944        1.89999998    
   1.7059154669570944        1.16071749       2.0184663479573430        1.89999998    
   1.7080572465765727        1.16158664       2.0210005357118916        1.89999998    
   1.7101990261960509        1.16245294       2.0235347234664403        1.89999998    
   1.7123408058155292        1.16331613       2.0260689112209889        1.89999998    
   1.7144825854350074        1.16417611       2.0286030989755375        1.89999998    
   1.7166243650544857        1.16503263       2.0311372867300861        1.89999998    
   1.7187661446739639        1.16588569       2.0336714744846347        1.89999998    
   1.7209079242934422        1.16673493       2.0362056622391833        1.89999998    
   1.7230497039129204        1.16758049       2.0387398499937319        1.89999998    
   1.7251914835323987        1.16842186       2.0412740377482805        1.89999998    
   1.7273332631518770        1.16925919       2.0438082255028291        1.89999998    
   1.7294748725591944        1.17009199       2.0463422118596384        1.89999998    
   1.7316166521786727        1.17092037       2.0488763996141870        1.89999998    
   1.7337584317981509        1.17174399       2.0514105873687356        1.89999998    
   1.7359002114176292        1.17256284       2.0539447751232842        1.89999998    
   1.7380419910371074        1.17337656       2.0564789628778328        1.89999998    
   1.7401837706565857        1.17418516       2.0590131506323814        1.89999998    
   1.7423255502760640        1.17498827       2.0615473383869301        1.89999998    
   1.7444673298955422        1.17578578       2.0640815261414787        1.89999998    
   1.7466091095150205        1.17657757       2.0666157138960273        1.89999998    
   1.7487508891344987        1.17736328       2.0691499016505759        1.89999998    
   1.7508926687539770        1.17814291       2.0716840894051245        1.89999998    
   1.7530342781612944        1.17891622       2.0742180757619337        1.89999998    
   1.7551760577807727        1.17968297       2.0767522635164823        1.89999998    
   1.7573178374002509        1.18044293       2.0792864512710310        1.89999998    
   1.7594596170197292        1.18119609       2.0818206390255796        1.89999998    
   1.7616013966392075        1.18194199       2.0843548267801282        1.89999998    
   1.7637431762586857        1.18268073       2.0868890145346768        1.89999998    
   1.7658849558781640        1.18341172       2.0894232022892254        1.89999998    
   1.7680267354976422        1.18413508       2.0919573900437740        1.89999998    
   1.7701685151171205        1.18485045       2.0944915777983226        1.89999998    
   1.7723102947365987        1.18555772       2.0970257655528712        1.89999998    
   1.7744520743560770        1.18625653       2.0995599533074198        1.89999998    
   1.7765938539755552        1.18694687       2.1020941410619685        1.89999998    
   1.7787354633828727        1.18762815       2.1046281274187777        1.89999998    
   1.7808772430023510        1.18830061       2.1071623151733263        1.89999998    
   1.7830190226218292        1.18896377       2.1096965029278749        1.89999998    
   1.7851608022413075        1.18961740       2.1122306906824235        1.89999998    
   1.7873025818607857        1.19026124       2.1147648784369721        1.89999998    
   1.7894443614802640        1.19089520       2.1172990661915208        1.89999998    
   1.7915861410997422        1.19151902       2.1198332539460694        1.89999998    
   1.7937279207192205        1.19213247       2.1223674417006180        1.89999998    
   1.7958697003386987        1.19273520       2.1249016294551666        1.89999998    
   1.7980114799581770        1.19332695       2.1274358172097152        1.89999998    
   1.8001532595776553        1.19390774       2.1299700049642638        1.89999998    
   1.8022948689849727        1.19447696       2.1325039913210730        1.89999998    
   1.8044366486044510        1.19503462       2.1350381790756217        1.89999998    
   1.8065784282239292        1.19558048       2.1375723668301703        1.89999998    
   1.8087202078434075        1.19611406       2.1401065545847189        1.89999998    
   1.8108619874628857        1.19663537       2.1426407423392675        1.89999998    
   1.8130037670823640        1.19714403       2.1451749300938161        1.89999998    
   1.8151455467018422        1.19763982       2.1477091178483647        1.89999998    
   1.8172873263213205        1.19812238       2.1502433056029133        1.89999998    
   1.8194291059407988        1.19859147       2.1527774933574619        1.89999998    
   1.8215708855602770        1.19904685       2.1553116811120105        1.89999998    
   1.8237126651797553        1.19948840       2.1578458688665592        1.89999998    
   1.8258542745870727        1.19991553       2.1603798552233684        1.89999998    
   1.8279960542065510        1.20032823       2.1629140429779170        1.89999998    
   1.8301378338260292        1.20072615       2.1654482307324656        1.89999998    
   1.8322796134455075        1.20110893       2.1679824184870142        1.89999998    
   1.8344213930649858        1.20147645       2.1705166062415628        1.89999998    
   1.8365631726844640        1.20182824       2.1730507939961115        1.89999998    
   1.8387049523039423        1.20216417       2.1755849817506601        1.89999998    
   1.8408467319234205        1.20248377       2.1781191695052087        1.89999998    
   1.8429885115428988        1.20278692       2.1806533572597573        1.89999998    
   1.8451302911623770        1.20307326       2.1831875450143059        1.89999998    
   1.8472720707818553        1.20334244       2.1857217327688545        1.89999998    
   1.8494138504013335        1.20359421       2.1882559205234031        1.89999998    
   1.8515554598086510        1.20382833       2.1907899068802124        1.89999998    
   1.8536972394281293        1.20404434       2.1933240946347610        1.89999998    
   1.8558390190476075        1.20424211       2.1958582823893096        1.89999998    
   1.8579807986670858        1.20442116       2.1983924701438582        1.89999998    
   1.8601225782865640        1.20458126       2.2009266578984068        1.89999998    
   1.8622643579060423        1.20472205       2.2034608456529554        1.89999998    
   1.8644061375255205        1.20484328       2.2059950334075040        1.89999998    
   1.8665479171449988        1.20494461       2.2085292211620526        1.89999998    
   1.8686896967644770        1.20502555       2.2110634089166012        1.89999998    
   1.8708314763839553        1.20508611       2.2135975966711499        1.89999998    
   1.8729732560034336        1.20512557       2.2161317844256985        1.89999998    
   1.8751148654107510        1.20514393       2.2186657707825077        1.89999998    
   1.8772566450302293        1.20514071       2.2211999585370563        1.89999998    
   1.8793984246497075        1.20511544       2.2237341462916049        1.89999998    
   1.8815402042691858        1.20506799       2.2262683340461535        1.89999998    
   1.8836819838886640        1.20499790       2.2288025218007022        1.89999998    
   1.8858237635081423        1.20490491       2.2313367095552508        1.89999998    
   1.8879655431276205        1.20478857       2.2338708973097994        1.89999998    
   1.8901073227470988        1.20464861       2.2364050850643480        1.89999998    
   1.8922491023665771        1.20448458       2.2389392728188966        1.89999998    
   1.8943908819860553        1.20429611       2.2414734605734452        1.89999998    
   1.8965326616055336        1.20408297       2.2440076483279938        1.89999998    
   1.8986742710128510        1.20384479       2.2465416346848031        1.89999998    
   1.9008160506323293        1.20358109       2.2490758224393517        1.89999998    
   1.9029578302518075        1.20329154       2.2516100101939003        1.89999998    
   1.9050996098712858        1.20297575       2.2541441979484489        1.89999998    
   1.9072413894907640        1.20263338       2.2566783857029975        1.89999998    
   1.9093831691102423        1.20226395       2.2592125734575461        1.89999998    
   1.9115249487297206        1.20186722       2.2617467612120947        1.89999998    
   1.9136667283491988        1.20144272       2.2642809489666433        1.89999998    
   1.9158085079686771        1.20099020       2.2668151367211919        1.89999998    
   1.9179502875881553        1.20050907       2.2693493244757406        1.89999998    
   1.9200920672076336        1.19999897       2.2718835122302892        1.89999998    
   1.9222338468271118        1.19945955       2.2744176999848378        1.89999998    
   1.9243754562344293        1.19889057       2.2769516863416470        1.89999998    
   1.9265172358539076        1.19829130       2.2794858740961956        1.89999998    
   1.9286590154733858        1.19766152       2.2820200618507442        1.89999998    
   1.9308007950928641        1.19700086       2.2845542496052929        1.89999998    
   1.9329425747123423        1.19630885       2.2870884373598415        1.89999998    
   1.9350843543318206        1.19558501       2.2896226251143901        1.89999998    
   1.9372261339512988        1.19482899       2.2921568128689387        1.89999998    
   1.9393679135707771        1.19404042       2.2946910006234873        1.89999998    
   1.9415096931902553        1.19321871       2.2972251883780359        1.89999998    
   1.9436514728097336        1.19236362       2.2997593761325845        1.89999998    
   1.9457932524292119        1.19147456       2.3022935638871331        1.89999998    
   1.9479348618365293        1.19055128       2.3048275502439424        1.89999998    
   1.9500766414560076        1.18959320       2.3073617379984910        1.89999998    
   1.9522184210754858        1.18859982       2.3098959257530396        1.89999998    
   1.9543602006949641        1.18757081       2.3124301135075882        1.89999998    
   1.9565019803144423        1.18650579       2.3149643012621368        1.89999998    
   1.9586437599339206        1.18540418       2.3174984890166854        1.89999998    
   1.9607855395533988        1.18426549       2.3200326767712340        1.89999998    
   1.9629273191728771        1.18308938       2.3225668645257826        1.89999998    
   1.9650690987923554        1.18187535       2.3251010522803313        1.89999998    
   1.9672108784118336        1.18062294       2.3276352400348799        1.89999998    
   1.9693526580313119        1.17933166       2.3301694277894285        1.89999998    
   1.9714942674386293        1.17800128       2.3327034141462377        1.89999998    
   1.9736360470581076        1.17663085       2.3352376019007863        1.89999998    
   1.9757778266775858        1.17522025       2.3377717896553349        1.89999998    
   1.9779196062970641        1.17376888       2.3403059774098836        1.89999998    
   1.9800613859165423        1.17227626       2.3428401651644322        1.89999998    
   1.9822031655360206        1.17074192       2.3453743529189808        1.89999998    
   1.9843449451554989        1.16916537       2.3479085406735294        1.89999998    
   1.9864867247749771        1.16754615       2.3504427284280780        1.89999998    
   1.9886285043944554        1.16588378       2.3529769161826266        1.89999998    
   1.9907702840139336        1.16417766       2.3555111039371752        1.89999998    
   1.9929120636334119        1.16242731       2.3580452916917238        1.89999998    
   1.9950538432528901        1.16063237       2.3605794794462724        1.89999998    
   1.9971954526602076        1.15879226       2.3631134658030817        1.89999998    
   1.9993372322796858        1.15690637       2.3656476535576303        1.89999998    
   2.0014790118991641        1.14999998       2.3681818413121789        1.89999998    
   2.0036207915186424        1.14999998       2.3707160290667275        1.89999998    
   2.0057625711381206        1.14999998       2.3732502168212761        1.89999998    
   2.0079043507575989        1.14999998       2.3757844045758247        1.89999998    
   2.0100461303770771        1.14999998       2.3783185923303733        1.89999998    
   2.0121879099965554        1.14999998       2.3808527800849220        1.89999998    
   2.0143296896160336        1.14999998       2.3833869678394706        1.89999998    
   2.0164714692355119        1.14999998       2.3859211555940192        1.89999998    
   2.0186132488549902        1.14999998       2.3884553433485678        1.89999998    
   2.0207548582623076        1.14999998       2.3909893297053770        1.89999998    
   2.0228966378817859        1.14999998       2.3935235174599256        1.89999998    
   2.0250384175012641        1.14999998       2.3960577052144743        1.89999998    
   2.0271801971207424        1.14999998       2.3985918929690229        1.89999998    
   2.0293219767402206        1.14999998       2.4011260807235715        1.89999998    
   2.0314637563596989        1.14999998       2.4036602684781201        1.89999998    
   2.0336055359791771        1.14999998       2.4061944562326687        1.89999998    
   2.0357473155986554        1.14999998       2.4087286439872173        1.89999998    
   2.0378890952181337        1.14999998       2.4112628317417659        1.89999998    
   2.0400308748376119        1.14999998       2.4137970194963145        1.89999998    
   2.0421726544570902        1.14999998       2.4163312072508631        1.89999998    
   2.0443144340765684        1.14999998       2.4188653950054118        1.89999998    
   2.0464560434838859        1.14999998       2.4213993813622210        1.89999998    
   2.0485978231033641        1.14999998       2.4239335691167696        1.89999998    
   2.0507396027228424        1.14999998       2.4264677568713182        1.89999998    
   2.0528813823423206        1.14999998       2.4290019446258668        1.89999998    
   2.0550231619617989        1.14999998       2.4315361323804154        1.89999998    
   2.0571649415812772        1.14999998       2.4340703201349640        1.89999998    
   2.0593067212007554        1.14999998       2.4366045078895127        1.89999998    
   2.0614485008202337        1.14999998       2.4391386956440613        1.89999998    
   2.0635902804397119        1.14999998       2.4416728833986099        1.89999998    
   2.0657320600591902        1.14999998       2.4442070711531585        1.89999998    
   2.0678738396786684        1.14999998       2.4467412589077071        1.89999998    
   2.0700154490859859        1.14999998       2.4492752452645163        1.89999998    
   2.0721572287054641        1.14999998       2.4518094330190650        1.89999998    
   2.0742990083249424        1.14999998       2.4543436207736136        1.89999998    
   2.0764407879444207        1.14999998       2.4568778085281622        1.89999998    
   2.0785825675638989        1.14999998       2.4594119962827108        1.89999998    
   2.0807243471833772        1.14999998       2.4619461840372594        1.89999998    
   2.0828661268028554        1.14999998       2.4644803717918080        1.89999998    
   2.0850079064223337        1.14999998       2.4670145595463566        1.89999998    
   2.0871496860418119        1.14999998       2.4695487473009052        1.89999998    
   2.0892914656612902        1.14999998       2.4720829350554538        1.89999998    
   2.0914332452807685        1.14999998       2.4746171228100025        1.89999998    
   2.0935748546880859        1.14999998       2.4771511091668117        1.89999998    
   2.0957166343075642        1.14999998       2.4796852969213603        1.89999998    
   2.0978584139270424        1.14999998       2.4822194846759089        1.89999998    
   2.1000001935465207        1.14999998       2.4847536724304575        1.89999998    
   2.1021419731659989        1.14999998       2.4872878601850061        1.89999998    
   2.1042837527854772        1.14999998       2.4898220479395547        1.89999998    
   2.1064255324049554        1.14999998       2.4923562356941034        1.89999998    
   2.1085673120244337        1.14999998       2.4948904234486520        1.89999998    
   2.1107090916439120        1.14999998       2.4974246112032006        1.89999998    
   2.1128508712633902        1.14999998       2.4999587989577492        1.89999998    
   2.1149926508828685        1.14999998       2.5024929867122978        1.89999998    
   2.1171344305023467        1.14999998       2.5050271744668464        1.89999998    
   2.1192760399096642        1.14999998       2.5075611608236557        1.89999998    
   2.1214178195291424        1.14999998       2.5100953485782043        1.89999998    
   2.1235595991486207        1.14999998       2.5126295363327529        1.89999998    
   2.1257013787680989        1.14999998       2.5151637240873015        1.89999998    
   2.1278431583875772        1.14999998       2.5176979118418501        1.89999998    
   2.1299849380070555        1.14999998       2.5202320995963987        1.89999998    
   2.1321267176265337        1.14999998       2.5227662873509473        1.89999998    
   2.1342684972460120        1.14999998       2.5253004751054959        1.89999998    
   2.1364102768654902        1.14999998       2.5278346628600445        1.89999998    
   2.1385520564849685        1.14999998       2.5303688506145932        1.89999998    
   2.1406938361044467        1.14999998       2.5329030383691418        1.89999998    
