   1.5000000130385160E-003   6.3595519632434809E-006   1.4546044211095284E-005
   4.4999998062849045E-003   3.1145796544513970E-005   6.4367365291984570E-005
   7.4999998323619366E-003   7.2027311080551611E-005   1.4161403060257983E-004
   1.0499999858438969E-002   1.2901168795056812E-004   2.4603779407069077E-004
   1.3500000350177288E-002   2.0210712294290231E-004   3.7739918695791242E-004
   1.6499999910593033E-002   2.9132239797877054E-004   5.3546691251922919E-004
   1.9500000402331352E-002   3.9666676251740788E-004   7.2001784885410126E-004
   2.2500000894069672E-002   5.1814986405859071E-004   9.3083656664873313E-004
   2.5499999523162842E-002   6.5578150745031064E-004   1.1677140428513748E-003
   2.8500000014901161E-002   8.0957181078554984E-004   1.4304492288301539E-003
   3.1500000506639481E-002   9.7953115760977837E-004   1.7188464055195498E-003
   3.4499999135732651E-002   1.1656695089199548E-003   2.0327163271751732E-003
   3.7500001490116119E-002   1.3679973188794052E-003   2.3718765253417824E-003
   4.0500000119209290E-002   1.5865243495969180E-003   2.7361487554091982E-003
   4.3499998748302460E-002   1.8212606439538634E-003   3.1253599193640227E-003
   4.6500001102685928E-002   2.0722162315318505E-003   3.5393445312239358E-003
   4.9499999731779099E-002   2.3393992436354445E-003   3.9779370618027079E-003
   5.2499998360872269E-002   2.6228195417873183E-003   4.4409807359901236E-003
   5.5500000715255737E-002   2.9224857281351627E-003   4.9283212544818699E-003
   5.8499999344348907E-002   3.2384048365229285E-003   5.4398081395910089E-003
   6.1500001698732376E-002   3.5705847626829458E-003   5.9752950792418191E-003
   6.4499996602535248E-002   3.9190315241341795E-003   6.5346377343227886E-003
   6.7500002682209015E-002   4.2837522574283035E-003   7.1177006828147754E-003
   7.0500001311302185E-002   4.6647513812122987E-003   7.7243435059850280E-003
   7.3499999940395355E-002   5.0620324896881756E-003   8.3544343221859784E-003
   7.6499998569488525E-002   5.4756007249985358E-003   9.0078417139707895E-003
   7.9499997198581696E-002   5.9054584136931793E-003   9.6844384821911794E-003
   8.2500003278255463E-002   6.3516078585816290E-003   1.0384101893193267E-002
   8.5500001907348633E-002   6.8140476774148804E-003   1.1106703226166862E-002
   8.8500000536441803E-002   7.2927795026092000E-003   1.1852123096208063E-002
   9.1499999165534973E-002   7.7878010579933736E-003   1.2620244349177381E-002
   9.4499997794628143E-002   8.2991108252254558E-003   1.3410950878727885E-002
   9.7499996423721313E-002   8.8267027946232219E-003   1.4224123013412325E-002
  0.10050000250339508        9.3705777783663572E-003   1.5059653416413219E-002
  0.10350000113248825        9.9307237737356526E-003   1.5917423040896557E-002
  0.10649999976158142        1.0507135418307740E-002   1.6797322928028328E-002
  0.10949999839067459        1.1099806065976147E-002   1.7699245747671392E-002
  0.11249999701976776        1.1708724032506820E-002   1.8623083026094552E-002
  0.11550000309944153        1.2333878354156719E-002   1.9568727323723497E-002
  0.11850000172853470        1.2975257626003930E-002   2.0536070634210420E-002
  0.12150000035762787        1.3632846662266912E-002   2.1525006071262370E-002
  0.12449999898672104        1.4306630108714592E-002   2.2535435494660055E-002
  0.12749999761581421        1.4996594224166333E-002   2.3567250536820128E-002
  0.13050000369548798        1.5702717106811655E-002   2.4620349245731841E-002
  0.13349999487400055        1.6424979224954742E-002   2.5694625456380862E-002
  0.13650000095367432        1.7163363159629998E-002   2.6789987584816894E-002
  0.13950000703334808        1.7917845734689544E-002   2.7906324319662119E-002
  0.14249999821186066        1.8688393850024070E-002   2.9043533704919230E-002
  0.14550000429153442        1.9474995572325828E-002   3.0201524225014355E-002
  0.14849999547004700        2.0277612785598746E-002   3.1380184857139434E-002
  0.15150000154972076        2.1096224402853532E-002   3.2579428257593496E-002
  0.15449999272823334        2.1930792205448420E-002   3.3799139869060191E-002
  0.15749999880790710        2.2781292999723611E-002   3.5039233046899938E-002
  0.16050000488758087        2.3647691912261092E-002   3.6299603906017219E-002
  0.16349999606609344        2.4529943970586512E-002   3.7580140470762267E-002
  0.16650000214576721        2.5428025385705766E-002   3.8880761275101580E-002
  0.16949999332427979        2.6341889882130674E-002   4.0201353743508562E-002
  0.17249999940395355        2.7271504153839849E-002   4.1541825505916591E-002
  0.17550000548362732        2.8216823632048811E-002   4.2902079127733340E-002
  0.17849999666213989        2.9177797025502814E-002   4.4282006077469793E-002
  0.18150000274181366        3.0154397388633718E-002   4.5681512832871606E-002
  0.18449999392032623        3.1146561295739127E-002   4.7100499717117557E-002
  0.18750000000000000        3.2154255090212899E-002   4.8538863699430695E-002
  0.19050000607967377        3.3177425654155664E-002   4.9996508211808274E-002
  0.19349999725818634        3.4216008134922218E-002   5.1473317831272465E-002
  0.19650000333786011        3.5269972662484723E-002   5.2969217452412169E-002
  0.19949999451637268        3.6339254080104598E-002   5.4484081717215672E-002
  0.20250000059604645        3.7423799189943159E-002   5.6017831553569368E-002
  0.20550000667572021        3.8523554671222114E-002   5.7570354372668789E-002
  0.20849999785423279        3.9638450521596230E-002   5.9141538456293025E-002
  0.21150000393390656        4.0768446051425558E-002   6.0731297616419253E-002
  0.21449999511241913        4.1913460860199168E-002   6.2339525262852719E-002
  0.21750000119209290        4.3073449604071772E-002   6.3966121528436060E-002
  0.22050000727176666        4.4248338377538277E-002   6.5610988722399538E-002
  0.22349999845027924        4.5438058029178996E-002   6.7274005223677547E-002
  0.22650000452995300        4.6642554662009464E-002   6.8955099728022912E-002
  0.22949999570846558        4.7861748237229509E-002   7.0654122931756907E-002
  0.23250000178813934        4.9095586065691026E-002   7.2371024554188743E-002
  0.23549999296665192        5.0343983091250252E-002   7.4105660850372762E-002
  0.23849999904632568        5.1606876035974102E-002   7.5857960105303435E-002
  0.24150000512599945        5.2884183509008184E-002   7.7627806062595756E-002
  0.24449999630451202        5.4175843652990691E-002   7.9415086660987330E-002
  0.24750000238418579        5.5481775575748363E-002   8.1219706306758413E-002
  0.25049999356269836        5.6801900363623363E-002   8.3041561421669519E-002
  0.25350001454353333        5.8136151983855966E-002   8.4880556756280368E-002
  0.25650000572204590        5.9484434859121665E-002   8.6736568020285926E-002
  0.25949999690055847        6.0846674922844811E-002   8.8609513314881663E-002
  0.26249998807907104        6.2222808625038074E-002   9.0499262419189264E-002
  0.26550000905990601        6.3612755284453246E-002   9.2405758863359638E-002
  0.26850000023841858        6.5016404359036495E-002   9.4328852692101561E-002
  0.27149999141693115        6.6433688140151687E-002   9.6268464440479665E-002
  0.27450001239776611        6.7864554831195092E-002   9.8224511606446158E-002
  0.27750000357627869        6.9308872189101742E-002  0.10019683014746492     
  0.28049999475479126        7.0766576727816055E-002  0.10218537090833645     
  0.28349998593330383        7.2237592901349748E-002  0.10419001355945748     
  0.28650000691413879        7.3721826364201562E-002  0.10621067647381391     
  0.28949999809265137        7.5219192960045048E-002  0.10824722790354314     
  0.29249998927116394        7.6729592028977472E-002  0.11029957572260567     
  0.29550001025199890        7.8252973568723724E-002  0.11236765085730027     
  0.29850000143051147        7.9789201542818627E-002  0.11445129215933181     
  0.30149999260902405        8.1338225389381749E-002  0.11655045182748693     
  0.30450001358985901        8.2899967083554224E-002  0.11866503489123438     
  0.30750000476837158        8.4474285907726432E-002  0.12079490246608927     
  0.31049999594688416        8.6061135367803424E-002  0.12293998563688958     
  0.31349998712539673        8.7660419564624045E-002  0.12510016458254752     
  0.31650000810623169        8.9272061528903324E-002  0.12727539418906131     
  0.31949999928474426        9.0895951951207712E-002  0.12946553675496175     
  0.32249999046325684        9.2532003522744377E-002  0.13167049489209570     
  0.32550001144409180        9.4180163871390166E-002  0.13389020806420290     
  0.32850000262260437        9.5840310389262953E-002  0.13612454205416627     
  0.33149999380111694        9.7512348115098332E-002  0.13837342969654795     
  0.33450001478195190        9.9196250212527870E-002  0.14063680864470865     
  0.33750000596046448       0.10089185049943153       0.14291452369924282     
  0.34049999713897705       0.10259911617095843       0.14520653372708647     
  0.34349998831748962       0.10431794369914225       0.14751274286615249     
  0.34650000929832458       0.10604827862906675       0.14983309411583751     
  0.34950000047683716       0.10778998882820122       0.15216743596862456     
  0.35249999165534973       0.10954302723589195       0.15451573026724652     
  0.35550001263618469       0.11130731729270929       0.15687790292940199     
  0.35850000381469727       0.11308274264296463       0.15925385368237338     
  0.36149999499320984       0.11486923317505819       0.16164350433989830     
  0.36449998617172241       0.11666674663606499       0.16404678240778764     
  0.36750000715255737       0.11847516931970259       0.16646364644491213     
  0.37049999833106995       0.12029444452668372       0.16889396389110028     
  0.37349998950958252       0.12212448144487598       0.17133770107057436     
  0.37650001049041748       0.12396523670567658       0.17379479726420749     
  0.37950000166893005       0.12581659709519993       0.17626513333726337     
  0.38249999284744263       0.12767850940583225       0.17874869618993014     
  0.38550001382827759       0.12955091352452444       0.18124541647377743     
  0.38850000500679016       0.13143373240702319       0.18375518823864537     
  0.39149999618530273       0.13332689285006558       0.18627797475997390     
  0.39449998736381531       0.13523036483773090       0.18881374198991818     
  0.39750000834465027       0.13714405928101292       0.19136244405857872     
  0.40049999952316284       0.13906793380274887       0.19392398744175213     
  0.40349999070167542       0.14100189546194014       0.19649831620101388     
  0.40650001168251038       0.14294593799336672       0.19908543419047556     
  0.40950000286102295       0.14489997374197713       0.20168521593451419     
  0.41249999403953552       0.14686396795100662       0.20429773051750655     
  0.41549998521804810       0.14883785637858682       0.20692279625863885     
  0.41850000619888306       0.15082164881783749       0.20956052655006402     
  0.42149999737739563       0.15281521885645352       0.21221077283289821     
  0.42449998855590820       0.15481856310301545       0.21487353958322453     
  0.42750000953674316       0.15683168739620487       0.21754881394489303     
  0.43050000071525574       0.15885448033733493       0.22023657734239002     
  0.43349999189376831       0.16088695584990803       0.22293671565140932     
  0.43650001287460327       0.16292909562439864       0.22564932939590676     
  0.43950000405311584       0.16498082782946058       0.22837431717794160     
  0.44249999523162842       0.16704217040872760       0.23111170602743539     
  0.44549998641014099       0.16911310987566006       0.23386144718539786     
  0.44850000739097595       0.17119361972705591       0.23662361401662413     
  0.45149999856948853       0.17328367243877008       0.23939809463787934     
  0.45449998974800110       0.17538328076133239       0.24218495907168089     
  0.45750001072883606       0.17749243713485990       0.24498421958438463     
  0.46050000190734863       0.17961111662528950       0.24779578234039690     
  0.46349999308586121       0.18173932298603582       0.25061977991102885     
  0.46650001406669617       0.18387712581210749       0.25345620709259920     
  0.46950000524520874       0.18602447819916390       0.25630496761863703     
  0.47249999642372131       0.18818138725018524       0.25916619243918615     
  0.47549998760223389       0.19034790304919813       0.26203987174935911     
  0.47850000858306885       0.19252409724544112       0.26492608020796032     
  0.48149999976158142       0.19470987609567114       0.26782474529195677     
  0.48449999094009399       0.19690536154889046       0.27073601711118772     
  0.48750001192092896       0.19911058464291870       0.27365985913475110     
  0.49050000309944153       0.20132558050989938       0.27659634582134551     
  0.49349999427795410       0.20355039080306073       0.27954553058511744     
  0.49649998545646667       0.20578505219793194       0.28250741334016555     
  0.49950000643730164       0.20802964722712294       0.28548221448859523     
  0.50249999761581421       0.21028428760825582       0.28846982175728436     
  0.50550001859664917       0.21254895705262164       0.29147036786359842     
  0.50849997997283936       0.21482374254743214       0.29448392381670474     
  0.51150000095367432       0.21710879469696845       0.29751059375048716     
  0.51450002193450928       0.21940416205365584       0.30055047318594458     
  0.51749998331069946       0.22170985769073556       0.30360350094426081     
  0.52050000429153442       0.22402611117044705       0.30666994003248538     
  0.52350002527236938       0.22635297664472182       0.30974984441550213     
  0.52649998664855957       0.22869052421155350       0.31284322057703812     
  0.52950000762939453       0.23103892616140098       0.31595036235539786     
  0.53250002861022949       0.23339829749771274       0.31907127657155926     
  0.53549998998641968       0.23576873670871587       0.32220599033228331     
  0.53850001096725464       0.23815044679661207       0.32535482978296965     
  0.54149997234344482       0.24054350161585217       0.32851775769577496     
  0.54449999332427979       0.24294810600900560       0.33169498099747446     
  0.54750001430511475       0.24536443109661699       0.33488665975887161     
  0.55049997568130493       0.24779257090081364       0.33809288726793429     
  0.55349999666213989       0.25023278871372900       0.34131386770018057     
  0.55650001764297485       0.25268526458809981       0.34454981372602550     
  0.55949997901916504       0.25515007747122526       0.34780070087813014     
  0.56250000000000000       0.25762758417527121       0.35106691063259388     
  0.56550002098083496       0.26011790768763005       0.35434855521059649     
  0.56849998235702515       0.26262123311245084       0.35764572571742892     
  0.57150000333786011       0.26513796070364570       0.36095873631748893     
  0.57450002431869507       0.26766816640224583       0.36428781292502899     
  0.57749998569488525       0.27021211665018358       0.36763298143070977     
  0.58050000667572021       0.27277013842860859       0.37099467571264477     
  0.58350002765655518       0.27534240712660241       0.37437303906677533     
  0.58649998903274536       0.27792927150433966       0.37776820632516644     
  0.58950001001358032       0.28053103590989514       0.38118050685136950     
  0.59249997138977051       0.28314791599838862       0.38461016892691879     
  0.59549999237060547       0.28578037148940189       0.38805748755250941     
  0.59850001335144043       0.28842858799414317       0.39152273135889382     
  0.60149997472763062       0.29109289668786176       0.39500602783673550     
  0.60449999570846558       0.29377377521174691       0.39850782213890462     
  0.60750001668930054       0.29647150870044470       0.40202836876727427     
  0.61049997806549072       0.29918641387460482       0.40556781573707862     
  0.61349999904632568       0.30191896198167367       0.40912667444259115     
  0.61650002002716064       0.30466953696430782       0.41270516461729301     
  0.61949998140335083       0.30743851773950964       0.41630359016542462     
  0.62250000238418579       0.31022640320485356       0.41992234176038346     
  0.62550002336502075       0.31303352924635003       0.42356173824420618     
  0.62849998474121094       0.31586041474571463       0.42722199360067964     
  0.63150000572204590       0.31870762799396452       0.43090373830227080     
  0.63450002670288086       0.32157550573047605       0.43460720640202999     
  0.63749998807907104       0.32446462851573621       0.43833271768044701     
  0.64050000905990601       0.32737551853744884       0.44208073053794628     
  0.64349997043609619       0.33030871516836202       0.44585163155770419     
  0.64649999141693115       0.33326480112165963       0.44964593197602903     
  0.64950001239776611       0.33624437259645529       0.45346395993315947     
  0.65249997377395630       0.33924788953254581       0.45730605773768634     
  0.65549999475479126       0.34227616925598098       0.46117294914159285     
  0.65850001573562622       0.34532977442934309       0.46506487835986310     
  0.66149997711181641       0.34840926598879624       0.46898234076088208     
  0.66449999809265137       0.35151548520804099       0.47292593559235374     
  0.66750001907348633       0.35464903600760572       0.47689607442033100     
  0.67049998044967651       0.35781074214543251       0.48089324830873975     
  0.67350000143051147       0.36100126796970144       0.48491805159102341     
  0.67650002241134644       0.36422150444596163       0.48897106031704840     
  0.67949998378753662       0.36747209629337702       0.49305269211644775     
  0.68250000476837158       0.37075402025128529       0.49716368107212555     
  0.68550002574920654       0.37406810951947345       0.50130443740665476     
  0.68849998712539673       0.37741515855478958       0.50547567903821600     
  0.69150000810623169       0.38079626486551815       0.50967797558156935     
  0.69450002908706665       0.38421224427556055       0.51391201999940950     
  0.69749999046325684       0.38766406699989525       0.51817829986028729     
  0.70050001144409180       0.39115292842274457       0.52247771887906291     
  0.70349997282028198       0.39467958333744430       0.52681069006024450     
  0.70649999380111694       0.39824543393698669       0.53117812108430640     
  0.70950001478195190       0.40185149041795015       0.53558072365515719     
  0.71249997615814209       0.40549886219939124       0.54001905807793649     
  0.71549999713897705       0.40918880496925530       0.54449396779251480     
  0.71850001811981201       0.41292260779132811       0.54900637559444321     
  0.72149997949600220       0.41670139193268668       0.55355673281772633     
  0.72450000047683716       0.42052667933213567       0.55814613364956378     
  0.72750002145767212       0.42439980311046976       0.56277532959193077     
  0.73049998283386230       0.42832215869501189       0.56744509565208368     
  0.73350000381469727       0.43229526061581169       0.57215639577760202     
  0.73650002479553223       0.43632064350288929       0.57691019087139095     
  0.73949998617172241       0.44039976973265965       0.58170712540360558     
  0.74250000715255737       0.44453454985693802       0.58654832009641866     
  0.74550002813339233       0.44872646951562944       0.59143479862568604     
  0.74849998950958252       0.45297730702958144       0.59636741172700181     
  0.75150001049041748       0.45728897042853034       0.60134720502578565     
  0.75449997186660767       0.46166326517012130       0.60637519442859600     
  0.75749999284744263       0.46610233529098422       0.61145257897274330     
  0.76050001382827759       0.47060803291941700       0.61658024655201060     
  0.76349997520446777       0.47518255876208049       0.62175930976530314     
  0.76649999618530273       0.47982808110707048       0.62699120481092674     
  0.76950001716613770       0.48454684821684291       0.63227672530828749     
  0.77249997854232788       0.48934128858833759       0.63761712222120803     
  0.77549999952316284       0.49421372229302019       0.64301381037083682     
  0.77850002050399780       0.49916687992148034       0.64846792549382415     
  0.78149998188018799       0.50420323475879480       0.65398069674331460     
  0.78450000286102295       0.50932554098475935       0.65955351407170359     
  0.78750002384185791       0.51453672503927239       0.66518770769696522     
  0.79049998521804810       0.51983954542729471       0.67088447583821409     
  0.79350000619888306       0.52523735943377314       0.67664567336326631     
  0.79650002717971802       0.53073307158949679       0.68247224098844106     
  0.79949998855590820       0.53633005788316113       0.68836574441781895     
  0.80250000953674316       0.54203196681793475       0.69432791821931505     
  0.80549997091293335       0.54784202271887183       0.70036005390135725     
  0.80849999189376831       0.55376425211279334       0.70646401640354239     
  0.81150001287460327       0.55980229602462905       0.71264123869594409     
  0.81449997425079346       0.56596018936941273       0.71889305331280373     
  0.81749999523162842       0.57224222771953459       0.72522157817867050     
  0.82050001621246338       0.57865267599481773       0.73162862634664472     
  0.82349997758865356       0.58519590344387251       0.73811542253032913     
  0.82649999856948853       0.59187689411767930       0.74468420284544312     
  0.82950001955032349       0.59870034314441145       0.75133669881971143     
  0.83249998092651367       0.60567128144900673       0.75807452736097658     
  0.83550000190734863       0.61279523937511726       0.76489997060418635     
  0.83850002288818359       0.62007739423141728       0.77181471659459067     
  0.84149998426437378       0.62752352771737441       0.77882075524080008     
  0.84450000524520874       0.63513990320375158       0.78592037175795548     
  0.84750002622604370       0.64293230129902690       0.79311539261227926     
  0.85049998760223389       0.65090737503350504       0.80040778461101947     
  0.85350000858306885       0.65907173213108938       0.80780008813513871     
  0.85650002956390381       0.66743248660643328       0.81529429216060834     
  0.85949999094009399       0.67599644228253997       0.82289230563224758     
  0.86250001192092896       0.68477162816778669       0.83059700678019865     
  0.86549997329711914       0.69376553972405386       0.83841002366724870     
  0.86849999427795410       0.70298647347724486       0.84633420932118708     
  0.87150001525878906       0.71244283336615233       0.85437176875812448     
  0.87449997663497925       0.72214309258852982       0.86252487387842780     
  0.87749999761581421       0.73209671704956658       0.87079633075246887     
  0.88050001859664917       0.74231315354558414       0.87918837012483897     
  0.88349997997283936       0.75280146549534432       0.88770323667869044     
  0.88650000095367432       0.76357254164727706       0.89634413563826298     
  0.88950002193450928       0.77463648147645714       0.90511325624480998     
  0.89249998331069946       0.78600369386733648       0.91401264523301218     
  0.89550000429153442       0.79768602684107925       0.92304579986453317     
  0.89850002527236938       0.80969440217373323       0.93221507242454971     
  0.90149998664855957       0.82204073970372893       0.94152258835730740     
  0.90450000762939453       0.83473734115349663       0.95097141897114990     
  0.90750002861022949       0.84779646384077523       0.96056414166821891     
  0.91049998998641968       0.86123043695179080       0.97030321843147038     
  0.91350001096725464       0.87505296866020810       0.98019174826627664     
  0.91649997234344482       0.88927679550143168       0.99023166137427543     
  0.91949999332427979       0.90391561812640731        1.0004264057006256     
  0.92250001430511475       0.91898278078353901        1.0107776766202863     
  0.92549997568130493       0.93449154653712385        1.0212886072591894     
  0.92849999666213989       0.95045613027604392        1.0319620735914412     
  0.93150001764297485       0.96689020665464298        1.0427998979210562     
  0.93449997901916504       0.98380635592452947        1.0538045200593871     
  0.93750000000000000        1.0012188702475933        1.0649788025343712     
  0.94050002098083496        1.0191401408267176        1.0763249527633232     
  0.94349998235702515        1.0375820177714079        1.0878449574605282     
  0.94650000333786011        1.0565573166287212        1.0995411730842661     
  0.94950002431869507        1.0760764499835735        1.1114156232042740     
  0.95249998569488525        1.0961490879950142        1.1234700758998739     
  0.95550000667572021        1.1167851651847647        1.1357065907509805     
  0.95850002765655518        1.1379912301325190        1.1481268930708037     
  0.96149998903274536        1.1597732414764248        1.1607321230096475     
  0.96450001001358032        1.1821358446519077        1.1735241673364487     
  0.96749997138977051        1.2050804398034931        1.1865034453233094     
  0.97049999237060547        1.2286077114370679        1.1996720146490285     
  0.97350001335144043        1.2527145363908663        1.2130300232342295     
  0.97649997472763062        1.2773945976490120        1.2265776049804156     
  0.97949999570846558        1.3026407079570308        1.2403162174166993     
  0.98250001668930054        1.3284397509351324        1.2542449587948075     
  0.98549997806549072        1.3547767727990550        1.2683638129483739     
  0.98849999904632568        1.3816333922378272        1.2826723404770648     
  0.99150002002716064        1.4089866414787395        1.2971699610354521     
  0.99449998140335083        1.4368096207756511        1.3118552270767729     
  0.99750000238418579        1.4650729065389059        1.3267270309762016     
   1.0004999637603760        1.4937415409041579        1.3417832422713658     
   1.0034999847412109        1.5227794949063158        1.3570214411227195     
   1.0065000057220459        1.5521440406717097        1.3724398308916186     
   1.0095000267028809        1.5817920308183395        1.3880349091407767     
   1.0125000476837158        1.6116748421278300        1.4038035493849945     
   1.0154999494552612        1.6417429009597224        1.4197410572398204     
   1.0184999704360962        1.6719458821050501        1.4358445638714650     
   1.0214999914169312        1.7022304277682225        1.4521092708126071     
   1.0245000123977661        1.7325412850355162        1.4685296126007983     
   1.0275000333786011        1.7628255298329063        1.4851000951501119     
   1.0305000543594360        1.7930274806877107        1.5018158706820341     
   1.0334999561309814        1.8230932640028434        1.5186682566245668     
   1.0364999771118164        1.8529734184632582        1.5356535061202059     
   1.0394999980926514        1.8826164114199011        1.5527626304529458     
   1.0425000190734863        1.9119745809695896        1.5699883126795053     
   1.0455000400543213        1.9410026946208123        1.5873234389427220     
   1.0484999418258667        1.9696585899215306        1.6047578044507111     
   1.0514999628067017        1.9979059865931879        1.6222852483303958     
   1.0544999837875366        2.0257090746919495        1.6398951775768713     
   1.0575000047683716        2.0530363555910585        1.6575791326360050     
   1.0605000257492065        2.0798615599938173        1.6753265879149231     
   1.0635000467300415        2.1061609725346906        1.6931286113456825     
   1.0664999485015869        2.1319141582691326        1.7109746653577829     
   1.0694999694824219        2.1571069131051632        1.7288553416345109     
   1.0724999904632568        2.1817262008120197        1.7467594714298311     
   1.0755000114440918        2.2057626007015028        1.7646772049035893     
   1.0785000324249268        2.2292103583657155        1.7825978712505182     
   1.0815000534057617        2.2520658377078075        1.8005106130161674     
   1.0844999551773071        2.2743277889356128        1.8184046645802867     
   1.0874999761581421        2.2959993476041869        1.8362705361701226     
   1.0904999971389771        2.3170834586879021        1.8540973822104785     
   1.0935000181198120        2.3375860864968137        1.8718747198371022     
   1.0965000391006470        2.3575142181238369        1.8895926474054783     
   1.0994999408721924        2.3768757960470701        1.9072401669178773     
   1.1024999618530273        2.3956819954345203        1.9248091154639435     
   1.1054999828338623        2.4139430845229866        1.9422897963643513     
   1.1085000038146973        2.4316707485949736        1.9596722803277862     
   1.1115000247955322        2.4488770814073684        1.9769480356589726     
   1.1145000457763672        2.4655749290200921        1.9941088503519155     
   1.1174999475479126        2.4817770403092827        2.0111451750214782     
   1.1204999685287476        2.4974980137002238        2.0280513785787524     
   1.1234999895095825        2.5127503732871395        2.0448183131927142     
   1.1265000104904175        2.5275485844283048        2.0614397757440277     
   1.1295000314712524        2.5419054263485528        2.0779092484227331     
   1.1325000524520874        2.5558351296134871        2.0942199173252076     
   1.1354999542236328        2.5693503245520017        2.1103657379390981     
   1.1384999752044678        2.5824650529943902        2.1263429125765856     
   1.1414999961853027        2.5951923762033045        2.1421452160167838     
   1.1445000171661377        2.6075446834353322        2.1577685431034794     
   1.1475000381469727        2.6195343872652566        2.1732092985606459     
   1.1505000591278076        2.6311737860210345        2.1884631780608155     
   1.1534999608993530        2.6424744138389658        2.2035265280750274     
   1.1564999818801880        2.6534484454603589        2.2183980085574357     
   1.1595000028610229        2.6641069810330116        2.2330743187932303     
   1.1625000238418579        2.6744603544701775        2.2475536620719034     
   1.1655000448226929        2.6845193919380317        2.2618338595397414     
   1.1684999465942383        2.6942940415026966        2.2759131775191546     
   1.1714999675750732        2.7037945752298214        2.2897919361059578     
   1.1744999885559082        2.7130300194864536        2.3034687319847764     
   1.1775000095367432        2.7220097780861972        2.3169430349260036     
   1.1805000305175781        2.7307424880033695        2.3302148171658970     
   1.1835000514984131        2.7392366653364415        2.3432843111029191     
   1.1864999532699585        2.7475002729801417        2.3561511170380514     
   1.1894999742507935        2.7555418535534582        2.3688173498357306     
   1.1924999952316284        2.7633683019435415        2.3812831445417171     
   1.1955000162124634        2.7709874384902262        2.3935490778192725     
   1.1985000371932983        2.7784059110401742        2.4056174671225592     
   1.2015000581741333        2.7856305690868943        2.4174886714245711     
   1.2044999599456787        2.7926677135052351        2.4291644824497318     
   1.2074999809265137        2.7995240199074360        2.4406472714146599     
   1.2105000019073486        2.8062053292359668        2.4519384485941411     
   1.2135000228881836        2.8127172455398890        2.4630401487057054     
   1.2165000438690186        2.8190655527451938        2.4739543071160068     
   1.2194999456405640        2.8252550677040666        2.4846828697745997     
   1.2224999666213989        2.8312915658864242        2.4952288575740011     
   1.2254999876022339        2.8371797330383060        2.5055939605203492     
   1.2285000085830688        2.8429243255716714        2.5157809695754030     
   1.2315000295639038        2.8485298221628446        2.5257922847932566     
   1.2345000505447388        2.8540006525930428        2.5356303602046331     
   1.2374999523162842        2.8593407636638299        2.5452974119256018     
   1.2404999732971191        2.8645547862140570        2.5547966614220963     
   1.2434999942779541        2.8696462859111720        2.5641306453960961     
   1.2465000152587891        2.8746190268533831        2.5733017995027536     
   1.2495000362396240        2.8794766605992459        2.5823126168109392     
   1.2525000572204590        2.8842227435159384        2.5911658825487103     
   1.2554999589920044        2.8888602480356211        2.5998640604141334     
   1.2584999799728394        2.8933928769152910        2.6084104451295480     
   1.2615000009536743        2.8978235545174647        2.6168072233861333     
   1.2645000219345093        2.9021552330196094        2.6250570150910417     
   1.2675000429153442        2.9063909220410662        2.6331627465243677     
   1.2704999446868896        2.9105330605389836        2.6411261889113811     
   1.2734999656677246        2.9145847890679297        2.6489509591752163     
   1.2764999866485596        2.9185484797056822        2.6566392970822155     
   1.2795000076293945        2.9224265613229909        2.6641933665633233     
   1.2825000286102295        2.9262215265091189        2.6716160359305401     
   1.2855000495910645        2.9299356104646614        2.6789097004310656     
   1.2884999513626099        2.9335709516040391        2.6860762615062916     
   1.2914999723434448        2.9371300633298985        2.6931191663110403     
   1.2944999933242798        2.9406147486455589        2.7000401234534657     
   1.2975000143051147        2.9440270406703046        2.7068415232741274     
   1.3005000352859497        2.9473689670214509        2.7135259479107643     
   1.3035000562667847        2.9506423179705763        2.7200952390952273     
   1.3064999580383301        2.9538488639183633        2.7265515964187648     
   1.3094999790191650        2.9569905532208547        2.7328978219526965     
   1.3125000000000000        2.9600689076863969        2.7391356161748117     
   1.3155000209808350        2.9630856489511062        2.7452672291127773     
   1.3185000419616699        2.9660422982429102        2.7512945045379813     
   1.3214999437332153        2.9689403199033775        2.7572196503053426     
   1.3244999647140503        2.9717814041716308        2.7630448632159270     
   1.3274999856948853        2.9745668518170665        2.7687718025789843     
   1.3305000066757202        2.9772980478725684        2.7744024648332410     
   1.3335000276565552        2.9799763628159637        2.7799388057940311     
   1.3365000486373901        2.9826030643462533        2.7853826195846554     
   1.3394999504089355        2.9851793339999046        2.7907354812616276     
   1.3424999713897705        2.9877066193039119        2.7959996771343949     
   1.3454999923706055        2.9901859734261498        2.8011766300025096     
   1.3485000133514404        2.9926184882767313        2.8062680596604972     
   1.3515000343322754        2.9950053447952989        2.8112755923254538     
   1.3545000553131104        2.9973476335992926        2.8162008527539255     
   1.3574999570846558        2.9996462320547628        2.8210453174812589     
   1.3604999780654907        3.0019024243600123        2.8258109114649588     
   1.3634999990463257        3.0041170226193827        2.8304989676534515     
   1.3665000200271606        3.0062909943706111        2.8351109704434996     
   1.3695000410079956        3.0084253300499824        2.8396483629206841     
   1.3724999427795410        3.0105207767591553        2.8441123481974619     
   1.3754999637603760        3.0125783917283400        2.8485047264538745     
   1.3784999847412109        3.0145989425990058        2.8528267599197545     
   1.3815000057220459        3.0165832698908406        2.8570796840994555     
   1.3845000267028809        3.0185321789005184        2.8612648040959310     
   1.3875000476837158        3.0204463826994838        2.8653834627988743     
   1.3904999494552612        3.0223266028038474        2.8694366923531307     
   1.3934999704360962        3.0241737513971723        2.8734260323685317     
   1.3964999914169312        3.0259884496436666        2.8773525781991491     
   1.3995000123977661        3.0277713892639042        2.8812174564106598     
   1.4025000333786011        3.0295232402988943        2.8850218037879531     
   1.4055000543594360        3.0312446354387261        2.8887667782475450     
   1.4084999561309814        3.0329361980141933        2.8924532864539834     
   1.4114999771118164        3.0345986633945885        2.8960826984348973     
   1.4144999980926514        3.0362325499544380        2.8996558900494458     
   1.4175000190734863        3.0378384826317393        2.9031739032108690     
   1.4205000400543213        3.0394170438388679        2.9066377895108193     
   1.4234999418258667        3.0409686608801048        2.9100482748992058     
   1.4264999628067017        3.0424941013765774        2.9134066715794491     
   1.4294999837875366        3.0439937630789009        2.9167137775017538     
   1.4325000047683716        3.0454681963470849        2.9199704682084979     
   1.4355000257492065        3.0469178972969089        2.9231776473662507     
   1.4385000467300415        3.0483433382876592        2.9263362156105694     
   1.4414999485015869        3.0497449818141336        2.9294468556853670     
   1.4444999694824219        3.0511233957816737        2.9325107442782419     
   1.4474999904632568        3.0524789607080391        2.9355284963317065     
   1.4505000114440918        3.0538121281770052        2.9385009260829840     
   1.4535000324249268        3.0551233559061908        2.9414288041081140     
   1.4565000534057617        3.0564130546062027        2.9443129311358267     
   1.4594999551773071        3.0576815982320245        2.9471539797910729     
   1.4624999761581421        3.0589294734255454        2.9499527741586027     
   1.4654999971389771        3.0601570163223122        2.9527100835992064     
   1.4685000181198120        3.0613646476193104        2.9554264650310720     
   1.4715000391006470        3.0625526947722714        2.9581027248993492     
   1.4744999408721924        3.0637215428864488        2.9607393565205995     
   1.4774999618530273        3.0648716092206385        2.9633373120301627     
   1.4804999828338623        3.0660032090736236        2.9658970288905211     
   1.4835000038146973        3.0671166687476017        2.9684192055995635     
   1.4865000247955322        3.0682123157386711        2.9709044246441194     
   1.4895000457763672        3.0692904967745167        2.9733533266354861     
   1.4924999475479126        3.0703515069407818        2.9757664061106506     
   1.4954999685287476        3.0713957193237960        2.9781443906926470     
   1.4984999895095825        3.0724234031245339        2.9804878440127793     
   1.5015000104904175        3.0734348482241609        2.9827972340721525     
   1.5045000314712524        3.0744303605238774        2.9850731383423295     
   1.5075000524520874        3.0754102534716634        2.9873161069548910     
   1.5104999542236328        3.0763747292449062        2.9895265602967984     
   1.5134999752044678        3.0773241489759693        2.9917052051520328     
   1.5164999961853027        3.0782587540848638        2.9938524404482472     
   1.5195000171661377        3.0791787926355818        2.9959687715915790     
   1.5225000381469727        3.0800845540615858        2.9980546721233066     
   1.5255000591278076        3.0809762472086035        3.0001106290915365     
   1.5284999608993530        3.0818541310447487        3.0021369959240283     
   1.5314999818801880        3.0827184837988990        3.0041344398064718     
   1.5345000028610229        3.0835695179634537        3.0061032854297101     
   1.5375000238418579        3.0844074827808385        3.0080440157475823     
   1.5405000448226929        3.0852325765137749        3.0099570109444422     
   1.5434999465942383        3.0860450070153149        3.0118426320070566     
   1.5464999675750732        3.0868450744402161        3.0137014470480499     
   1.5494999885559082        3.0876329219378156        3.0155338112116148     
   1.5525000095367432        3.0884088082755232        3.0173400733583735     
   1.5555000305175781        3.0891728938750913        3.0191206692048658     
   1.5585000514984131        3.0899254201043806        3.0208759372449987     
   1.5614999532699585        3.0906665354966738        3.0226062448645616     
   1.5644999742507935        3.0913964848181608        3.0243120643123524     
   1.5674999952316284        3.0921154640721356        3.0259936503485987     
   1.5705000162124634        3.0928236228205939        3.0276514398281105     
   1.5735000371932983        3.0935211633176607        3.0292857093405421     
   1.5765000581741333        3.0942082728748352        3.0308968223520099     
   1.5794999599456787        3.0948850952511173        3.0324851029929878     
   1.5824999809265137        3.0955518463327398        3.0340509323659632     
   1.5855000019073486        3.0962086866251579        3.0355946212317986     
   1.5885000228881836        3.0968557843967637        3.0371164502466823     
   1.5915000438690186        3.0974932927002738        3.0386167680045597     
   1.5944999456405640        3.0981213604689311        3.0400958069568973     
   1.5974999666213989        3.0987401885864876        3.0415539696552027     
   1.6004999876022339        3.0993499069498500        3.0429915194965491     
   1.6035000085830688        3.0999506821308285        3.0444087668018485     
   1.6065000295639038        3.1005426512095595        3.0458059614797928     
   1.6095000505447388        3.1011259613514319        3.0471833611743047     
   1.6124999523162842        3.1017007411215065        3.0485412575817481     
   1.6154999732971191        3.1022671896544107        3.0498799824837715     
   1.6184999942779541        3.1028254017895294        3.0511997637916548     
   1.6215000152587891        3.1033755278708854        3.0525008473353559     
   1.6245000362396240        3.1039177049673157        3.0537835270802800     
   1.6275000572204590        3.1044520678352763        3.0550480145241399     
   1.6304999589920044        3.1049787198210592        3.0562945276786504     
   1.6334999799728394        3.1054978412397496        3.0575234246361274     
   1.6365000009536743        3.1060095275403068        3.0587348876445177     
   1.6395000219345093        3.1065139038885814        3.0599291372421074     
   1.6425000429153442        3.1070110991331994        3.0611064321871999     
   1.6454999446868896        3.1075012183083817        3.0622669501467712     
   1.6484999656677246        3.1079844008494062        3.0634109876721172     
   1.6514999866485596        3.1084607685721002        3.0645387725110509     
   1.6545000076293945        3.1089304175566017        3.0656504773751081     
   1.6575000286102295        3.1093934719043226        3.0667463248913642     
   1.6605000495910645        3.1098500320122295        3.0678265282532102     
   1.6634999513626099        3.1103001952524321        3.0688912653531282     
   1.6664999723434448        3.1107441042879942        3.0699408103141925     
   1.6694999933242798        3.1111818491878496        3.0709753386501251     
   1.6725000143051147        3.1116135354683618        3.0719950436449022     
   1.6755000352859497        3.1120392574992604        3.0730001343982756     
   1.6785000562667847        3.1124591222498683        3.0739907551251862     
   1.6814999580383301        3.1128732118247640        3.0749671092071735     
   1.6844999790191650        3.1132816532144116        3.0759294628281220     
   1.6875000000000000        3.1136845345760422        3.0768779080852191     
   1.6905000209808350        3.1140819448639117        3.0778126893621867     
   1.6935000419616699        3.1144739748065797        3.0787339412802175     
   1.6964999437332153        3.1148607051930495        3.0796418392774316     
   1.6994999647140503        3.1152422567654745        3.0805365946183634     
   1.7024999856948853        3.1156186967278385        3.0814183661282550     
   1.7055000066757202        3.1159901260597285        3.0822873215828772     
   1.7085000276565552        3.1163566188409906        3.0831436171792852     
   1.7115000486373901        3.1167182613898414        3.0839874110659378     
   1.7144999504089355        3.1170751225194078        3.0848188512440293     
   1.7174999713897705        3.1174273261729186        3.0856381622358278     
   1.7204999923706055        3.1177749189947050        3.0864454331772695     
   1.7235000133514404        3.1181179913865531        3.0872408682859902     
   1.7265000343322754        3.1184566246486582        3.0880245880541186     
   1.7295000553131104        3.1187908902488251        3.0887967534987459     
   1.7324999570846558        3.1191208525452536        3.0895574740796552     
   1.7354999780654907        3.1194466108475778        3.0903069774698801     
   1.7384999990463257        3.1197682367708652        3.0910453591752991     
   1.7415000200271606        3.1200857918953790        3.0917727609827339     
   1.7445000410079956        3.1203993486354897        3.0924893359438652     
   1.7474999427795410        3.1207089672422934        3.0931951856270499     
   1.7504999637603760        3.1210147467149421        3.0938905139010240     
   1.7534999847412109        3.1213167346122308        3.0945754221893997     
   1.7565000057220459        3.1216149993150273        3.0952500393642555     
   1.7595000267028809        3.1219096144513374        3.0959144879670104     
   1.7625000476837158        3.1222006374220697        3.0965689122283022     
   1.7654999494552612        3.1224881286522774        3.0972134239157811     
   1.7684999704360962        3.1227721669507034        3.0978481697429769     
   1.7714999914169312        3.1230528047383475        3.0984732847577656     
   1.7745000123977661        3.1233301089697330        3.0990888706063973     
   1.7775000333786011        3.1236041341710230        3.0996950540581953     
   1.7805000543594360        3.1238749437271118        3.1002919510841229     
   1.7834999561309814        3.1241425802261831        3.1008796705977244     
   1.7864999771118164        3.1244071261111195        3.1014583579186392     
   1.7894999980926514        3.1246686223788860        3.1020281208035563     
   1.7925000190734863        3.1249271356830364        3.1025890709019608     
   1.7955000400543213        3.1251827130067626        3.1031413164730726     
   1.7984999418258667        3.1254354012452805        3.1036849478743096     
   1.8014999628067017        3.1256852701439315        3.1042201187643461     
   1.8044999837875366        3.1259323639057324        3.1047469284230105     
   1.8075000047683716        3.1261767368121007        3.1052654664160526     
   1.8105000257492065        3.1264184374626911        3.1057758590414859     
   1.8135000467300415        3.1266575131846484        3.1062781841524516     
   1.8164999485015869        3.1268940063800206        3.1067725502854389     
   1.8194999694824219        3.1271279852164349        3.1072590952278967     
   1.8224999904632568        3.1273594850388635        3.1077378966889340     
   1.8255000114440918        3.1275885512434427        3.1082090600647989     
   1.8285000324249268        3.1278152354526543        3.1086726731516472     
   1.8315000534057617        3.1280395754217802        3.1091288462143218     
   1.8344999551773071        3.1282616137129065        3.1095776583172268     
   1.8374999761581421        3.1284814063815971        3.1100192347650930     
   1.8404999971389771        3.1286989877676543        3.1104536574399924     
   1.8435000181198120        3.1289144035503469        3.1108810154895048     
   1.8465000391006470        3.1291276929253038        3.1113014073702390     
   1.8494999408721924        3.1293388881130331        3.1117149116875495     
   1.8524999618530273        3.1295480428934344        3.1121216461277963     
   1.8554999828338623        3.1297551921942430        3.1125216876571820     
   1.8585000038146973        3.1299603712662840        3.1129151263707087     
   1.8615000247955322        3.1301636204215457        3.1133020419570130     
   1.8645000457763672        3.1303649747275824        3.1136825301821709     
   1.8674999475479126        3.1305644622570106        3.1140566613167251     
   1.8704999685287476        3.1307621379732229        3.1144245521107021     
   1.8734999895095825        3.1309580243409694        3.1147862683980563     
   1.8765000104904175        3.1311521547996803        3.1151418961472905     
   1.8795000314712524        3.1313445695023407        3.1154915200566418     
   1.8825000524520874        3.1315352965950010        3.1158352216584584     
   1.8854999542236328        3.1317243603897880        3.1161730708440087     
   1.8884999752044678        3.1319118075976444        3.1165051695741242     
   1.8914999961853027        3.1320976643929330        3.1168315864634937     
   1.8945000171661377        3.1322819549317082        3.1171524069330494     
   1.8975000381469727        3.1324647150280120        3.1174676955613205     
   1.9005000591278076        3.1326459699246239        3.1177775476816696     
   1.9034999608993530        3.1328257415935887        3.1180820148372113     
   1.9064999818801880        3.1330040739082414        3.1183811999744804     
   1.9095000028610229        3.1331809836820197        3.1186751775136905     
   1.9125000238418579        3.1333564970676417        3.1189640059292532     
   1.9155000448226929        3.1335306428051366        3.1192477683838606     
   1.9184999465942383        3.1337034365441521        3.1195265270618391     
   1.9214999675750732        3.1338749163679616        3.1198003727190162     
   1.9244999885559082        3.1340450996814937        3.1200693759822462     
   1.9275000095367432        3.1342140109002248        3.1203335937523793     
   1.9305000305175781        3.1343816701952560        3.1205931118055688     
   1.9335000514984131        3.1345481015597287        3.1208479948470900     
   1.9364999532699585        3.1347133168828356        3.1210983015327254     
   1.9394999742507935        3.1348773533756868        3.1213441213133701     
   1.9424999952316284        3.1350402222863751        3.1215855100187646     
   1.9455000162124634        3.1352019443915529        3.1218225467994838     
   1.9485000371932983        3.1353625367744526        3.1220552838973394     
   1.9515000581741333        3.1355220193201587        3.1222838016536305     
   1.9544999599456787        3.1356804029766194        3.1225081492163160     
   1.9574999809265137        3.1358377175146059        3.1227284159574675     
   1.9605000019073486        3.1359939715333911        3.1229446564244023     
   1.9635000228881836        3.1361491835780058        3.1231569364437646     
   1.9665000438690186        3.1363033665266284        3.1233653180220444     
   1.9694999456405640        3.1364565304451633        3.1235698576843158     
   1.9724999666213989        3.1366087000147851        3.1237706338153504     
   1.9754999876022339        3.1367598851511054        3.1239677070918250     
   1.9785000085830688        3.1369100964201975        3.1241611363417605     
   1.9815000295639038        3.1370593465389813        3.1243509873314830     
   1.9845000505447388        3.1372076482837308        3.1245373136399985     
   1.9874999523162842        3.1373550061733257        3.1247201761239420     
   1.9904999732971191        3.1375014427713270        3.1248996498416566     
   1.9934999942779541        3.1376469625950012        3.1250757848241268     
   1.9965000152587891        3.1377915733768500        3.1252486479466617     
   1.9995000362396240        3.1379352860560843        3.1254182893536133     
   2.0025000572204590        3.1380781076011957        3.1255847760856987     
   2.0055000782012939        3.1382200467608934        3.1257481603688446     
   2.0085000991821289        3.1383611095559627        3.1259085092766088     
   2.0114998817443848        3.1385012924703957        3.1260658623643911     
   2.0144999027252197        3.1386406231529387        3.1262203011610881     
   2.0174999237060547        3.1387790956114472        3.1263718772691078     
   2.0204999446868896        3.1389167155074920        3.1265206429108656     
   2.0234999656677246        3.1390534861941659        3.1266666563683185     
   2.0264999866485596        3.1391894126256470        3.1268099735489741     
   2.0295000076293945        3.1393244975767729        3.1269506512567879     
   2.0325000286102295        3.1394587426911613        3.1270887440123132     
   2.0355000495910645        3.1395921508860014        3.1272243107175819     
   2.0385000705718994        3.1397247231730616        3.1273574012063161     
   2.0415000915527344        3.1398564615488138        3.1274880745992415     
   2.0445001125335693        3.1399873649013603        3.1276163844413580     
   2.0474998950958252        3.1401174237729426        3.1277423762356280     
   2.0504999160766602        3.1402466579943451        3.1278661251010047     
   2.0534999370574951        3.1403750556638976        3.1279876672722833     
   2.0564999580383301        3.1405026149100785        3.1281070657562520     
   2.0594999790191650        3.1412005040482152        3.1282243677300103     
   2.0625000000000000        3.1412015243939901        3.1283396272433466     
   2.0655000209808350        3.1412025403111303        3.1284529009314124     
   2.0685000419616699        3.1412035517792853        3.1285642407719783     
   2.0715000629425049        3.1412045587251445        3.1286736899122864     
   2.0745000839233398        3.1412055613426717        3.1287813119891981     
   2.0775001049041748        3.1412065595050294        3.1288871531947340     
   2.0804998874664307        3.1412075533376136        3.1289912558454294     
   2.0834999084472656        3.1412085429003969        3.1290936931307729     
   2.0864999294281006        3.1412095282635426        3.1291945039948739     
   2.0894999504089355        3.1412105093534333        3.1292937367989739     
   2.0924999713897705        3.1412114862017448        3.1293914494987183     
   2.0954999923706055        3.1412124589435200        3.1294876884967229     
   2.0985000133514404        3.1412134275053201        3.1295825018225352     
   2.1015000343322754        3.1412143920207871        3.1296759454042529     
   2.1045000553131104        3.1412153524166135        3.1297680629552569     
   2.1075000762939453        3.1412163087228762        3.1298589103465848     
   2.1105000972747803        3.1412172610711582        3.1299485355334808     
   2.1135001182556152        3.1412182094390859        3.1300369826771344     
   2.1164999008178711        3.1412191537421683        3.1301242993796574     
   2.1194999217987061        3.1412200941850799        3.1302105487584067     
   2.1224999427795410        3.1412210307831332        3.1302957730704968     
   2.1254999637603760        3.1412219634635381        3.1303800185288226     
   2.1284999847412109        3.1412228922542975        3.1304633353463092     
   2.1315000057220459        3.1412238172327664        3.1305457709657780     
   2.1345000267028809        3.1412247384258487        3.1306273776329836     
   2.1375000476837158        3.1412256558108984        3.1307081969079902     
   2.1405000686645508        3.1412265694639143        3.1307882819087252     
   2.1435000896453857        3.1412274794109951        3.1308676796353723     
   2.1465001106262207        3.1412283856292240        3.1309464403049336     
   2.1494998931884766        3.1412292880855981        3.1310245993023074     
   2.1524999141693115        3.1412301869728751        3.1311022220408278     
   2.1554999351501465        3.1412310822084804        3.1311793488195909     
   2.1584999561309814        3.1412319738658123        3.1312560251216888     
   2.1614999771118164        3.1412328618257570        3.1313322998098099     
   2.1644999980926514        3.1412337463050726        3.1314082191301540     
   2.1675000190734863        3.1412346271371052        3.1314838312149380     
   2.1705000400543213        3.1412355044893832        3.1315591806820362     
   2.1735000610351562        3.1412363783382919        3.1316343178385453     
   2.1765000820159912        3.1412372486606479        3.1317092875465447     
   2.1795001029968262        3.1412381154805877        3.1317841359756899     
   2.1824998855590820        3.1412389788128330        3.1318589033741477     
   2.1854999065399170        3.1412398387460989        3.1319336505490134     
   2.1884999275207520        3.1412406952012328        3.1320084175800265     
   2.1914999485015869        3.1412415482944231        3.1320832473669014     
   2.1944999694824219        3.1412423979560131        3.1321581893946115     
   2.1974999904632568        3.1412432443011014        3.1322332876350396     
   2.2005000114440918        3.1412440872602341        3.1323085899598184     
   2.2035000324249268        3.1412449268562241        3.1323841388059566     
   2.2065000534057617        3.1412457631116664        3.1324599841859726     
   2.2095000743865967        3.1412465960489397        3.1325361712052922     
   2.2125000953674316        3.1412474256902119        3.1326127449506993     
   2.2155001163482666        3.1412482519674745        3.1326897493105883     
   2.2184998989105225        3.1412490749851818        3.1327672238067970     
   2.2214999198913574        3.1412498947360508        3.1328452289825455     
   2.2244999408721924        3.1412507113229400        3.1329237999125876     
   2.2274999618530273        3.1412515245890469        3.1330029870622838     
   2.2304999828338623        3.1412523346893253        3.1330828315556931     
   2.2335000038146973        3.1412531415123035        3.1331633796716729     
   2.2365000247955322        3.1412539451237871        3.1332446765265458     
   2.2395000457763672        3.1412547455450124        3.1333267673479073     
   2.2425000667572021        3.1412555427970172        3.1334096959972357     
   2.2455000877380371        3.1412563368571691        3.1334935086223696     
   2.2485001087188721        3.1412571277898853        3.1335782483479528     
   2.2514998912811279        3.1412579154792666        3.1336639547302050     
   2.2544999122619629        3.1412587000466643        3.1337506822905530     
   2.2574999332427979        3.1412594815056876        3.1338384747647892     
   2.2604999542236328        3.1412602598339037        3.1339273705890194     
   2.2634999752044678        3.1412610350518726        3.1340174173698947     
   2.2664999961853027        3.1412618071374996        3.1341086583680631     
   2.2695000171661377        3.1412625761537183        3.1342011373683984     
   2.2725000381469727        3.1412633419939731        3.1342948989797654     
   2.2755000591278076        3.1412641048054724        3.1343899858517146     
   2.2785000801086426        3.1412648645240346        3.1344864431669461     
   2.2815001010894775        3.1412656211699410        3.1345843135193929     
   2.2844998836517334        3.1412663746325578        3.1346836339071746     
   2.2874999046325684        3.1412671251107693        3.1347844622601029     
   2.2904999256134033        3.1412678725352565        3.1348868346972001     
   2.2934999465942383        3.1412686168847568        3.1349907946412392     
   2.2964999675750732        3.1412693582205384        3.1350963850700353     
   2.2994999885559082        3.1412700964802944        3.1352036485177455     
   2.3025000095367432        3.1412708317250648        3.1353126270264848     
   2.3055000305175781        3.1412715638931177        3.1354233666825575     
   2.3085000514984131        3.1412722930452630        3.1355359061050412     
   2.3115000724792480        3.1412730192011811        3.1356502909840667     
   2.3145000934600830        3.1412737422997883        3.1357665609667258     
   2.3175001144409180        3.1412744623210274        3.1358847606624520     
   2.3204998970031738        3.1412751793603841        3.1360049200978710     
   2.3234999179840088        3.1412758933672764        3.1361271018839876     
   2.3264999389648438        3.1412766043964639        3.1362513374389152     
   2.3294999599456787        3.1412773123880382        3.1363776685171061     
   2.3324999809265137        3.1412780174015031        3.1365061366205964     
   2.3355000019073486        3.1412787193774823        3.1366367833353683     
   2.3385000228881836        3.1412794183359756        3.1367696490740289     
   2.3415000438690186        3.1412801142968041        3.1369047745051315     
   2.3445000648498535        3.1412808072796103        3.1370422006035508     
   2.3475000858306885        3.1412814972260543        3.1371819668692504     
   2.3505001068115234        3.1412821841561636        3.1373241143550485     
   2.3534998893737793        3.1412828680470057        3.1374686714409594     
   2.3564999103546143        3.1412835490040014        3.1376156996751008     
   2.3594999313354492        3.1412842268884154        3.1377652283801232     
   2.3624999523162842        3.1412849017972460        3.1379172962944861     
   2.3654999732971191        3.1412855737118122        3.1380719416954164     
   2.3684999942779541        3.1412862426137300        3.1382036285983652     
   2.3715000152587891        3.1412869085228583        3.1383634232804520     
   2.3745000362396240        3.1412875713832147        3.1385260442974232     
   2.3775000572204590        3.1412882312527146        3.1386915352525175     
   2.3805000782012939        3.1412888881134302        3.1388599413557716     
   2.3835000991821289        3.1412895419477174        3.1390313079849665     
   2.3864998817443848        3.1412901926974244        3.1392056650203446     
   2.3894999027252197        3.1412908405017159        3.1393830854481664     
   2.3924999237060547        3.1412914852278400        3.1395636005500918     
   2.3954999446868896        3.1412921270073730        3.1397472551192984     
   2.3984999656677246        3.1412927657119134        3.1399340939618470     
   2.4014999866485596        3.1412934013619034        3.1401241620534046     
   2.4045000076293945        3.1412940340510049        3.1413949103023309     
   2.4075000286102295        3.1412946636156684        3.1413952498142219     
   2.4105000495910645        3.1412952901497344        3.1413955880469264     
   2.4135000705718994        3.1412959136732357        3.1413959250080299     
   2.4165000915527344        3.1412965340609391        3.1413962607050561     
   2.4195001125335693        3.1412971514784500        3.1413965951454692     
   2.4224998950958252        3.1412977657261876        3.1413969283102428     
   2.4254999160766602        3.1412983770106009        3.1413972602596791     
   2.4284999370574951        3.1412989851332598        3.1413975909745346     
   2.4314999580383301        3.1412995902582761        3.1413979204620368     
   2.4344999790191650        3.1413001922627690        3.1413982487293546     
   2.4375000000000000        3.1413007911674802        3.1413985757836005     
   2.4405000209808350        3.1413013869929571        3.1413989016318307     
   2.4435000419616699        3.1413019796888770        3.1413992262810444     
   2.4465000629425049        3.1413025692760086        3.1413995497381864     
   2.4495000839233398        3.1413031557397844        3.1413998720101461     
   2.4525001049041748        3.1413037390658389        3.1414001931037596     
   2.4554998874664307        3.1413043192728245        3.1414005130004297     
   2.4584999084472656        3.1413048963507726        3.1414008317577338     
   2.4614999294281006        3.1413054702834327        3.1414011493568768     
   2.4644999504089355        3.1413060410222622        3.1414014658044822     
   2.4674999713897705        3.1413066086575183        3.1414017811071218     
   2.4704999923706055        3.1413071731061759        3.1414020952713160     
   2.4735000133514404        3.1413077343548825        3.1414024083035357     
   2.4765000343322754        3.1413082923904541        3.1414027202102006     
   2.4795000553131104        3.1413088472682431        3.1414030309976813     
   2.4825000762939453        3.1413093989407450        3.1414033406722983     
   2.4855000972747803        3.1413099473609813        3.1414036492403250     
   2.4885001182556152        3.1413104926181425        3.1414039567079848     
   2.4914999008178711        3.1413110345283695        3.1414042630571499     
   2.4944999217987061        3.1413115732854551        3.1414045683426455     
   2.4974999427795410        3.1413121087736982        3.1414048725461625     
   2.5004999637603760        3.1413126409808498        3.1414051756737367     
   2.5034999847412109        3.1413131698947923        3.1414054777313583     
   2.5065000057220459        3.1413136955369221        3.1414057787249718     
   2.5095000267028809        3.1413142178951134        3.1414060786604772     
   2.5125000476837158        3.1413147369573622        3.1414063775437291     
   2.5155000686645508        3.1413152526455126        3.1414066753805385     
   2.5185000896453857        3.1413157650143888        3.1414069721766720     
   2.5215001106262207        3.1413162740852871        3.1414072679378533     
   2.5244998931884766        3.1413167797138191        3.1414075626463811     
   2.5274999141693115        3.1413172820225590        3.1414078563547387     
   2.5304999351501465        3.1413177809333619        3.1414081490450587     
   2.5334999561309814        3.1413182764678207        3.1414084407228953     
   2.5364999771118164        3.1413187685821549        3.1414087313937609     
   2.5394999980926514        3.1413192572654656        3.1414090210631280     
   2.5425000190734863        3.1413197425393391        3.1414093097364275     
   2.5455000400543213        3.1413202243604457        3.1414095974190510     
   2.5485000610351562        3.1413207026858223        3.1414098841163494     
   2.5515000820159912        3.1413211775694259        3.1414101698336352     
   2.5545001029968262        3.1413216489362115        3.1414104545761803     
   2.5574998855590820        3.1413221167432703        3.1414107383267060     
   2.5604999065399170        3.1413225811095309        3.1414110211355113     
   2.5634999275207520        3.1413230419278144        3.1414113029851634     
   2.5664999485015869        3.1413234991560723        3.1414115838807826     
   2.5694999694824219        3.1413239528160695        3.1414118638274515     
   2.5724999904632568        3.1413244029293090        3.1414121428302160     
   2.5755000114440918        3.1413248494221788        3.1414124208940852     
   2.5785000324249268        3.1413252922847223        3.1414126980240318     
   2.5815000534057617        3.1413257315069840        3.1414129742249934     
   2.5845000743865967        3.1413261670790011        3.1414132495018707     
   2.5875000953674316        3.1413265989908026        3.1414135238595295     
   2.5905001163482666        3.1413270272324003        3.1414137973028016     
   2.5934998989105225        3.1413274517000822        3.1414140698148598     
   2.5964999198913574        3.1413278724779774        3.1414143414437836     
   2.5994999408721924        3.1413282894937442        3.1414146121726065     
   2.6024999618530273        3.1413287027686838        3.1414148820060221     
   2.6054999828338623        3.1413291122618547        3.1414151509486921     
   2.6085000038146973        3.1413295179325047        3.1414154190052432     
   2.6115000247955322        3.1413299198017737        3.1414156861802707     
   2.6145000457763672        3.1413303177981002        3.1414159524783369     
   2.6175000667572021        3.1413307119425404        3.1414162179039717     
   2.6205000877380371        3.1413311022251524        3.1414164824616737     
   2.6235001087188721        3.1413314885440218        3.1414167461559086     
   2.6264998912811279        3.1413318709205180        3.1414170089702576     
   2.6294999122619629        3.1413322494049978        3.1414172709509010     
   2.6324999332427979        3.1413326238961088        3.1414175320812894     
   2.6354999542236328        3.1413329943838946        3.1414177923657651     
   2.6384999752044678        3.1413333608582708        3.1414180518086412     
   2.6414999961853027        3.1413337232787080        3.1414183104141986     
   2.6445000171661377        3.1413340816047390        3.1414185681866909     
   2.6475000381469727        3.1413344358563751        3.1414188251303408     
   2.6505000591278076        3.1413347859929424        3.1414190812493414     
   2.6535000801086426        3.1413351319737952        3.1414193365478584     
   2.6565001010894775        3.1413354738184549        3.1414195910300271     
   2.6594998836517334        3.1413358113967962        3.1414198446798274     
   2.6624999046325684        3.1413361447865600        3.1414200975416584     
   2.6654999256134033        3.1413364739175682        3.1414203495993789     
   2.6684999465942383        3.1413367988086587        3.1414206008570127     
   2.6714999675750732        3.1413371193588486        3.1414208513185558     
   2.6744999885559082        3.1413374355568844        3.1414211009879773     
   2.6775000095367432        3.1413377473912729        3.1414213498692183     
   2.6805000305175781        3.1413380548502778        3.1414215979661941     
   2.6835000514984131        3.1413383578625020        3.1414218452827929     
   2.6865000724792480        3.1413386564455874        3.1414220918228772     
   2.6895000934600830        3.1413389504982301        3.1414223375902823     
   2.6925001144409180        3.1413392400376541        3.1414225825888189     
   2.6954998970031738        3.1413395250524578        3.1414228268028914     
   2.6984999179840088        3.1413398054382697        3.1414230702750783     
   2.7014999389648438        3.1413400812423191        3.1414233129896725     
   2.7044999599456787        3.1413403523625818        3.1414235549503835     
   2.7074999809265137        3.1413406188148176        3.1414237961608951     
   2.7105000019073486        3.1413408805260854        3.1414240366248656     
   2.7135000228881836        3.1413411374820748        3.1414242763459308     
   2.7165000438690186        3.1413413896387423        3.1414245153277007     
   2.7195000648498535        3.1413416369517626        3.1414247535737627     
   2.7225000858306885        3.1413418794058159        3.1414249910876793     
   2.7255001068115234        3.1413421168973197        3.1414252278729893     
   2.7284998893737793        3.1413423494414352        3.1414254639144779     
   2.7314999103546143        3.1413425770180350        3.1414256992531580     
   2.7344999313354492        3.1413427995827892        3.1414259338737098     
   2.7374999523162842        3.1413430170307723        3.1414261677795805     
   2.7404999732971191        3.1413432293735299        3.1414264009741948     
   2.7434999942779541        3.1413434365637016        3.1414266334609540     
   2.7465000152587891        3.1413436384951750        3.1414268652432380     
   2.7495000362396240        3.1413438352071728        3.1414270963244046     
   2.7525000572204590        3.1413440266217574        3.1414273267077895     
   2.7555000782012939        3.1413442126605338        3.1414275563967062     
   2.7585000991821289        3.1413443933028176        3.1414277853944479     
   2.7614998817443848        3.1413445685296875        3.1414280136861681     
   2.7644999027252197        3.1413447382273074        3.1414282413114054     
   2.7674999237060547        3.1413449024046076        3.1414284682552176     
   2.7704999446868896        3.1413450609803015        3.1414286945208123     
   2.7734999656677246        3.1413452138724738        3.1414289201113776     
   2.7764999866485596        3.1413453610566693        3.1414291450300800     
   2.7795000076293945        3.1413455025367742        3.1414293692800666     
   2.7825000286102295        3.1413456381415661        3.1414295928644642     
   2.7855000495910645        3.1413457679025032        3.1414298157863789     
   2.7885000705718994        3.1413458917049435        3.1414300380488975     
   2.7915000915527344        3.1413460095206118        3.1414302596550874     
   2.7945001125335693        3.1413461212913267        3.1414304806079962     
   2.7974998950958252        3.1413462269028467        3.1414307008931699     
   2.8004999160766602        3.1413463263474468        3.1414309205486335     
   2.8034999370574951        3.1413458144564594        3.1414311395598427     
   2.8064999580383301        3.1413461423034619        3.1414313579297688     
   2.8094999790191650        3.1413464692126487        3.1414315756613647     
   2.8125000000000000        3.1413467951882335        3.1414317927575635     
   2.8155000209808350        3.1413471202344048        3.1414320092212811     
   2.8185000419616699        3.1413474443553251        3.1414322250554143     
   2.8215000629425049        3.1413477675551320        3.1414324402628422     
   2.8245000839233398        3.1413480898379369        3.1414326548464255     
   2.8275001049041748        3.1413484112078272        3.1414328688090079     
   2.8304998874664307        3.1413487316434328        3.1414330821364831     
   2.8334999084472656        3.1413490511997253        3.1414332948655699     
   2.8364999294281006        3.1413493698552144        3.1414335069820782     
   2.8394999504089355        3.1413496876138880        3.1414337184887811     
   2.8424999713897705        3.1413500044797096        3.1414339293884348     
   2.8454999923706055        3.1413503204566204        3.1414341396837782     
   2.8485000133514404        3.1413506355485357        3.1414343493775330     
   2.8515000343322754        3.1413509497593486        3.1414345584724042     
   2.8545000553131104        3.1413512630929286        3.1414347669710803     
   2.8575000762939453        3.1413515755531214        3.1414349748762338     
   2.8605000972747803        3.1413518871437498        3.1414351821905195     
   2.8635001182556152        3.1413521978686139        3.1414353889165776     
   2.8664999008178711        3.1413525077069000        3.1414355950406714     
   2.8694999217987061        3.1413528167116134        3.1414358005981735     
   2.8724999427795410        3.1413531248618263        3.1414360055752693     
   2.8754999637603760        3.1413534321612495        3.1414362099745339     
   2.8784999847412109        3.1413537386135713        3.1414364137985280     
   2.8815000057220459        3.1413540442224570        3.1414366170497954     
   2.8845000267028809        3.1413543489915519        3.1414368197308660     
   2.8875000476837158        3.1413546529244787        3.1414370218442529     
   2.8905000686645508        3.1413549560248391        3.1414372233924546     
   2.8935000896453857        3.1413552582962132        3.1414374243779553     
   2.8965001106262207        3.1413555597421610        3.1414376248032232     
   2.8994998931884766        3.1413558603423608        3.1414378246548504     
   2.9024999141693115        3.1413561601481139        3.1414380239670439     
   2.9054999351501465        3.1413564591389926        3.1414382227263218     
   2.9084999561309814        3.1413567573184737        3.1414384209350943     
   2.9114999771118164        3.1413570546900136        3.1414386185957572     
   2.9144999980926514        3.1413573512570481        3.1414388157106918     
   2.9175000190734863        3.1413576470229931        3.1414390122822651     
   2.9205000400543213        3.1413579419912456        3.1414392083128311     
   2.9235000610351562        3.1413582361651819        3.1414394038047280     
   2.9265000820159912        3.1413585295481585        3.1414395987602819     
   2.9295001029968262        3.1413588221435136        3.1414397931818043     
   2.9324998855590820        3.1413591139314048        3.1414399870562058     
   2.9354999065399170        3.1413594049615137        3.1414401804165877     
   2.9384999275207520        3.1413596952138980        3.1414403732497922     
   2.9414999485015869        3.1413599846918192        3.1414405655580757     
   2.9444999694824219        3.1413602733985195        3.1414407573436840     
   2.9474999904632568        3.1413605613372235        3.1414409486088481     
   2.9505000114440918        3.1413608485111362        3.1414411393557859     
   2.9535000324249268        3.1413611349234452        3.1414413295867032     
   2.9565000534057617        3.1413614205773195        3.1414415193037928     
   2.9595000743865967        3.1413617054759100        3.1414417085092343     
   2.9625000953674316        3.1413619896223497        3.1414418972051945     
   2.9655001163482666        3.1413622730197539        3.1414420853938285     
   2.9684998989105225        3.1413625556487870        3.1414422730623830     
   2.9714999198913574        3.1413628375574545        3.1414424602428181     
   2.9744999408721924        3.1413631187263271        3.1414426469223162     
   2.9774999618530273        3.1413633991584500        3.1414428331029827     
   2.9804999828338623        3.1413636788568509        3.1414430187869105     
   2.9835000038146973        3.1413639578245416        3.1414432039761810     
   2.9865000247955322        3.1413642360645162        3.1414433886728630     
   2.9895000457763672        3.1413645135797523        3.1414435728790138     
   2.9925000667572021        3.1413647903732107        3.1414437565966797     
   2.9955000877380371        3.1413650664478356        3.1414439398278944     
   2.9985001087188721        3.1413653418065546        3.1414441225746796     
