   1.5000000130385160E-003  -6.2641572757577483E-006  -1.4434721327275874E-005
   4.4999998062849045E-003  -3.0678546427629266E-005  -6.3874698714540021E-005
   7.4999998323619366E-003  -7.0946493063596403E-005  -1.4052988980943384E-004
   1.0499999858438969E-002  -1.2707507166944624E-004  -2.4415362827758609E-004
   1.3500000350177288E-002  -1.9907179335580156E-004  -3.7450783220095517E-004
   1.6499999910593033E-002  -2.8694456393717275E-004  -5.3136244593908965E-004
   1.9500000402331352E-002  -3.9070159056578245E-004  -7.1449532642569636E-004
   2.2500000894069672E-002  -5.1035129444351962E-004  -9.2369187549457140E-004
   2.5499999523162842E-002  -6.4590210641133163E-004  -1.1587438352957859E-003
   2.8500000014901161E-002  -7.9736258810390772E-004  -1.4194505771218111E-003
   3.1500000506639481E-002  -9.6474136895836448E-004  -1.7056168140829465E-003
   3.4499999135732651E-002  -1.1480465073598995E-003  -2.0170536582707929E-003
   3.7500001490116119E-002  -1.3472865784054185E-003  -2.3535785464050231E-003
   4.0500000119209290E-002  -1.5624688686995463E-003  -2.7150130678011480E-003
   4.3499998748302460E-002  -1.7936013890879588E-003  -3.1011841208884745E-003
   4.6500001102685928E-002  -2.0406912881374656E-003  -3.5119258142429365E-003
   4.9499999731779099E-002  -2.3037443773104146E-003  -3.9470722438986559E-003
   5.2499998360872269E-002  -2.5827675648036918E-003  -4.4064658413017019E-003
   5.5500000715255737E-002  -2.8777663103775734E-003  -4.8899520045243630E-003
   5.8499999344348907E-002  -3.1887447448335229E-003  -5.3973789510138991E-003
   6.1500001698732376E-002  -3.5157075648818191E-003  -5.9285993180336902E-003
   6.4499996602535248E-002  -3.8586570576995011E-003  -6.4834689675934238E-003
   6.7500002682209015E-002  -4.2175969926206303E-003  -7.0618495705544442E-003
   7.0500001311302185E-002  -4.5925277918628018E-003  -7.6636001707107463E-003
   7.3499999940395355E-002  -4.9834502931172340E-003  -8.2885877808191091E-003
   7.6499998569488525E-002  -5.3903640857987491E-003  -8.9366794263450143E-003
   7.9499997198581696E-002  -5.8132684498484397E-003  -9.6077458740933402E-003
   8.2500003278255463E-002  -6.2521609695868645E-003  -1.0301662850788313E-002
   8.5500001907348633E-002  -6.7070354846219902E-003  -1.1018300241526639E-002
   8.8500000536441803E-002  -7.1778897923742303E-003  -1.1757537152457117E-002
   9.1499999165534973E-002  -7.6647170192580541E-003  -1.2519253793298542E-002
   9.4499997794628143E-002  -8.1675098484804021E-003  -1.3303331478825562E-002
   9.7499996423721313E-002  -8.6862587180113089E-003  -1.4109648870666923E-002
  0.10050000250339508       -9.2209574428382211E-003  -1.4938096803973263E-002
  0.10350000113248825       -9.7715905818150910E-003  -1.5788554378775459E-002
  0.10649999976158142       -1.0338146024999030E-002  -1.6660908882021763E-002
  0.10949999839067459       -1.0920612033523370E-002  -1.7555051495564040E-002
  0.11249999701976776       -1.1518971639000123E-002  -1.8470869811537442E-002
  0.11550000309944153       -1.2133208398086686E-002  -1.9408255647093309E-002
  0.11850000172853470       -1.2763303574849352E-002  -2.0367097714343894E-002
  0.12150000035762787       -1.3409236838507211E-002  -2.1347285230788104E-002
  0.12449999898672104       -1.4070986679722603E-002  -2.2348717758498886E-002
  0.12749999761581421       -1.4748531966735428E-002  -2.3371284272007770E-002
  0.13050000369548798       -1.5441845719531012E-002  -2.4414880537292172E-002
  0.13349999487400055       -1.6150901776780333E-002  -2.5479394222661159E-002
  0.13650000095367432       -1.6875675379760802E-002  -2.6564733973722304E-002
  0.13950000703334808       -1.7616135596471932E-002  -2.7670784795026153E-002
  0.14249999821186066       -1.8372243936546469E-002  -2.8797439092306223E-002
  0.14550000429153442       -1.9143980399411984E-002  -2.9944604557453559E-002
  0.14849999547004700       -1.9931298137353240E-002  -3.1112165726772809E-002
  0.15150000154972076       -2.0734173703376158E-002  -3.2300028348707606E-002
  0.15449999272823334       -2.1552555321893766E-002  -3.3508079337906692E-002
  0.15749999880790710       -2.2386415629500486E-002  -3.4736227793364480E-002
  0.16050000488758087       -2.3235708767982879E-002  -3.5984361304959307E-002
  0.16349999606609344       -2.4100386064821296E-002  -3.7252372285567270E-002
  0.16650000214576721       -2.4980414234567712E-002  -3.8540164934616122E-002
  0.16949999332427979       -2.5875736115445455E-002  -3.9847630795081711E-002
  0.17249999940395355       -2.6786312239255181E-002  -4.1174674359124863E-002
  0.17550000548362732       -2.7712090092737333E-002  -4.2521187412119237E-002
  0.17849999666213989       -2.8653010955010130E-002  -4.3887058771519216E-002
  0.18150000274181366       -2.9609032622441207E-002  -4.5272195259039652E-002
  0.18449999392032623       -3.0580089411744726E-002  -4.6676485142899848E-002
  0.18750000000000000       -3.1566137715989005E-002  -4.8099831074801362E-002
  0.19050000607967377       -3.2567112521991876E-002  -4.9542124247428744E-002
  0.19349999725818634       -3.3582944481062318E-002  -5.1003251382031115E-002
  0.19650000333786011       -3.4613587649587704E-002  -5.2483122854549841E-002
  0.19949999451637268       -3.5658971751824552E-002  -5.3981616372795756E-002
  0.20250000059604645       -3.6719033015094348E-002  -5.5498650592350929E-002
  0.20550000667572021       -3.7793706759270095E-002  -5.7034099027556399E-002
  0.20849999785423279       -3.8882917631279774E-002  -5.8587850313560980E-002
  0.21150000393390656       -3.9986607771512042E-002  -6.0159817700435263E-002
  0.21449999511241913       -4.1104691323926149E-002  -6.1749880922964656E-002
  0.21750000119209290       -4.2237112658213796E-002  -6.3357942584829269E-002
  0.22050000727176666       -4.3383786447090893E-002  -6.4983893703001741E-002
  0.22349999845027924       -4.4544633372129459E-002  -6.6627607964145047E-002
  0.22650000452995300       -4.5719587973149664E-002  -6.8289013483124009E-002
  0.22949999570846558       -4.6908559492242215E-002  -6.9967955744461130E-002
  0.23250000178813934       -4.8111486547486482E-002  -7.1664375983075568E-002
  0.23549999296665192       -4.9328266540989082E-002  -7.3378123042269955E-002
  0.23849999904632568       -5.0558832167543685E-002  -7.5109125385135284E-002
  0.24150000512599945       -5.1803086139078185E-002  -7.6857254640689932E-002
  0.24449999630451202       -5.3060956582637639E-002  -7.8622399671057802E-002
  0.24750000238418579       -5.4332350484201430E-002  -8.0404456336679628E-002
  0.25049999356269836       -5.5617178269692570E-002  -8.2203318564933056E-002
  0.25350001454353333       -5.6915361118234566E-002  -8.4018878426836696E-002
  0.25650000572204590       -5.8226790405302611E-002  -8.5851011568516405E-002
  0.25949999690055847       -5.9551383942946345E-002  -8.7699624424425110E-002
  0.26249998807907104       -6.0889058956404771E-002  -8.9564586273142247E-002
  0.26550000905990601       -6.2239723988891237E-002  -9.1445828034806192E-002
  0.26850000023841858       -6.3603259371706647E-002  -9.3343206719930155E-002
  0.27149999141693115       -6.4979586491857602E-002  -9.5256624136153906E-002
  0.27450001239776611       -6.6368631469663431E-002  -9.7185990103196632E-002
  0.27750000357627869       -6.7770252767949429E-002  -9.9131149307624566E-002
  0.28049999475479126       -6.9184381704088888E-002 -0.10109202726730419     
  0.28349998593330383       -7.0610914677269293E-002 -0.10306851194905013     
  0.28650000691413879       -7.2049755199731058E-002 -0.10506050652235630     
  0.28949999809265137       -7.3500804461638355E-002 -0.10706787774474963     
  0.29249998927116394       -7.4963940168651766E-002 -0.10909052463484864     
  0.29550001025199890       -7.6439103070707698E-002 -0.11112836764095825     
  0.29850000143051147       -7.7926148493850336E-002 -0.11318124667566942     
  0.30149999260902405       -7.9425000207360708E-002 -0.11524910093517575     
  0.30450001358985901       -8.0935573484814088E-002 -0.11733182917958461     
  0.30750000476837158       -8.2457709249963609E-002 -0.11942928843097737     
  0.31049999594688416       -8.3991346365597894E-002 -0.12154139192843914     
  0.31349998712539673       -8.5536377244631506E-002 -0.12366803113733693     
  0.31650000810623169       -8.7092704852395106E-002 -0.12580914165253143     
  0.31949999928474426       -8.8660210077177934E-002 -0.12796457580392406     
  0.32249999046325684       -9.0238785961970866E-002 -0.13013422890621842     
  0.32550001144409180       -9.1828361191075306E-002 -0.13231804163970123     
  0.32850000262260437       -9.3428801621858432E-002 -0.13451586912042079     
  0.33149999380111694       -9.5039999284336069E-002 -0.13672763354536968     
  0.33450001478195190       -9.6661900105025941E-002 -0.13895326608654363     
  0.33750000596046448       -9.8294332026565734E-002 -0.14119259234930015     
  0.34049999713897705       -9.9937241714158076E-002 -0.14344558730577903     
  0.34349998831748962      -0.10159050548670756      -0.14571212047181697     
  0.34650000929832458      -0.10325405096183500      -0.14799214526205626     
  0.34950000047683716      -0.10492773500660034      -0.15028549980003633     
  0.35249999165534973      -0.10661149094413551      -0.15259212546855860     
  0.35550001263618469      -0.10830521756450541      -0.15491195328845961     
  0.35850000381469727      -0.11000878947568207      -0.15724485860168788     
  0.36149999499320984      -0.11172211204414066      -0.15959077651127901     
  0.36449998617172241      -0.11344512614509795      -0.16194959232510744     
  0.36750000715255737      -0.11517769319367421      -0.16432128730428705     
  0.37049999833106995      -0.11691974336477585      -0.16670572229998315     
  0.37349998950958252      -0.11867116116474238      -0.16910281166410931     
  0.37650001049041748      -0.12043189047317711      -0.17151252317226209     
  0.37950000166893005      -0.12220179081900730      -0.17393473268468354     
  0.38249999284744263      -0.12398079598002557      -0.17636939948328448     
  0.38550001382827759      -0.12576882751422178      -0.17881642033941239     
  0.38850000500679016      -0.12756577489203610      -0.18127574381175759     
  0.39149999618530273      -0.12937153968161391      -0.18374726966086957     
  0.39449998736381531      -0.13118608071196272      -0.18623096481040680     
  0.39750000834465027      -0.13300929445189341      -0.18872677156518705     
  0.40049999952316284      -0.13484108922576418      -0.19123458875180857     
  0.40349999070167542      -0.13668138704675020      -0.19375437067377965     
  0.40650001168251038      -0.13853011942782556      -0.19628607789985897     
  0.40950000286102295      -0.14038719904560482      -0.19882960236710179     
  0.41249999403953552      -0.14225256542800083      -0.20138496343308704     
  0.41549998521804810      -0.14412611196262207      -0.20395201705016719     
  0.41850000619888306      -0.14600783739146397      -0.20653082414235779     
  0.42149999737739563      -0.14789759041447520      -0.20912122941755790     
  0.42449998855590820      -0.14979534404649955      -0.21172325641668038     
  0.42750000953674316      -0.15170107445658892      -0.21433685308805875     
  0.43050000071525574      -0.15361461888584615      -0.21696196170686008     
  0.43349999189376831      -0.15553600996094447      -0.21959852741726391     
  0.43650001287460327      -0.15746516509438402      -0.22224659410938413     
  0.43950000405311584      -0.15940199595029775      -0.22490604549549420     
  0.44249999523162842      -0.16134649174350799      -0.22757688835928450     
  0.44549998641014099      -0.16329860024779813      -0.23025907720582142     
  0.44850000739097595      -0.16525827972503615      -0.23295266614029736     
  0.45149999856948853      -0.16722545969573910      -0.23565754593926985     
  0.45449998974800110      -0.16920011507262053      -0.23837371942439273     
  0.45750001072883606      -0.17118221994277735      -0.24110124329582724     
  0.46050000190734863      -0.17317171493720127      -0.24384001144435316     
  0.46349999308586121      -0.17516857303565955      -0.24659007953943848     
  0.46650001406669617      -0.17717280878960212      -0.24935145182268054     
  0.46950000524520874      -0.17918436115413738      -0.25212407167581175     
  0.47249999642372131      -0.18120320073121962      -0.25490797168265655     
  0.47549998760223389      -0.18322932218924820      -0.25770320030063754     
  0.47850000858306885      -0.18526276781593914      -0.26050975047741126     
  0.48149999976158142      -0.18730341446227922      -0.26332757493858922     
  0.48449999094009399      -0.18935134659121508      -0.26615677035511226     
  0.48750001192092896      -0.19140652180839307      -0.26899733360618960     
  0.49050000309944153      -0.19346897155986645      -0.27184928240802447     
  0.49349999427795410      -0.19553866466260653      -0.27471266475003964     
  0.49649998545646667      -0.19761562866717255      -0.27758745871080370     
  0.49950000643730164      -0.19969986959114022      -0.28047385295790800     
  0.50249999761581421      -0.20179145767522322      -0.28337172401640981     
  0.50550001859664917      -0.20389034096500647      -0.28628121596334116     
  0.50849997997283936      -0.20599656077826645      -0.28920231701103821     
  0.51150000095367432      -0.20811021762081988      -0.29213517903638930     
  0.51450002193450928      -0.21023129263393092      -0.29507981863682575     
  0.51749998331069946      -0.21235976651883037      -0.29803619414771498     
  0.52050000429153442      -0.21449580601324936      -0.30100454152578360     
  0.52350002527236938      -0.21663939971277901      -0.30398486657067808     
  0.52649998664855957      -0.21879057816506692      -0.30697720150675045     
  0.52950000762939453      -0.22094945730613505      -0.30998175160453489     
  0.53250002861022949      -0.22311609593997953      -0.31299851721886190     
  0.53549998998641968      -0.22529051268588096      -0.31602753361769698     
  0.53850001096725464      -0.22747283725895556      -0.31906907411668195     
  0.54149997234344482      -0.22966312456464924      -0.32212307715964983     
  0.54449999332427979      -0.23186148697680120      -0.32518977543253497     
  0.54750001430511475      -0.23406802613109634      -0.32826922428886007     
  0.55049997568130493      -0.23628276398631529      -0.33136152492236132     
  0.55349999666213989      -0.23850591298278964      -0.33446687323787733     
  0.55650001764297485      -0.24073753315139626      -0.33758539504217533     
  0.55949997901916504      -0.24297770011034225      -0.34071709630153174     
  0.56250000000000000      -0.24522663370155900      -0.34386232102694758     
  0.56550002098083496      -0.24748440252977133      -0.34702112200183333     
  0.56849998235702515      -0.24975109648266533      -0.35019358218134100     
  0.57150000333786011      -0.25202703601725884      -0.35337998473731741     
  0.57450002431869507      -0.25431218247871390      -0.35658048380104368     
  0.57749998569488525      -0.25660678048504121      -0.35979514003796492     
  0.58050000667572021      -0.25891101855951254      -0.36302430732777580     
  0.58350002765655518      -0.26122499594537085      -0.36626806162321424     
  0.58649998903274536      -0.26354892369162325      -0.36952662016532661     
  0.58950001001358032      -0.26588304782930616      -0.37280017581031938     
  0.59249997138977051      -0.26822745562289041      -0.37608892710828506     
  0.59549999237060547      -0.27058250457594374      -0.37939313490988247     
  0.59850001335144043      -0.27294829270050591      -0.38271306123469345     
  0.60149997472763062      -0.27532500667191478      -0.38604876749296851     
  0.60449999570846558      -0.27771303865462277      -0.38940068183030907     
  0.60750001668930054      -0.28011250005262350      -0.39276901204602976     
  0.61049997806549072      -0.28252361486498001      -0.39615382275327893     
  0.61349999904632568      -0.28494676297900512      -0.39955564176733427     
  0.61650002002716064      -0.28738211223355753      -0.40297459183101031     
  0.61949998140335083      -0.28982996670218808      -0.40641095345051292     
  0.62250000238418579      -0.29229066741751281      -0.40986506852296567     
  0.62550002336502075      -0.29476443844203737      -0.41333721826068143     
  0.62849998474121094      -0.29725159129789391      -0.41682756724541298     
  0.63150000572204590      -0.29975254354408709      -0.42033668519338768     
  0.63450002670288086      -0.30226752449529498      -0.42386473585944079     
  0.63749998807907104      -0.30479685884370078      -0.42741201839012288     
  0.64050000905990601      -0.30734101205090397      -0.43097893731298159     
  0.64349997043609619      -0.30990023412456980      -0.43456581342642853     
  0.64649999141693115      -0.31247501585617843      -0.43817311567338424     
  0.64950001239776611      -0.31506568590299622      -0.44180108294454462     
  0.65249997377395630      -0.31767258197650416      -0.44545003892524931     
  0.65549999475479126      -0.32029628147411898      -0.44912059297405316     
  0.65850001573562622      -0.32293710632947359      -0.45281299146543791     
  0.66149997711181641      -0.32559549335075799      -0.45652763168536215     
  0.66449999809265137      -0.32827195642498136      -0.46026501237745782     
  0.66750001907348633      -0.33096698915704170      -0.46402557460029525     
  0.67049998044967651      -0.33368101250647941      -0.46780961055852788     
  0.67350000143051147      -0.33641457721534296      -0.47161778957300460     
  0.67650002241134644      -0.33916822809575503      -0.47545048269616536     
  0.67949998378753662      -0.34194242394257807      -0.47930812823750946     
  0.68250000476837158      -0.34473781977490386      -0.48319132845209628     
  0.68550002574920654      -0.34755498771679028      -0.48710050035555602     
  0.68849998712539673      -0.35039443575896179      -0.49103616189658633     
  0.69150000810623169      -0.35325690324349612      -0.49499886275399768     
  0.69450002908706665      -0.35614290782883817      -0.49898924398061278     
  0.69749999046325684      -0.35905312218584262      -0.50300768295190423     
  0.70050001144409180      -0.36198837511961290      -0.50705497673083333     
  0.70349997282028198      -0.36494911450902590      -0.51113149093938848     
  0.70649999380111694      -0.36793630203784927      -0.51523800365183281     
  0.70950001478195190      -0.37095058080466642      -0.51937509516738434     
  0.71249997615814209      -0.37399268037975170      -0.52354332303727347     
  0.71549999713897705      -0.37706346012423492      -0.52774342353778247     
  0.71850001811981201      -0.38016376296785120      -0.53197614375796043     
  0.72149997949600220      -0.38329432631355903      -0.53624190148267337     
  0.72450000047683716      -0.38645615121739685      -0.54054165831778411     
  0.72750002145767212      -0.38965013144900429      -0.54487607213220679     
  0.73049998283386230      -0.39287708900020907      -0.54924577716976530     
  0.73350000381469727      -0.39613817648800970      -0.55365168515442820     
  0.73650002479553223      -0.39943422158924413      -0.55809454642455170     
  0.73949998617172241      -0.40276632554820813      -0.56257500361221380     
  0.74250000715255737      -0.40613559035629032      -0.56709399235535629     
  0.74550002813339233      -0.40954307400225110      -0.57165238594140566     
  0.74849998950958252      -0.41298986394375414      -0.57625092445483261     
  0.75150001049041748      -0.41647730507105063      -0.58089064199828799     
  0.75449997186660767      -0.42000640654880239      -0.58557223814372372     
  0.75749999284744263      -0.42357869751994209      -0.59029686912922485     
  0.76050001382827759      -0.42719524780409690      -0.59506535674234418     
  0.76349997520446777      -0.43085751041481585      -0.59987857833449854     
  0.76649999618530273      -0.43456690048624130      -0.60473776444653327     
  0.76950001716613770      -0.43832479842311745      -0.60964371680424612     
  0.77249997854232788      -0.44213278294419972      -0.61459746052442510     
  0.77549999952316284      -0.44599231494522540      -0.61960030901182361     
  0.77850002050399780      -0.44990511545482098      -0.62465316978070662     
  0.78149998188018799      -0.45387274161705932      -0.62975714577102371     
  0.78450000286102295      -0.45789702892054368      -0.63491340743416491     
  0.78750002384185791      -0.46197972459447106      -0.64012324369063422     
  0.79049998521804810      -0.46612252411614408      -0.64538761777684062     
  0.79350000619888306      -0.47032754744696981      -0.65070815676689209     
  0.79650002717971802      -0.47459672515402140      -0.65608571563530071     
  0.79949998855590820      -0.47893204867560685      -0.66152164944350766     
  0.80250000953674316      -0.48333587037939096      -0.66701762123795583     
  0.80549997091293335      -0.48781017389692211      -0.67257453308999293     
  0.80849999189376831      -0.49235736081309273      -0.67819415957307205     
  0.81150001287460327      -0.49697984747212592      -0.68387771975283040     
  0.81449997425079346      -0.50168000036179949      -0.68962655343806445     
  0.81749999523162842      -0.50646054196154389      -0.69544232947207296     
  0.82050001621246338      -0.51132412626539114      -0.70132668409697374     
  0.82349997758865356      -0.51627324148821496      -0.70728078004039652     
  0.82649999856948853      -0.52131133808403729      -0.71330667539374337     
  0.82950001955032349      -0.52644097568646031      -0.71940571943349063     
  0.83249998092651367      -0.53166530909545007      -0.72557943225279187     
  0.83550000190734863      -0.53698782032495029      -0.73183002796741148     
  0.83850002288818359      -0.54241159987963861      -0.73815881311406950     
  0.84149998426437378      -0.54794023004793746      -0.74456750344538170     
  0.84450000524520874      -0.55357756680509307      -0.75105844476925088     
  0.84750002622604370      -0.55932718977700191      -0.75763296406686054     
  0.85049998760223389      -0.56519290450413529      -0.76429310695324248     
  0.85350000858306885      -0.57117907234361254      -0.77104096364745101     
  0.85650002956390381      -0.57728995612188438      -0.77787839423878258     
  0.85949999094009399      -0.58352977939917960      -0.78480737085533026     
  0.86250001192092896      -0.58990332997260786      -0.79183013659294177     
  0.86549997329711914      -0.59641545041643396      -0.79894853155483403     
  0.86849999427795410      -0.60307100740995712      -0.80616488729508573     
  0.87150001525878906      -0.60987534716640390      -0.81348144858485005     
  0.87449997663497925      -0.61683376170399373      -0.82090018178182178     
  0.87749999761581421      -0.62395212026234503      -0.82842366252561783     
  0.88050001859664917      -0.63123628977154966      -0.83605395835083274     
  0.88349997997283936      -0.63869223668692188      -0.84379339224660010     
  0.88650000095367432      -0.64632646791249682      -0.85164462766042870     
  0.88950002193450928      -0.65414557801967388      -0.85960997403651385     
  0.89249998331069946      -0.66215656636738129      -0.86769147765030297     
  0.89550000429153442      -0.67036672179335410      -0.87589221015744889     
  0.89850002527236938      -0.67878344835672522      -0.88421462573393794     
  0.90149998664855957      -0.68741435744096924      -0.89266079870290005     
  0.90450000762939453      -0.69626817567327759      -0.90123382212322178     
  0.90750002861022949      -0.70535291661610722      -0.90993611525966112     
  0.91049998998641968      -0.71467730377704330      -0.91877035980489663     
  0.91350001096725464      -0.72425091364813055      -0.92773929490530938     
  0.91649997234344482      -0.73408290091194839      -0.93684540953435946     
  0.91949999332427979      -0.74418347516371730      -0.94609181869679648     
  0.92250001430511475      -0.75456271268408970      -0.95548089185997853     
  0.92549997568130493      -0.76523118716368677      -0.96501522445475330     
  0.92849999666213989      -0.77620011798323207      -0.97469812164527769     
  0.93150001764297485      -0.78748074043544669      -0.98453184205648481     
  0.93449997901916504      -0.79908474481859770      -0.99451912464195935     
  0.93750000000000000      -0.81102469423055612       -1.0046630249069881     
  0.94050002098083496      -0.82331311758735937       -1.0149663158719200     
  0.94349998235702515      -0.83596252984345487       -1.0254311041656385     
  0.94650000333786011      -0.84898689892464474       -1.0360605601177220     
  0.94950002431869507      -0.86239921468181580       -1.0468571680270435     
  0.95249998569488525      -0.87621385855632583       -1.0578233548449705     
  0.95550000667572021      -0.89044506956248071       -1.0689617933506455     
  0.95850002765655518      -0.90510738209474373       -1.0802751303440232     
  0.96149998903274536      -0.92021498927290779       -1.0917651293060653     
  0.96450001001358032      -0.93578351168554075       -1.1034347807094627     
  0.96749997138977051      -0.95182722912650741       -1.1152856433853877     
  0.97049999237060547      -0.96836177096879250       -1.1273204016451004     
  0.97350001335144043      -0.98540147910531506       -1.1395410500067635     
  0.97649997472763062       -1.0029609481725965       -1.1519485705554142     
  0.97949999570846558       -1.0210551542938953       -1.1645454569195031     
  0.98250001668930054       -1.0396972295789091       -1.1773328545479989     
  0.98549997806549072       -1.0589008276488814       -1.1903120591939120     
  0.98849999904632568       -1.0786777970703521       -1.2034843675303282     
  0.99150002002716064       -1.0990405103424339       -1.2168508916133014     
  0.99449998140335083       -1.1199977733034445       -1.2304117360444218     
  0.99750000238418579       -1.1415596239334049       -1.2441678847826327     
   1.0004999637603760       -1.1637325827861245       -1.2581192796761909     
   1.0034999847412109       -1.1865222150816959       -1.2722659627981636     
   1.0065000057220459       -1.2099307589318486       -1.2866073597716894     
   1.0095000267028809       -1.2339590876928679       -1.3011431664274018     
   1.0125000476837158       -1.2586045172829952       -1.3158719527071114     
   1.0154999494552612       -1.2838605764738773       -1.3307917478485494     
   1.0184999704360962       -1.3097194534397365       -1.3459021317323312     
   1.0214999914169312       -1.3361686458452302       -1.3612002945992470     
   1.0245000123977661       -1.3631913641289781       -1.3766838117086559     
   1.0275000333786011       -1.3907671945412428       -1.3923497751277614     
   1.0305000543594360       -1.4188710650444152       -1.4081948039321335     
   1.0334999561309814       -1.4474730074967737       -1.4242145506649908     
   1.0364999771118164       -1.4765418496709275       -1.4404058611015198     
   1.0394999980926514       -1.5060391075666415       -1.4567634610559903     
   1.0425000190734863       -1.5359226511735922       -1.4732824770874335     
   1.0455000400543213       -1.5661470010398462       -1.4899576359548148     
   1.0484999418258667       -1.5966625189538872       -1.5067812849380331     
   1.0514999628067017       -1.6274181437402300       -1.5237495322545416     
   1.0544999837875366       -1.6583589407335575       -1.5408538472028743     
   1.0575000047683716       -1.6894263099963380       -1.5580878784243646     
   1.0605000257492065       -1.7205633341322399       -1.5754426598063300     
   1.0635000467300415       -1.7517090321446085       -1.5929110028898052     
   1.0664999485015869       -1.7828043545045431       -1.6104834097282203     
   1.0694999694824219       -1.8137909193175654       -1.6281525982495426     
   1.0724999904632568       -1.8446108644982022       -1.6459080812683653     
   1.0755000114440918       -1.8752070425637444       -1.6637407864759002     
   1.0785000324249268       -1.9055269636580003       -1.6816405264606207     
   1.0815000534057617       -1.9355194051626119       -1.6995974380570331     
   1.0844999551773071       -1.9651360334300152       -1.7176001444411115     
   1.0874999761581421       -1.9943353419723506       -1.7356397244630990     
   1.0904999971389771       -2.0230762371331794       -1.7537045005137668     
   1.0935000181198120       -2.0513238774840752       -1.7717843274779177     
   1.0965000391006470       -2.0790475911869679       -1.7898677709312225     
   1.0994999408721924       -2.1062186973085586       -1.8079431662691323     
   1.1024999618530273       -2.1328171521011092       -1.8260012022419636     
   1.1054999828338623       -2.1588239683040027       -1.8440304535016232     
   1.1085000038146973       -2.1842242057632437       -1.8620195527170067     
   1.1115000247955322       -2.2090068468381712       -1.8799583712092105     
   1.1145000457763672       -2.2331654729285457       -1.8978364796308675     
   1.1174999475479126       -2.2566953293764405       -1.9156420944029251     
   1.1204999685287476       -2.2795967480695052       -1.9333674891321839     
   1.1234999895095825       -2.3018704615122298       -1.9510013289762789     
   1.1265000104904175       -2.3235209045533063       -1.9685347902033723     
   1.1295000314712524       -2.3445541504155236       -1.9859583913754459     
   1.1325000524520874       -2.3649782405564435       -2.0032632030176507     
   1.1354999542236328       -2.3848018766996981       -2.0204402427750239     
   1.1384999752044678       -2.4040373771415169       -2.0374830281954810     
   1.1414999961853027       -2.4226961785622203       -2.0543826648549643     
   1.1445000171661377       -2.4407911017755461       -2.0711323133948576     
   1.1475000381469727       -2.4583357154384777       -2.0877251231054377     
   1.1505000591278076       -2.4753437129858544       -2.1041551105254066     
   1.1534999608993530       -2.4918292825845758       -2.1204150157574437     
   1.1564999818801880       -2.5078088121192219       -2.1365011923839896     
   1.1595000028610229       -2.5232960932478421       -2.1524080043531018     
   1.1625000238418579       -2.5383061768294821       -2.1681307733375363     
   1.1655000448226929       -2.5528541910331328       -2.1836653573389024     
   1.1684999465942383       -2.5669541227701211       -2.1990073106219361     
   1.1714999675750732       -2.5806218236079763       -2.2141549718613711     
   1.1744999885559082       -2.5938711858126191       -2.2291046757314428     
   1.1775000095367432       -2.6067161646995811       -2.2438540648623913     
   1.1805000305175781       -2.6191704543582093       -2.2584011938932664     
   1.1835000514984131       -2.6312477135511205       -2.2727443248857750     
   1.1864999532699585       -2.6429607511832747       -2.2868813610258050     
   1.1894999742507935       -2.6543233200070646       -2.3008126996111637     
   1.1924999952316284       -2.6653466896681581       -2.3145371650669229     
   1.1955000162124634       -2.6760435809933640       -2.3280544076121714     
   1.1985000371932983       -2.6864251588019572       -2.3413646090113294     
   1.2015000581741333       -2.6965028575083734       -2.3544674860852037     
   1.2044999599456787       -2.7062870053620038       -2.3673634188050370     
   1.2074999809265137       -2.7157888195400384       -2.3800541604262890     
   1.2105000019073486       -2.7250180864691038       -2.3925400274242556     
   1.2135000228881836       -2.7339843222619251       -2.4048224806184502     
   1.2165000438690186       -2.7426971911343818       -2.4169026067683221     
   1.2194999456405640       -2.7511649055268150       -2.4287815726182780     
   1.2224999666213989       -2.7593970488493369       -2.4404620059765127     
   1.2254999876022339       -2.7674014492453294       -2.4519455076685297     
   1.2285000085830688       -2.7751863954297740       -2.4632337084843323     
   1.2315000295639038       -2.7827590938794056       -2.4743290634521835     
   1.2345000505447388       -2.7901272374926704       -2.4852335854588383     
   1.2374999523162842       -2.7972973819331299       -2.4959493741484082     
   1.2404999732971191       -2.8042770780360624       -2.5064793635169527     
   1.2434999942779541       -2.8110725348882597       -2.5168260733787733     
   1.2465000152587891       -2.8176900233651696       -2.5269915985954441     
   1.2495000362396240       -2.8241354892973796       -2.5369788054732041     
   1.2525000572204590       -2.8304147997495468       -2.5467901932934658     
   1.2554999589920044       -2.8365330323111797       -2.5564280896527913     
   1.2584999799728394       -2.8424963174135924       -2.5658959507835375     
   1.2615000009536743       -2.8483093719539094       -2.5751962296934252     
   1.2645000219345093       -2.8539770842364356       -2.5843316827027389     
   1.2675000429153442       -2.8595043361730328       -2.5933048826918927     
   1.2704999446868896       -2.8648950966313196       -2.6021182739851048     
   1.2734999656677246       -2.8701546331780348       -2.6107753955092488     
   1.2764999866485596       -2.8752865643783316       -2.6192787032708100     
   1.2795000076293945       -2.8802949881013782       -2.6276307985634912     
   1.2825000286102295       -2.8851838399642702       -2.6358345163129226     
   1.2855000495910645       -2.8899567990019017       -2.6438923639797705     
   1.2884999513626099       -2.8946173297913105       -2.6518068437846973     
   1.2914999723434448       -2.8991691429353335       -2.6595814647410738     
   1.2944999933242798       -2.9036153951287096       -2.6672180192444919     
   1.2975000143051147       -2.9079592367937073       -2.6747195927062952     
   1.3005000352859497       -2.9122038913754817       -2.6820885659088196     
   1.3035000562667847       -2.9163521394465954       -2.6893275418767248     
   1.3064999580383301       -2.9204067747885576       -2.6964385793640080     
   1.3094999790191650       -2.9243707449408323       -2.7034248355415103     
   1.3125000000000000       -2.9282465821461199       -2.7102885627806699     
   1.3155000209808350       -2.9320368862887993       -2.7170318460743079     
   1.3185000419616699       -2.9357439678749189       -2.7236573494534406     
   1.3214999437332153       -2.9393702810486757       -2.7301670954284867     
   1.3244999647140503       -2.9429181404735667       -2.7365637946146260     
   1.3274999856948853       -2.9463897076803218       -2.7428493048124820     
   1.3305000066757202       -2.9497870793985030       -2.7490260559337676     
   1.3335000276565552       -2.9531123798745931       -2.7550959372613035     
   1.3365000486373901       -2.9563674256045807       -2.7610613913052471     
   1.3394999504089355       -2.9595540983436397       -2.7669239406271986     
   1.3424999713897705       -2.9626744932321296       -2.7726863158277255     
   1.3454999923706055       -2.9657302444000617       -2.7783502302697358     
   1.3485000133514404       -2.9687230837186851       -2.7839175176219939     
   1.3515000343322754       -2.9716545630360813       -2.7893901683511282     
   1.3545000553131104       -2.9745264675767262       -2.7947700058125284     
   1.3574999570846558       -2.9773400685501308       -2.8000587685209397     
   1.3604999780654907       -2.9800971942858347       -2.8052586917575608     
   1.3634999990463257       -2.9827991307612329       -2.8103712498366464     
   1.3665000200271606       -2.9854472966461731       -2.8153980544580448     
   1.3695000410079956       -2.9880430056538456       -2.8203409463897589     
   1.3724999427795410       -2.9905875544460421       -2.8252013605671422     
   1.3754999637603760       -2.9930823364212769       -2.8299812635067569     
   1.3784999847412109       -2.9955285099243785       -2.8346820759769145     
   1.3815000057220459       -2.9979272773124701       -2.8393052904147944     
   1.3845000267028809       -3.0002797924648776       -2.8438523971766680     
   1.3875000476837158       -3.0025871236098807       -2.8483250016542092     
   1.3904999494552612       -3.0048503268702218       -2.8527242085766793     
   1.3934999704360962       -3.0070706379933800       -2.8570518882589986     
   1.3964999914169312       -3.0092489372803501       -2.8613092074200606     
   1.3995000123977661       -3.0113862359446308       -2.8654975412056496     
   1.4025000333786011       -3.0134835126751844       -2.8696181600097250     
   1.4055000543594360       -3.0155416459125686       -2.8736724217646454     
   1.4084999561309814       -3.0175614977659091       -2.8776613663766288     
   1.4114999771118164       -3.0195441154511582       -2.8815865783131818     
   1.4144999980926514       -3.0214902349173443       -2.8854491104248106     
   1.4175000190734863       -3.0234007065344972       -2.8892500928591804     
   1.4205000400543213       -3.0252763055931950       -2.8929907644168908     
   1.4234999418258667       -3.0271177732549872       -2.8966719900779552     
   1.4264999628067017       -3.0289260090000152       -2.9002952375354618     
   1.4294999837875366       -3.0307016606300912       -2.9038614728027339     
   1.4325000047683716       -3.0324454321602210       -2.9073716412531887     
   1.4355000257492065       -3.0341580334305061       -2.9108267899764124     
   1.4385000467300415       -3.0358401489616638       -2.9142280461871990     
   1.4414999485015869       -3.0374923687355619       -2.9175761649540468     
   1.4444999694824219       -3.0391154532383751       -2.9208723326344783     
   1.4474999904632568       -3.0407099587699720       -2.9241174520736215     
   1.4505000114440918       -3.0422764961612874       -2.9273124210847392     
   1.4535000324249268       -3.0438156673811751       -2.9304580708679793     
   1.4565000534057617       -3.0453280415203476       -2.9335553433515722     
   1.4594999551773071       -3.0468141003608618       -2.9366049768027871     
   1.4624999761581421       -3.0482745424593545       -2.9396079914544435     
   1.4654999971389771       -3.0497098012251427       -2.9425652142110348     
   1.4685000181198120       -3.0511204284339692       -2.9454773014451141     
   1.4715000391006470       -3.0525068853102835       -2.9483451190910768     
   1.4744999408721924       -3.0538696603044193       -2.9511693219600228     
   1.4774999618530273       -3.0552093064948100       -2.9539509044769923     
   1.4804999828338623       -3.0565262456408493       -2.9566904238926970     
   1.4835000038146973       -3.0578209443016005       -2.9593887102392680     
   1.4865000247955322       -3.0590938116742272       -2.9620463549257017     
   1.4895000457763672       -3.0603453143226371       -2.9646641146933170     
   1.4924999475479126       -3.0615758295239184       -2.9672425467576993     
   1.4954999685287476       -3.0627858433874868       -2.9697825211634110     
   1.4984999895095825       -3.0639757186972036       -2.9722845882829882     
   1.5015000104904175       -3.0651458421918112       -2.9747493824905287     
   1.5045000314712524       -3.0662966096410829       -2.9771774780704354     
   1.5075000524520874       -3.0674284174557171       -2.9795695408404836     
   1.5104999542236328       -3.0685415363182256       -2.9819260630722555     
   1.5134999752044678       -3.0696364231856830       -2.9842477961287441     
   1.5164999961853027       -3.0707134268809222       -2.9865352294385401     
   1.5195000171661377       -3.0717728331049585       -2.9887888985988984     
   1.5225000381469727       -3.0728150297593086       -2.9910094010839989     
   1.5255000591278076       -3.0738402878650093       -2.9931972294536147     
   1.5284999608993530       -3.0748489298605350       -2.9953528322308327     
   1.5314999818801880       -3.0758413140185454       -2.9974768987936811     
   1.5345000028610229       -3.0768177273882555       -2.9995698555869472     
   1.5375000238418579       -3.0777784818074285       -3.0016322045332946     
   1.5405000448226929       -3.0787238191163224       -3.0036643839878510     
   1.5434999465942383       -3.0796540275270403       -3.0056668330094531     
   1.5464999675750732       -3.0805694563322841       -3.0076401703209763     
   1.5494999885559082       -3.0814703238823191       -3.0095847806665312     
   1.5525000095367432       -3.0823569158375821       -3.0115010652252399     
   1.5555000305175781       -3.0832294778460003       -3.0133894990240133     
   1.5585000514984131       -3.0840882767287141       -3.0152505210198668     
   1.5614999532699585       -3.0849335354112237       -3.0170844679742750     
   1.5644999742507935       -3.0857655505768249       -3.0188918888627962     
   1.5674999952316284       -3.0865845375206677       -3.0206731391487032     
   1.5705000162124634       -3.0873907272633043       -3.0224285895000524     
   1.5735000371932983       -3.0881843490307790       -3.0241586247873506     
   1.5765000581741333       -3.0889656475447134       -3.0258636713132145     
   1.5794999599456787       -3.0897347959011490       -3.0275440070641184     
   1.5824999809265137       -3.0904920626558883       -3.0292001352682023     
   1.5855000019073486       -3.0912376519550575       -3.0308323865344815     
   1.5885000228881836       -3.0919717748548150       -3.0324410461539899     
   1.5915000438690186       -3.0926946110994713       -3.0340265260599208     
   1.5944999456405640       -3.0934063460440546       -3.0355890593334127     
   1.5974999666213989       -3.0941072416809741       -3.0371291486619891     
   1.6004999876022339       -3.0947974445130941       -3.0386470397471355     
   1.6035000085830688       -3.0954771573483475       -3.0401430662821483     
   1.6065000295639038       -3.0961465655012885       -3.0416175306122999     
   1.6095000505447388       -3.0968058398354676       -3.0430707507387407     
   1.6124999523162842       -3.0974551437780495       -3.0445029784313369     
   1.6154999732971191       -3.0980946946617203       -3.0459146352904924     
   1.6184999942779541       -3.0987246517397242       -3.0473059516813157     
   1.6215000152587891       -3.0993451753194510       -3.0486772190580074     
   1.6245000362396240       -3.0999564216898947       -3.0500287323586202     
   1.6275000572204590       -3.1005585766502826       -3.0513607590175176     
   1.6304999589920044       -3.1011517524004062       -3.0526735246094363     
   1.6334999799728394       -3.1017361709994367       -3.0539674188110006     
   1.6365000009536743       -3.1023119477974785       -3.0552426440028295     
   1.6395000219345093       -3.1028792465263697       -3.0564994510578130     
   1.6425000429153442       -3.1034382069746664       -3.0577381318291521     
   1.6454999446868896       -3.1039889577067674       -3.0589588661040432     
   1.6484999656677246       -3.1045316799071494       -3.0601619804087639     
   1.6514999866485596       -3.1050665019095121       -3.0613477296140252     
   1.6545000076293945       -3.1055935499751541       -3.0625163214721698     
   1.6575000286102295       -3.1061129705391832       -3.0636679695003943     
   1.6605000495910645       -3.1066248928058946       -3.0648029370250787     
   1.6634999513626099       -3.1071294277201256       -3.0659214004835253     
   1.6664999723434448       -3.1076267413908640       -3.0670236724804782     
   1.6694999933242798       -3.1081169400432294       -3.0681099298296068     
   1.6725000143051147       -3.1086001567026846       -3.0691804006942731     
   1.6755000352859497       -3.1090765061762280       -3.0702352963930211     
   1.6785000562667847       -3.1095461095659149       -3.0712748039770768     
   1.6814999580383301       -3.1100090701260248       -3.0722991300408395     
   1.6844999790191650       -3.1104655334939793       -3.0733085417153689     
   1.6875000000000000       -3.1109156004818939       -3.0743031837843793     
   1.6905000209808350       -3.1113593882140007       -3.0752832903775706     
   1.6935000419616699       -3.1117969939401475       -3.0762490232823207     
   1.6964999437332153       -3.1122285226236950       -3.0772005707831802     
   1.6994999647140503       -3.1126541046741392       -3.0781381626065532     
   1.7024999856948853       -3.1130738346971811       -3.0790619733544595     
   1.7055000066757202       -3.1134878169225102       -3.0799721770966748     
   1.7085000276565552       -3.1138961460902257       -3.0808689535783929     
   1.7115000486373901       -3.1142989311159037       -3.0817524863059553     
   1.7144999504089355       -3.1146962448479418       -3.0826229058007959     
   1.7174999713897705       -3.1150882267717246       -3.0834804745364419     
   1.7204999923706055       -3.1154749438639278       -3.0843253075930424     
   1.7235000133514404       -3.1158564993664211       -3.0851575790971730     
   1.7265000343322754       -3.1162329756333875       -3.0859774640375903     
   1.7295000553131104       -3.1166044740781951       -3.0867851244127067     
   1.7324999570846558       -3.1169710614987354       -3.0875806710711671     
   1.7354999780654907       -3.1173328523396737       -3.0883643545049915     
   1.7384999990463257       -3.1176899337681090       -3.0891362780253848     
   1.7415000200271606       -3.1180423759354694       -3.0898965991517118     
   1.7445000410079956       -3.1183902640798777       -3.0906454765097817     
   1.7474999427795410       -3.1187336680815547       -3.0913830269509979     
   1.7504999637603760       -3.1190727009210533       -3.0921094638209370     
   1.7534999847412109       -3.1194074189894252       -3.0928249017483633     
   1.7565000057220459       -3.1197379092036481       -3.0935294722018076     
   1.7595000267028809       -3.1200642469985835       -3.0942233243169026     
   1.7625000476837158       -3.1203865023063435       -3.0949066031509598     
   1.7654999494552612       -3.1207047425410295       -3.0955794203160103     
   1.7684999704360962       -3.1210190582991237       -3.0962419538014814     
   1.7714999914169312       -3.1213295190961023       -3.0968943326970195     
   1.7745000123977661       -3.1216361951395784       -3.0975366700912770     
   1.7775000333786011       -3.1219391494502067       -3.0981691042749726     
   1.7805000543594360       -3.1222384551145232       -3.0987917630638888     
   1.7834999561309814       -3.1225341671190496       -3.0994047601866224     
   1.7864999771118164       -3.1228263699027776       -3.1000082489218190     
   1.7894999980926514       -3.1231151252263798       -3.1006023494509014     
   1.7925000190734863       -3.1234004920308882       -3.1011871796286083     
   1.7955000400543213       -3.1236825374414336       -3.1017628591664987     
   1.7984999418258667       -3.1239613105136916       -3.1023294796096788     
   1.8014999628067017       -3.1242368925138932       -3.1028872070009395     
   1.8044999837875366       -3.1245093344167589       -3.1034361476319603     
   1.8075000047683716       -3.1247786956958334       -3.1039764066418623     
   1.8105000257492065       -3.1250450336674116       -3.1045080979542821     
   1.8135000467300415       -3.1253084039189796       -3.1050313311615665     
   1.8164999485015869       -3.1255688530746859       -3.1055462056449694     
   1.8194999694824219       -3.1258264587523210       -3.1060528639654938     
   1.8224999904632568       -3.1260812644408476       -3.1065514058008405     
   1.8255000114440918       -3.1263333194592526       -3.1070419296790881     
   1.8285000324249268       -3.1265826826997927       -3.1075245433614631     
   1.8315000534057617       -3.1268294004326731       -3.1079993493976210     
   1.8344999551773071       -3.1270735121060254       -3.1084664414056089     
   1.8374999761581421       -3.1273150944269279       -3.1089259441037056     
   1.8404999971389771       -3.1275541779528364       -3.1093779576414002     
   1.8435000181198120       -3.1277908166902311       -3.1098225718374426     
   1.8465000391006470       -3.1280250543744654       -3.1102598880390335     
   1.8494999408721924       -3.1282569274359897       -3.1106899896749791     
   1.8524999618530273       -3.1284865009836778       -3.1111130058489791     
   1.8554999828338623       -3.1287138101393102       -3.1115290163721570     
   1.8585000038146973       -3.1289388968304004       -3.1119381141819193     
   1.8615000247955322       -3.1291618095632630       -3.1123403902145972     
   1.8645000457763672       -3.1293825823145172       -3.1127359434368636     
   1.8674999475479126       -3.1296012495055385       -3.1131248496760975     
   1.8704999685287476       -3.1298178754242660       -3.1135072280753295     
   1.8734999895095825       -3.1300324823917203       -3.1138831513000351     
   1.8765000104904175       -3.1302451125972572       -3.1142527132129914     
   1.8795000314712524       -3.1304558056428355       -3.1146159987787025     
   1.8825000524520874       -3.1306645973452514       -3.1149730985945263     
   1.8854999542236328       -3.1308715142563384       -3.1153240799377877     
   1.8884999752044678       -3.1310766092436206       -3.1156690593107239     
   1.8914999961853027       -3.1312799110857998       -3.1160081056754487     
   1.8945000171661377       -3.1314814504699182       -3.1163413092162848     
   1.8975000381469727       -3.1316812645895271       -3.1166687395554442     
   1.9005000591278076       -3.1318793815006174       -3.1169904940311888     
   1.9034999608993530       -3.1320758279479848       -3.1173066287846209     
   1.9064999818801880       -3.1322706524348756       -3.1176172549969223     
   1.9095000028610229       -3.1324638745176232       -3.1179224461303416     
   1.9125000238418579       -3.1326555249578476       -3.1182222695394701     
   1.9155000448226929       -3.1328456340859612       -3.1185168078851389     
   1.9184999465942383       -3.1330342194593466       -3.1188061302777106     
   1.9214999675750732       -3.1332213260409505       -3.1190903304439535     
   1.9244999885559082       -3.1334069721607398       -3.1193694856447176     
   1.9275000095367432       -3.1335911847951765       -3.1196436532717580     
   1.9305000305175781       -3.1337739874378845       -3.1199129229416234     
   1.9335000514984131       -3.1339554088940464       -3.1201773619780666     
   1.9364999532699585       -3.1341354614645942       -3.1204370361176372     
   1.9394999742507935       -3.1343141833302064       -3.1206920375166045     
   1.9424999952316284       -3.1344915944767577       -3.1209424249361879     
   1.9455000162124634       -3.1346677121290027       -3.1211882796922015     
   1.9485000371932983       -3.1348425584562598       -3.1214296590664268     
   1.9515000581741333       -3.1350161547717073       -3.1216666463432166     
   1.9544999599456787       -3.1351885158126738       -3.1218992958301977     
   1.9574999809265137       -3.1353596711382674       -3.1221276962090445     
   1.9605000019073486       -3.1355296346876744       -3.1223519084418951     
   1.9635000228881836       -3.1356984249110624       -3.1225719967046195     
   1.9665000438690186       -3.1358660569868304       -3.1227880328873496     
   1.9694999456405640       -3.1360325433197453       -3.1230000731410059     
   1.9724999666213989       -3.1361979113138179       -3.1232082010644135     
   1.9754999876022339       -3.1363621701090172       -3.1234124764282845     
   1.9785000085830688       -3.1365253344956314       -3.1236129635189140     
   1.9815000295639038       -3.1366874194332572       -3.1238097309916544     
   1.9845000505447388       -3.1368484364805225       -3.1240028355068450     
   1.9874999523162842       -3.1370083935558251       -3.1241923392558304     
   1.9904999732971191       -3.1371673140954881       -3.1243783186623331     
   1.9934999942779541       -3.1373252049294091       -3.1245608312087150     
   1.9965000152587891       -3.1374820749758321       -3.1247399423381084     
   1.9995000362396240       -3.1376379356534185       -3.1249157093386124     
   2.0025000572204590       -3.1377927964796570       -3.1250881978037914     
   2.0055000782012939       -3.1379466656751709       -3.1252574633542611     
   2.0085000991821289       -3.1380995522841291       -3.1254235756791746     
   2.0114998817443848       -3.1382514518465507       -3.1255865775030611     
   2.0144999027252197       -3.1384023954035376       -3.1257465541545137     
   2.0174999237060547       -3.1385523768510346       -3.1259035568182902     
   2.0204999446868896       -3.1387014028357769       -3.1260576419388073     
   2.0234999656677246       -3.1388494775190381       -3.1262088693702283     
   2.0264999866485596       -3.1389966065903181       -3.1263572982687307     
   2.0295000076293945       -3.1391427935154530       -3.1265029870693559     
   2.0325000286102295       -3.1392880412053406       -3.1266459934298494     
   2.0355000495910645       -3.1394323526398895       -3.1267863771723019     
   2.0385000705718994       -3.1395757300890010       -3.1269241917540822     
   2.0415000915527344       -3.1397181753266659       -3.1270594970287307     
   2.0445001125335693       -3.1398596884279053       -3.1271923504580781     
   2.0474998950958252       -3.1400002593519067       -3.1273227983176035     
   2.0504999160766602       -3.1401399100401095       -3.1274509171754588     
   2.0534999370574951       -3.1402786278911266       -3.1275767503211642     
   2.0564999580383301       -3.1404164114471667       -3.1277003556566556     
   2.0594999790191650       -3.1411695356099822       -3.1278217885161879     
   2.0625000000000000       -3.1411706801663661       -3.1279411015981675     
   2.0655000209808350       -3.1411718194644771       -3.1280583541493985     
   2.0685000419616699       -3.1411729535455399       -3.1281735988198283     
   2.0715000629425049       -3.1411740824503247       -3.1282868849048655     
   2.0745000839233398       -3.1411752062191547       -3.1283982736392502     
   2.0775001049041748       -3.1411763248919100       -3.1285078158739448     
   2.0804998874664307       -3.1411774384338509       -3.1286155541464145     
   2.0834999084472656       -3.1411785470327769       -3.1287215654526270     
   2.0864999294281006       -3.1411796506526763       -3.1288258878383690     
   2.0894999504089355       -3.1411807493317228       -3.1289285753471674     
   2.0924999713897705       -3.1411818431076761       -3.1290296838692351     
   2.0954999923706055       -3.1411829320668927       -3.1291292637599004     
   2.0985000133514404       -3.1411840161969429       -3.1292273656272820     
   2.1015000343322754       -3.1411850955830101       -3.1293240432313980     
   2.1045000553131104       -3.1411861701153856       -3.1294193471681275     
   2.1075000762939453       -3.1411872400239802       -3.1295133317044663     
   2.1105000972747803       -3.1411883052469465       -3.1296060472380502     
   2.1135001182556152       -3.1411893658193133       -3.1296975406972267     
   2.1164999008178711       -3.1411904217540054       -3.1297878610024692     
   2.1194999217987061       -3.1411914731289738       -3.1298770714217232     
   2.1224999427795410       -3.1411925200035591       -3.1299652174356454     
   2.1254999637603760       -3.1411935623636373       -3.1300523463145993     
   2.1284999847412109       -3.1411946002424340       -3.1301385096958625     
   2.1315000057220459       -3.1411956336728282       -3.1302237591296715     
   2.1345000267028809       -3.1411966626873551       -3.1303081439401179     
   2.1375000476837158       -3.1411976872717626       -3.1303917114239015     
   2.1405000686645508       -3.1411987075972645       -3.1304745147466573     
   2.1435000896453857       -3.1411997235560452       -3.1305566020121520     
   2.1465001106262207       -3.1412007351798352       -3.1306380246583392     
   2.1494998931884766       -3.1412017424803462       -3.1307188205142942     
   2.1524999141693115       -3.1412027455738047       -3.1307990564987813     
   2.1554999351501465       -3.1412037445160093       -3.1308787740901254     
   2.1584999561309814       -3.1412047392459037       -3.1309580208498717     
   2.1614999771118164       -3.1412057297485565       -3.1310368460183247     
   2.1644999980926514       -3.1412067161890409       -3.1311152980023933     
   2.1675000190734863       -3.1412076984616597       -3.1311934278479585     
   2.1705000400543213       -3.1412086765961504       -3.1312712796316937     
   2.1735000610351562       -3.1412096507107776       -3.1313489061722919     
   2.1765000820159912       -3.1412106207894488       -3.1314263515751577     
   2.1795001029968262       -3.1412115868164401       -3.1315036669771454     
   2.1824998855590820       -3.1412125487585350       -3.1315808918506094     
   2.1854999065399170       -3.1412135067678961       -3.1316580883088041     
   2.1884999275207520       -3.1412144608540222       -3.1317352991061798     
   2.1914999485015869       -3.1412154109572636       -3.1318125680199422     
   2.1944999694824219       -3.1412163571488292       -3.1318899447601307     
   2.1974999904632568       -3.1412172994990191       -3.1319674759202929     
   2.2005000114440918       -3.1412182378623776       -3.1320452106421661     
   2.2035000324249268       -3.1412191723953979       -3.1321231932090203     
   2.2065000534057617       -3.1412201030817903       -3.1322014748429985     
   2.2095000743865967       -3.1412210299056236       -3.1322800999103775     
   2.2125000953674316       -3.1412219529360268       -3.1323591160975242     
   2.2155001163482666       -3.1412228721568547       -3.1324385698853070     
   2.2184998989105225       -3.1412237875362585       -3.1325185012737453     
   2.2214999198913574       -3.1412246992167443       -3.1325989713739615     
   2.2244999408721924       -3.1412256071239129       -3.1326800184775512     
   2.2274999618530273       -3.1412265113253102       -3.1327616919166981     
   2.2304999828338623       -3.1412274117632872       -3.1328440355533198     
   2.2335000038146973       -3.1412283085050405       -3.1329270960578302     
   2.2365000247955322       -3.1412292015346179       -3.1330109208007544     
   2.2395000457763672       -3.1412300909184272       -3.1330955553878761     
   2.2425000667572021       -3.1412309766403248       -3.1331810461524059     
   2.2455000877380371       -3.1412318586437906       -3.1332674391005426     
   2.2485001087188721       -3.1412327370355153       -3.1333547797748462     
   2.2514998912811279       -3.1412336117445010       -3.1334431071786768     
   2.2544999122619629       -3.1412344828653724       -3.1335324794842530     
   2.2574999332427979       -3.1412353504078236       -3.1336229391797823     
   2.2604999542236328       -3.1412362143160073       -3.1337145284752141     
   2.2634999752044678       -3.1412370746545664       -3.1338072936929775     
   2.2664999961853027       -3.1412379314078982       -3.1339012809986873     
   2.2695000171661377       -3.1412387846003158       -3.1339965350887282     
   2.2725000381469727       -3.1412396342164506       -3.1340931005792738     
   2.2755000591278076       -3.1412404802412559       -3.1341910228991150     
   2.2785000801086426       -3.1412413228167133       -3.1342903469644345     
   2.2815001010894775       -3.1412421618096524       -3.1343911173636005     
   2.2844998836517334       -3.1412429971923364       -3.1344933712892611     
   2.2874999046325684       -3.1412438290934630       -3.1345971696788988     
   2.2904999256134033       -3.1412446575232287       -3.1347025477079362     
   2.2934999465942383       -3.1412454824664504       -3.1348095507647713     
   2.2964999675750732       -3.1412463038698797       -3.1349182231623809     
   2.2994999885559082       -3.1412471217575888       -3.1350286081761300     
   2.3025000095367432       -3.1412479362296510       -3.1351407497305726     
   2.3055000305175781       -3.1412487471569763       -3.1352546934016217     
   2.3085000514984131       -3.1412495546016026       -3.1353704799338216     
   2.3115000724792480       -3.1412503586248297       -3.1354881555281180     
   2.3145000934600830       -3.1412511591744305       -3.1356077616277376     
   2.3175001144409180       -3.1412519561989800       -3.1357293432991780     
   2.3204998970031738       -3.1412527497853233       -3.1358529313643588     
   2.3234999179840088       -3.1412535399060206       -3.1359785898752466     
   2.3264999389648438       -3.1412543266097748       -3.1361063514701906     
   2.3294999599456787       -3.1412551098826413       -3.1362362587929162     
   2.3324999809265137       -3.1412558896741074       -3.1363683534528866     
   2.3355000019073486       -3.1412566660446073       -3.1365026788989043     
   2.3385000228881836       -3.1412574389806598       -3.1366392760620401     
   2.3415000438690186       -3.1412582084325695       -3.1367781864203272     
   2.3445000648498535       -3.1412589744604822       -3.1369194523635793     
   2.3475000858306885       -3.1412597370875992       -3.1370631138917524     
   2.3505001068115234       -3.1412604962285355       -3.1372092129784828     
   2.3534998893737793       -3.1412612518963234       -3.1373577787532105     
   2.3564999103546143       -3.1412620042080754       -3.1375088741036872     
   2.3594999313354492       -3.1412627530682724       -3.1376625286780686     
   2.3624999523162842       -3.1412634985004537       -3.1378187823612089     
   2.3654999732971191       -3.1412642405279407       -3.1379776745694539     
   2.3684999942779541       -3.1412649790675644       -3.1381122775307007     
   2.3715000152587891       -3.1412657142138687       -3.1382764368327294     
   2.3745000362396240       -3.1412664458842783       -3.1384434923462181     
   2.3775000572204590       -3.1412671741727847       -3.1386134893078883     
   2.3805000782012939       -3.1412678989973957       -3.1387864737041866     
   2.3835000991821289       -3.1412686203818301       -3.1389624920001777     
   2.3864998817443848       -3.1412693382355252       -3.1391415749411440     
   2.3894999027252197       -3.1412700527410182       -3.1393237971052721     
   2.3924999237060547       -3.1412707638075492       -3.1395091908071584     
   2.3954999446868896       -3.1412714713897705       -3.1396978016507839     
   2.3984999656677246       -3.1412721755459256       -3.1398896755867880     
   2.4014999866485596       -3.1412728762309805       -3.1400848589095745     
   2.4045000076293945       -3.1412735734687391       -3.1413896211633214     
   2.4075000286102295       -3.1412742672487863       -3.1413899730684465     
   2.4105000495910645       -3.1412749575270156       -3.1413903236332756     
   2.4135000705718994       -3.1412756443950807       -3.1413906728658434     
   2.4165000915527344       -3.1412763277414806       -3.1413910207741180     
   2.4195001125335693       -3.1412770076576249       -3.1413913673660026     
   2.4224998950958252       -3.1412776839907193       -3.1413917126219473     
   2.4254999160766602       -3.1412783568833054       -3.1413920566046087     
   2.4284999370574951       -3.1412790262835060       -3.1413923992942063     
   2.4314999580383301       -3.1412796921820902       -3.1413927406983908     
   2.4344999790191650       -3.1412803546030732       -3.1413930808247503     
   2.4375000000000000       -3.1412810135042868       -3.1413934196808131     
   2.4405000209808350       -3.1412816688770002       -3.1413937572740460     
   2.4435000419616699       -3.1412823207126404       -3.1413940936118561     
   2.4465000629425049       -3.1412829690354727       -3.1413944287015916     
   2.4495000839233398       -3.1412836138043505       -3.1413947625505423     
   2.4525001049041748       -3.1412842550111510       -3.1413950951659393     
   2.4554998874664307       -3.1412848926723158       -3.1413954265286694     
   2.4584999084472656       -3.1412855267957434       -3.1413957566985218     
   2.4614999294281006       -3.1412861573009732       -3.1413960856561718     
   2.4644999504089355       -3.1412867842770602       -3.1413964134086254     
   2.4674999713897705       -3.1412874076199184       -3.1413967399628322     
   2.4704999923706055       -3.1412880274502322       -3.1413970653256880     
   2.4735000133514404       -3.1412886436007468       -3.1413973895040335     
   2.4765000343322754       -3.1412892561601691       -3.1413977125046570     
   2.4795000553131104       -3.1412898650895733       -3.1413980343342929     
   2.4825000762939453       -3.1412904704452300       -3.1413983549996236     
   2.4855000972747803       -3.1412910720938658       -3.1413986745072791     
   2.4885001182556152       -3.1412916700921243       -3.1413989928638384     
   2.4914999008178711       -3.1412922643949557       -3.1413993100506650     
   2.4944999217987061       -3.1412928550729120       -3.1413996261246551     
   2.4974999427795410       -3.1412934421121101       -3.1413999410669806     
   2.5004999637603760       -3.1412940253817014       -3.1414002548840196     
   2.5034999847412109       -3.1412946049691128       -3.1414005675821013     
   2.5065000057220459       -3.1412951808372478       -3.1414008791675059     
   2.5095000267028809       -3.1412957529802239       -3.1414011896464649     
   2.5125000476837158       -3.1412963213922178       -3.1414014990251640     
   2.5155000686645508       -3.1412968860368093       -3.1414018073097401     
   2.5185000896453857       -3.1412974468779500       -3.1414021145062838     
   2.5215001106262207       -3.1412980040324254       -3.1414024206208402     
   2.5244998931884766       -3.1412985572443839       -3.1414027256352086     
   2.5274999141693115       -3.1412991067349205       -3.1414030296038256     
   2.5304999351501465       -3.1412996524312367       -3.1414033325083155     
   2.5334999561309814       -3.1413001942374796       -3.1414036343545417     
   2.5364999771118164       -3.1413007322393902       -3.1414039351483249     
   2.5394999980926514       -3.1413012663716398       -3.1414042348954410     
   2.5425000190734863       -3.1413017966294339       -3.1414045336016225     
   2.5455000400543213       -3.1413023230079808       -3.1414048312725598     
   2.5485000610351562       -3.1413028454130401       -3.1414051279139010     
   2.5515000820159912       -3.1413033639296972       -3.1414054235312516     
   2.5545001029968262       -3.1413038785234701       -3.1414057181301760     
   2.5574998855590820       -3.1413043890951822       -3.1414060116929043     
   2.5604999065399170       -3.1413048957410012       -3.1414063042715825     
   2.5634999275207520       -3.1413053984209887       -3.1414065958482800     
   2.5664999485015869       -3.1413058970718644       -3.1414068864283977     
   2.5694999694824219       -3.1413063916895116       -3.1414071760172981     
   2.5724999904632568       -3.1413068822697663       -3.1414074646203027     
   2.5755000114440918       -3.1413073688084103       -3.1414077522426949     
   2.5785000324249268       -3.1413078512137642       -3.1414080388897196     
   2.5815000534057617       -3.1413083295692816       -3.1414083245665831     
   2.5845000743865967       -3.1413088037835331       -3.1414086092784537     
   2.5875000953674316       -3.1413092738815505       -3.1414088930304618     
   2.5905001163482666       -3.1413097398013821       -3.1414091758277021     
   2.5934998989105225       -3.1413102015340586       -3.1414094576528688     
   2.5964999198913574       -3.1413106591145237       -3.1414097385557804     
   2.5994999408721924       -3.1413111124185584       -3.1414100185189842     
   2.6024999618530273       -3.1413115615284113       -3.1414102975474281     
   2.6054999828338623       -3.1413120063825781       -3.1414105756460242     
   2.6085000038146973       -3.1413124469198941       -3.1414108528196505     
   2.6115000247955322       -3.1413128831934101       -3.1414111290731488     
   2.6145000457763672       -3.1413133151134995       -3.1414114044113273     
   2.6175000667572021       -3.1413137426761435       -3.1414116788389590     
   2.6205000877380371       -3.1413141658771684       -3.1414119523607833     
   2.6235001087188721       -3.1413145846557242       -3.1414122249815066     
   2.6264998912811279       -3.1413149990031615       -3.1414124966842416     
   2.6294999122619629       -3.1413154089522477       -3.1414127675168162     
   2.6324999332427979       -3.1413158143813495       -3.1414130374622076     
   2.6354999542236328       -3.1413162153703449       -3.1414133065249894     
   2.6384999752044678       -3.1413166117742675       -3.1414135747097038     
   2.6414999961853027       -3.1413170036725839       -3.1414138420208602     
   2.6445000171661377       -3.1413173909764969       -3.1414141084629374     
   2.6475000381469727       -3.1413177736532805       -3.1414143740403819     
   2.6505000591278076       -3.1413181517257955       -3.1414146387576101     
   2.6535000801086426       -3.1413185251053730       -3.1414149026190064     
   2.6565001010894775       -3.1413188937868219       -3.1414151656289260     
   2.6594998836517334       -3.1413192577331173       -3.1414154277708914     
   2.6624999046325684       -3.1413196169741129       -3.1414156890908669     
   2.6654999256134033       -3.1413199714170492       -3.1414159495722482     
   2.6684999465942383       -3.1413203210560003       -3.1414162092192703     
   2.6714999675750732       -3.1413206658296806       -3.1414164680361392     
   2.6744999885559082       -3.1413210057042922       -3.1414167260270318     
   2.6775000095367432       -3.1413213407282301       -3.1414169831960970     
   2.6805000305175781       -3.1413216707573342       -3.1414172395474536     
   2.6835000514984131       -3.1413219958395060       -3.1414174950851934     
   2.6865000724792480       -3.1413223158852652       -3.1414177498133804     
   2.6895000934600830       -3.1413226308871245       -3.1414180037360504     
   2.6925001144409180       -3.1413229407826497       -3.1414182568572113     
   2.6954998970031738       -3.1413232455605318       -3.1414185091608235     
   2.6984999179840088       -3.1413235451916330       -3.1414187606909465     
   2.7014999389648438       -3.1413238396366778       -3.1414190114314229     
   2.7044999599456787       -3.1413241288322187       -3.1414192613861536     
   2.7074999809265137       -3.1413244127145954       -3.1414195105590128     
   2.7105000019073486       -3.1413246913283537       -3.1414197589538495     
   2.7135000228881836       -3.1413249645548502       -3.1414200065744855     
   2.7165000438690186       -3.1413252324377376       -3.1414202534247182     
   2.7195000648498535       -3.1413254948036773       -3.1414204995083188     
   2.7225000858306885       -3.1413257517225213       -3.1414207448290332     
   2.7255001068115234       -3.1413260030743655       -3.1414209893905829     
   2.7284998893737793       -3.1413262488713074       -3.1414212331773181     
   2.7314999103546143       -3.1413264890250514       -3.1414214762316619     
   2.7344999313354492       -3.1413267235196547       -3.1414217185378561     
   2.7374999523162842       -3.1413269522874669       -3.1414219600995237     
   2.7404999732971191       -3.1413271753141796       -3.1414222009202639     
   2.7434999942779541       -3.1413273925041936       -3.1414224410036522     
   2.7465000152587891       -3.1413276038420754       -3.1414226803532408     
   2.7495000362396240       -3.1413278092311399       -3.1414229189725575     
   2.7525000572204590       -3.1413280086815858       -3.1414231568651081     
   2.7555000782012939       -3.1413282020418092       -3.1414233940343745     
   2.7585000991821289       -3.1413283893743649       -3.1414236304838163     
   2.7614998817443848       -3.1413285705242662       -3.1414238661981648     
   2.7644999027252197       -3.1413287455031433       -3.1414241012183020     
   2.7674999237060547       -3.1413289142350220       -3.1414243355288582     
   2.7704999446868896       -3.1413290766453059       -3.1414245691332034     
   2.7734999656677246       -3.1413292326586051       -3.1414248020346855     
   2.7764999866485596       -3.1413293822255053       -3.1414250342366312     
   2.7795000076293945       -3.1413295252957218       -3.1414252657423454     
   2.7825000286102295       -3.1413296618180722       -3.1414254965551121     
   2.7855000495910645       -3.1413297916868261       -3.1414257266781935     
   2.7885000705718994       -3.1413299148489018       -3.1414259561148317     
   2.7915000915527344       -3.1413300312502193       -3.1414261848682465     
   2.7945001125335693       -3.1413301408088468       -3.1414264129416387     
   2.7974998950958252       -3.1413302434135235       -3.1414266403201427     
   2.8004999160766602       -3.1413303390634710       -3.1414268670430610     
   2.8034999370574951       -3.1413297412649799       -3.1414270930954338     
   2.8064999580383301       -3.1413300960018908       -3.1414273184803800     
   2.8094999790191650       -3.1413304497044106       -3.1414275432009999     
   2.8125000000000000       -3.1413308023772801       -3.1414277672603719     
   2.8155000209808350       -3.1413311540252127       -3.1414279906615565     
   2.8185000419616699       -3.1413315046528907       -3.1414282134075946     
   2.8215000629425049       -3.1413318542649677       -3.1414284355015072     
   2.8245000839233398       -3.1413322028660677       -3.1414286569462972     
   2.8275001049041748       -3.1413325504607870       -3.1414288777449477     
   2.8304998874664307       -3.1413328970261878       -3.1414290978829529     
   2.8334999084472656       -3.1413332426218972       -3.1414293173982513     
   2.8364999294281006       -3.1413335872248416       -3.1414295362762488     
   2.8394999504089355       -3.1413339308395041       -3.1414297545198546     
   2.8424999713897705       -3.1413342734703393       -3.1414299721319603     
   2.8454999923706055       -3.1413346151217754       -3.1414301891154390     
   2.8485000133514404       -3.1413349557982118       -3.1414304054731459     
   2.8515000343322754       -3.1413352955040224       -3.1414306212079186     
   2.8545000553131104       -3.1413356342435534       -3.1414308363225771     
   2.8575000762939453       -3.1413359720211247       -3.1414310508199241     
   2.8605000972747803       -3.1413363088410295       -3.1414312647027449     
   2.8635001182556152       -3.1413366447075353       -3.1414314779738075     
   2.8664999008178711       -3.1413369795983042       -3.1414316906189863     
   2.8694999217987061       -3.1413373135707841       -3.1414319026748165     
   2.8724999427795410       -3.1413376466025107       -3.1414321141270904     
   2.8754999637603760       -3.1413379786976487       -3.1414323249785090     
   2.8784999847412109       -3.1413383098603367       -3.1414325352317563     
   2.8815000057220459       -3.1413386400946894       -3.1414327448894994     
   2.8845000267028809       -3.1413389694047953       -3.1414329539543906     
   2.8875000476837158       -3.1413392977947194       -3.1414331624290650     
   2.8905000686645508       -3.1413396252685022       -3.1414333703161414     
   2.8935000896453857       -3.1413399518301590       -3.1414335776182236     
   2.8965001106262207       -3.1413402774836818       -3.1414337843378992     
   2.8994998931884766       -3.1413406022072659       -3.1414339904613802     
   2.9024999141693115       -3.1413409260564724       -3.1414341960239880     
   2.9054999351501465       -3.1413412490093773       -3.1414344010118587     
   2.9084999561309814       -3.1413415710698778       -3.1414346054275168     
   2.9114999771118164       -3.1413418922418486       -3.1414348092734734     
   2.9144999980926514       -3.1413422125291399       -3.1414350125522241     
   2.9175000190734863       -3.1413425319355808       -3.1414352152662497     
   2.9205000400543213       -3.1413428504649761       -3.1414354174180148     
   2.9235000610351562       -3.1413431681211095       -3.1414356190099708     
   2.9265000820159912       -3.1413434849077420       -3.1414358200445545     
   2.9295001029968262       -3.1413438008286110       -3.1414360205241869     
   2.9324998855590820       -3.1413441158624300       -3.1414362204354092     
   2.9354999065399170       -3.1413444300629698       -3.1414364198123912     
   2.9384999275207520       -3.1413447434088311       -3.1414366186416012     
   2.9414999485015869       -3.1413450559036655       -3.1414368169254048     
   2.9444999694824219       -3.1413453675511032       -3.1414370146661521     
   2.9474999904632568       -3.1413456783547531       -3.1414372118661809     
   2.9505000114440918       -3.1413459883182036       -3.1414374085278136     
   2.9535000324249268       -3.1413462974450210       -3.1414376046533601     
   2.9565000534057617       -3.1413466057387529       -3.1414378002451171     
   2.9595000743865967       -3.1413469132029239       -3.1414379953053659     
   2.9625000953674316       -3.1413472198410406       -3.1414381898363768     
   2.9655001163482666       -3.1413475256565877       -3.1414383838404056     
   2.9684998989105225       -3.1413478306288236       -3.1414385773043394     
   2.9714999198913574       -3.1413481348096708       -3.1414387702611601     
   2.9744999408721924       -3.1413484381782837       -3.1414389626976882     
   2.9774999618530273       -3.1413487407380671       -3.1414391546161271     
   2.9804999828338623       -3.1413490424924073       -3.1414393460186680     
   2.9835000038146973       -3.1413493434446713       -3.1414395369074892     
   2.9865000247955322       -3.1413496435982062       -3.1414397272847570     
   2.9895000457763672       -3.1413499429563401       -3.1414399171526246     
   2.9925000667572021       -3.1413502415223822       -3.1414401065132327     
   2.9955000877380371       -3.1413505392996233       -3.1414402953687102     
   2.9985001087188721       -3.1413508362913345       -3.1414404837211740     
