   1.5000000130385160E-003   1.0152320909719770        1.0077155645776088     
   4.4999998062849045E-003   1.0152306152571657        1.0077130532803804     
   7.4999998323619366E-003   1.0152343275620868        1.0077146475987686     
   1.0499999858438969E-002   1.0152399300768806        1.0077170749116815     
   1.3500000350177288E-002   1.0152473482779396        1.0077202598670834     
   1.6499999910593033E-002   1.0152565507499784        1.0077241682815237     
   1.9500000402331352E-002   1.0152675013884924        1.0077287591805049     
   2.2500000894069672E-002   1.0152801596347409        1.0077339856354146     
   2.5499999523162842E-002   1.0152944812591223        1.0077397957910750     
   2.8500000014901161E-002   1.0153104178033570        1.0077461309075375     
   3.1500000506639481E-002   1.0153279160384547        1.0077529271658978     
   3.4499999135732651E-002   1.0153469187238582        1.0077601147568687     
   3.7500001490116119E-002   1.0153673644217174        1.0077676177649708     
   4.0500000119209290E-002   1.0153891871040579        1.0077753554522810     
   4.3499998748302460E-002   1.0154123161590769        1.0077832397822761     
   4.6500001102685928E-002   1.0154366757833988        1.0077911788499876     
   4.9499999731779099E-002   1.0154621869001057        1.0077990735603697     
   5.2499998360872269E-002   1.0154887652953715        1.0078068189285476     
   5.5500000715255737E-002   1.0155163213337408        1.0078143054645476     
   5.8499999344348907E-002   1.0155447624084435        1.0078214159596099     
   6.1500001698732376E-002   1.0155739881287595        1.0078280294903370     
   6.4499996602535248E-002   1.0156038974100501        1.0078340191801949     
   6.7500002682209015E-002   1.0156343804276668        1.0078392510775025     
   7.0500001311302185E-002   1.0156653249391487        1.0078435855158334     
   7.3499999940395355E-002   1.0156966115540416        1.0078468786556842     
   7.6499998569488525E-002   1.0157281199838675        1.0078489777863309     
   7.9499997198581696E-002   1.0157597212450951        1.0078497306368852     
   8.2500003278255463E-002   1.0157912807834044        1.0078489697209247     
   8.5500001907348633E-002   1.0158226654765761        1.0078465313335141     
   8.8500000536441803E-002   1.0158537283462152        1.0078422402848837     
   9.1499999165534973E-002   1.0158843207911523        1.0078359185377572     
   9.4499997794628143E-002   1.0159142938589285        1.0078273810820957     
   9.7499996423721313E-002   1.0159434879210751        1.0078164358970971     
  0.10050000250339508        1.0159717374257891        1.0078028838517763     
  0.10350000113248825        1.0159988754193283        1.0077865299347566     
  0.10649999976158142        1.0160247296684961        1.0077671601243783     
  0.10949999839067459        1.0160491183178861        1.0077445640748868     
  0.11249999701976776        1.0160718618066842        1.0077185242983611     
  0.11550000309944153        1.0160927665007387        1.0076888124664534     
  0.11850000172853470        1.0161116395476910        1.0076551945617913     
  0.12150000035762787        1.0161282897945749        1.0076174463972014     
  0.12449999898672104        1.0161424957104428        1.0075753170642126     
  0.12749999761581421        1.0161540619470864        1.0075285625804955     
  0.13050000369548798        1.0161627705756875        1.0074769306529296     
  0.13349999487400055        1.0161683916656843        1.0074201602371611     
  0.13650000095367432        1.0161707093424119        1.0073579902601433     
  0.13950000703334808        1.0161694887797246        1.0072901507503538     
  0.14249999821186066        1.0161645000730686        1.0072163673068637     
  0.14550000429153442        1.0161554915732516        1.0071363641750213     
  0.14849999547004700        1.0161422222089627        1.0070498484947454     
  0.15150000154972076        1.0161244449974143        1.0069565346097320     
  0.15449999272823334        1.0161018913715854        1.0068561237419313     
  0.15749999880790710        1.0160743075632226        1.0067483145084806     
  0.16050000488758087        1.0160414292876196        1.0066328023834552     
  0.16349999606609344        1.0160029684634924        1.0065092764580417     
  0.16650000214576721        1.0159586644422531        1.0063774190692221     
  0.16949999332427979        1.0159082311569416        1.0062369054488063     
  0.17249999940395355        1.0158513710383448        1.0060874132426854     
  0.17550000548362732        1.0157877993522517        1.0059286042992388     
  0.17849999666213989        1.0157172146064295        1.0057601448542184     
  0.18150000274181366        1.0156393185454184        1.0055816866634308     
  0.18449999392032623        1.0155537951721048        1.0053928935170851     
  0.18750000000000000        1.0154603403578648        1.0051934045625834     
  0.19050000607967377        1.0153586263453453        1.0049828707469732     
  0.19349999725818634        1.0152483359680966        1.0047609260978347     
  0.19650000333786011        1.0151291409230947        1.0045272014446209     
  0.19949999451637268        1.0150007096702975        1.0042813359910863     
  0.20250000059604645        1.0148626993606353        1.0040229401882574     
  0.20550000667572021        1.0147147760523558        1.0037516398024271     
  0.20849999785423279        1.0145565791292230        1.0034670590355594     
  0.21150000393390656        1.0143877684315588        1.0031687938194622     
  0.21449999511241913        1.0142079927729117        1.0028564691118944     
  0.21750000119209290        1.0140168685705000        1.0025296654873630     
  0.22050000727176666        1.0138140522452210        1.0021880091781001     
  0.22349999845027924        1.0135991659460981        1.0018310704011966     
  0.22650000452995300        1.0133718342842415        1.0014584514210765     
  0.22949999570846558        1.0131316778041337        1.0010697381679630     
  0.23250000178813934        1.0128783130980397        1.0006645040789481     
  0.23549999296665192        1.0126113528375260        1.0002423343765967     
  0.23849999904632568        1.0123304067042482       0.99980280970311497     
  0.24150000512599945        1.0120350829011786       0.99934549860056576     
  0.24449999630451202        1.0117249709943370       0.99886996836463582     
  0.24750000238418579        1.0113996864502717       0.99837577188753535     
  0.25049999356269836        1.0110587921126670       0.99786249140475514     
  0.25350001454353333        1.0107019039827514       0.99732967139089856     
  0.25650000572204590        1.0103285925528558       0.99677687712455831     
  0.25949999690055847        1.0099384379601271       0.99620364335118150     
  0.26249998807907104        1.0095310272567783       0.99560954426422787     
  0.26550000905990601        1.0091059219283540       0.99499410930508458     
  0.26850000023841858        1.0086627009635283       0.99435688398602784     
  0.27149999141693115        1.0082009304954453       0.99369741304404979     
  0.27450001239776611        1.0077201844074422       0.99301522199249337     
  0.27750000357627869        1.0072199961048334       0.99230985617589940     
  0.28049999475479126        1.0066999445107936       0.99158085629131243     
  0.28349998593330383        1.0061595848015237       0.99082776175777165     
  0.28650000691413879        1.0055984454763072       0.99005006803715112     
  0.28949999809265137        1.0050161097390953       0.98924733930205577     
  0.29249998927116394        1.0044121030154174       0.98841907532560580     
  0.29550001025199890        1.0037859722744960       0.98756481204987279     
  0.29850000143051147        1.0031372600317783       0.98668408915855488     
  0.30149999260902405        1.0024655141576595       0.98577641599234944     
  0.30450001358985901        1.0017702372386443       0.98484127292708634     
  0.30750000476837158        1.0010510058275952       0.98387823995079582     
  0.31049999594688416        1.0003073371391020       0.98288682374133485     
  0.31349998712539673       0.99953876368765526       0.98186651484543719     
  0.31650000810623169       0.99874478819053358       0.98081684214082621     
  0.31949999928474426       0.99792497553225967       0.97973731389576402     
  0.32249999046325684       0.99707883807278030       0.97862747419694196     
  0.32550001144409180       0.99620589131834847       0.97748682067571979     
  0.32850000262260437       0.99530568562007227       0.97631488298571845     
  0.33149999380111694       0.99437770048212992       0.97511114510332952     
  0.33450001478195190       0.99342148925964147       0.97387513913284329     
  0.33750000596046448       0.99243656360355037       0.97260640911388818     
  0.34049999713897705       0.99142245841645205       0.97130441155961067     
  0.34349998831748962       0.99037865847435791       0.96996874384220744     
  0.34650000929832458       0.98930471683162369       0.96859885397300149     
  0.34950000047683716       0.98820014027908776       0.96719430213069912     
  0.35249999165534973       0.98706445035976031       0.96575463054135902     
  0.35550001263618469       0.98589713471580664       0.96427927473227248     
  0.35850000381469727       0.98469775732777909       0.96276785688618638     
  0.36149999499320984       0.98346581723808069       0.96121984618887102     
  0.36449998617172241       0.98220084246549677       0.95963479853105071     
  0.36750000715255737       0.98090233286571271       0.95801220091263251     
  0.37049999833106995       0.97956983282469401       0.95635164724840938     
  0.37349998950958252       0.97820286116501565       0.95465263446866477     
  0.37650001049041748       0.97680092366519689       0.95291471037466191     
  0.37950000166893005       0.97536355626585292       0.95113743922584582     
  0.38249999284744263       0.97389029037986052       0.94932029617758362     
  0.38550001382827759       0.97238064581390049       0.94746290824788149     
  0.38850000500679016       0.97083416646012066       0.94556478843042957     
  0.39149999618530273       0.96925039176189742       0.94362548682002478     
  0.39449998736381531       0.96762884055413323       0.94164459121179656     
  0.39750000834465027       0.96596903482210050       0.93962161563747071     
  0.40049999952316284       0.96427053982653610       0.93755617845282502     
  0.40349999070167542       0.96253290010694814       0.93544781819297329     
  0.40650001168251038       0.96075561567787249       0.93329611328743467     
  0.40950000286102295       0.95893827364493667       0.93110068966519033     
  0.41249999403953552       0.95708044150730909       0.92886110160530333     
  0.41549998521804810       0.95518165189844817       0.92657690388505476     
  0.41850000619888306       0.95324143571805386       0.92424773438263819     
  0.42149999737739563       0.95125944812809793       0.92187323685911593     
  0.42449998855590820       0.94923513943020421       0.91945295225429302     
  0.42750000953674316       0.94716815735771698       0.91698650848051189     
  0.43050000071525574       0.94505806794974478       0.91447358357894515     
  0.43349999189376831       0.94290444754679759       0.91191373317228674     
  0.43650001287460327       0.94070685844280810       0.90930663571940229     
  0.43950000405311584       0.93846490754150613       0.90665194417305861     
  0.44249999523162842       0.93617820831154253       0.90394928156027010     
  0.44549998641014099       0.93384636998185222       0.90119833913635883     
  0.44850000739097595       0.93146895199845714       0.89839869052547627     
  0.45149999856948853       0.92904560740991682       0.89555017757893618     
  0.45449998974800110       0.92657595012571414       0.89265237575280776     
  0.45750001072883606       0.92405960823056665       0.88970492464888218     
  0.46050000190734863       0.92149619908456226       0.88670764895460175     
  0.46349999308586121       0.91888541466493612       0.88366021372930359     
  0.46650001406669617       0.91622680293769954       0.88056230095056087     
  0.46950000524520874       0.91352010699770847       0.87741370273474029     
  0.47249999642372131       0.91076493318948049       0.87421409032266861     
  0.47549998760223389       0.90796103202368539       0.87096324820961324     
  0.47850000858306885       0.90510796891346335       0.86766094598788146     
  0.48149999976158142       0.90220550498363883       0.86430696739324631     
  0.48449999094009399       0.89925336501569852       0.86090105012159035     
  0.48750001192092896       0.89625117023628131       0.85744300145703944     
  0.49050000309944153       0.89319865975472867       0.85393265067787161     
  0.49349999427795410       0.89009558025256330       0.85036979451477135     
  0.49649998545646667       0.88694163602915121       0.84675428232393446     
  0.49950000643730164       0.88373654812981739       0.84308590065802436     
  0.50249999761581421       0.88048015194371998       0.83936452002797635     
  0.50550001859664917       0.87717206618625010       0.83559002985455078     
  0.50849997997283936       0.87381223247687312       0.83176237414420839     
  0.51150000095367432       0.87040027376831963       0.82788123420556814     
  0.51450002193450928       0.86693606431027559       0.82394673221762660     
  0.51749998331069946       0.86341946347885079       0.81995872972695316     
  0.52050000429153442       0.85985009731505035       0.81591705420803662     
  0.52350002527236938       0.85622791731305381       0.81182173928873824     
  0.52649998664855957       0.85255280209907403       0.80767276011282207     
  0.52950000762939453       0.84882447078877454       0.80347003889000301     
  0.53250002861022949       0.84504283630818544       0.79921360638456684     
  0.53549998998641968       0.84120789209731861       0.79490349110075775     
  0.53850001096725464       0.83731930616591899       0.79053958280942904     
  0.54149997234344482       0.83337717792681754       0.78612214041364825     
  0.54449999332427979       0.82938122965315986       0.78165095412589325     
  0.54750001430511475       0.82533146152525971       0.77712626189883882     
  0.55049997568130493       0.82122788804188829       0.77254815851791059     
  0.55349999666213989       0.81707033901092918       0.76791661725300941     
  0.55650001764297485       0.81285877722205113       0.76323181422861264     
  0.55949997901916504       0.80859334069226763       0.75849402256105736     
  0.56250000000000000       0.80427374695307985       0.75370315434729207     
  0.56550002098083496       0.79990018708904032       0.74885949095825777     
  0.56849998235702515       0.79547276937211708       0.74396334846844991     
  0.57150000333786011       0.79099126413742971       0.73901470894289700     
  0.57450002431869507       0.78645584609517072       0.73401387528708140     
  0.57749998569488525       0.78186669067575898       0.72896123074763586     
  0.58050000667572021       0.77722365251945902       0.72385676806833599     
  0.58350002765655518       0.77252691282467079       0.71870095424710012     
  0.58649998903274536       0.76777672545461884       0.71349406661927639     
  0.58950001001358032       0.76297296778786960       0.70823634347837627     
  0.59249997138977051       0.75811598893381404       0.70292828331743129     
  0.59549999237060547       0.75320579192345993       0.69757002382085764     
  0.59850001335144043       0.74824255963724318       0.69216202517996539     
  0.60149997472763062       0.74322660865717349       0.68670483603455379     
  0.60449999570846558       0.73815794871512663       0.68119856398218326     
  0.60750001668930054       0.73303694415370979       0.67564385679268746     
  0.61049997806549072       0.72786385507331763       0.67004126513251594     
  0.61349999904632568       0.72263874297823638       0.66439098295165522     
  0.61650002002716064       0.71736199938446077       0.65869368126568417     
  0.61949998140335083       0.71203404046668339       0.65294990374033268     
  0.62250000238418579       0.70665487848024722       0.64716008656387125     
  0.62550002336502075       0.70122499307123098       0.64132482326217599     
  0.62849998474121094       0.69574480243874137       0.63544481784834439     
  0.63150000572204590       0.69021447229785104       0.62952040566003153     
  0.63450002670288086       0.68463444575905807       0.62355239480051328     
  0.63749998807907104       0.67900528038579377       0.61754151340803531     
  0.64050000905990601       0.67332704847952396       0.61148822255176882     
  0.64349997043609619       0.66760051484766170       0.60539342500521010     
  0.64649999141693115       0.66182579001817698       0.59925753608021159     
  0.64950001239776611       0.65600353084440621       0.59308147878705242     
  0.65249997377395630       0.65013422659249620       0.58686612649097891     
  0.65549999475479126       0.64421823157687175       0.58061202818190327     
  0.65850001573562622       0.63825612928646525       0.57432003930839481     
  0.66149997711181641       0.63224859007768086       0.56799114209433643     
  0.66449999809265137       0.62619588760167788       0.56162589780035688     
  0.66750001907348633       0.62009866530017388       0.55522536751463947     
  0.67049998044967651       0.61395770993862531       0.54879053866037775     
  0.67350000143051147       0.60777330529514750       0.54232202608891933     
  0.67650002241134644       0.60154622440010785       0.53582088109776405     
  0.67949998378753662       0.59527719432438153       0.52928827165547476     
  0.68250000476837158       0.58896663289854456       0.52272485019264803     
  0.68550002574920654       0.58261527043367956       0.51613175529637567     
  0.68849998712539673       0.57622401529883671       0.50951010707612587     
  0.69150000810623169       0.56979322655028408       0.50286082265923038     
  0.69450002908706665       0.56332377442348824       0.49618491768573103     
  0.69749999046325684       0.55681652229610401       0.48948371982734373     
  0.70050001144409180       0.55027191849596468       0.48275802637995041     
  0.70349997282028198       0.54369105184181143       0.47600930335236336     
  0.70649999380111694       0.53707440527493566       0.46923835888872234     
  0.70950001478195190       0.53042287743103544       0.46244656002409690     
  0.71249997615814209       0.52373746948044742       0.45563518582007734     
  0.71549999713897705       0.51701868460428924       0.44880521928826478     
  0.71850001811981201       0.51026753434152450       0.44195803240934806     
  0.72149997949600220       0.50348497699738026       0.43509505183546993     
  0.72450000047683716       0.49667158929742650       0.42821718744456355     
  0.72750002145767212       0.48982848236851417       0.42132598009233202     
  0.73049998283386230       0.48295664671081084       0.41442286666620975     
  0.73350000381469727       0.47605664612162818       0.40750891080449941     
  0.73650002479553223       0.46912964578624128       0.40058557362067215     
  0.73949998617172241       0.46217667111376620       0.39365444584728015     
  0.74250000715255737       0.45519841724837978       0.38671662639443105     
  0.74550002813339233       0.44819604434817917       0.37977367837645026     
  0.74849998950958252       0.44117054381401188       0.37282719434337985     
  0.75150001049041748       0.43412269764411604       0.36587832910959284     
  0.75449997186660767       0.42705380862356607       0.35892887436839077     
  0.75749999284744263       0.41996455155030266       0.35198007753405580     
  0.76050001382827759       0.41285616181324858       0.34503356090137766     
  0.76349997520446777       0.40572973538694906       0.33809101402648051     
  0.76649999618530273       0.39858611763325452       0.33115372167139057     
  0.76950001716613770       0.39142643833866092       0.32422336084672426     
  0.77249997854232788       0.38425194035657423       0.31730169963484500     
  0.77549999952316284       0.37706338014956126       0.31039009983080085     
  0.77850002050399780       0.36986203370269283       0.30349026773656551     
  0.78149998188018799       0.36264911919583159       0.29660398831103307     
  0.78450000286102295       0.35542543920417197       0.28973268013733666     
  0.78750002384185791       0.34819225158273687       0.28287813018491376     
  0.79049998521804810       0.34095082901207208       0.27604215768911156     
  0.79350000619888306       0.33370202480230771       0.26922624496194764     
  0.79650002717971802       0.32644706889682706       0.26243221315348281     
  0.79949998855590820       0.31918725204856835       0.25566191915478015     
  0.80250000953674316       0.31192349266289282       0.24891684947868964     
  0.80549997091293335       0.30465721517015293       0.24219906136961342     
  0.80849999189376831       0.29738925282365908       0.23551004091067759     
  0.81150001287460327       0.29012095082053885       0.22885169491528642     
  0.81449997425079346       0.28285361588404784       0.22222597151374565     
  0.81749999523162842       0.27558812729697740       0.21563443094185267     
  0.82050001621246338       0.26832588119118456       0.20907899277879713     
  0.82349997758865356       0.26106818172607898       0.20256166170745932     
  0.82649999856948853       0.25381594450300277       0.19608396674105805     
  0.82950001955032349       0.24657056313284495       0.18964797079972942     
  0.83249998092651367       0.23933338247019992       0.18325560232183963     
  0.83550000190734863       0.23210533750170395       0.17690848042362825     
  0.83850002288818359       0.22488786190907631       0.17060862581589378     
  0.84149998426437378       0.21768232169522955       0.16435808332429802     
  0.84450000524520874       0.21048972542122213       0.15815843218478429     
  0.84750002622604370       0.20331149553184730       0.15201176200449865     
  0.85049998760223389       0.19614913158053182       0.14592006808763713     
  0.85350000858306885       0.18900359842004688       0.13988502184432100     
  0.85650002956390381       0.18187643773541856       0.13390868808328665     
  0.85949999094009399       0.17476916205665421       0.12799307123459305     
  0.86250001192092896       0.16768286521632836       0.12213988689932177     
  0.86549997329711914       0.16061929405100306       0.11635127883024954     
  0.86849999427795410       0.15357964796536816       0.11062895837536396     
  0.87150001525878906       0.14656554623397544       0.10497497173558526     
  0.87449997663497925       0.13957870721324661        9.9391356985618726E-002
  0.87749999761581421       0.13262041964930024        9.3879810270264236E-002
  0.88050001859664917       0.12569254178141170        8.8442392262118155E-002
  0.88349997997283936       0.11879689672731161        8.3081127469543242E-002
  0.88650000095367432       0.11193503421924897        7.7797712781814882E-002
  0.88950002193450928       0.10510896603252866        7.2594186150283568E-002
  0.89249998331069946        9.8320786549545292E-002   6.7472560517099919E-002
  0.89550000429153442        9.1572313834349439E-002   6.2434529091859529E-002
  0.89850002527236938        8.4865866684578420E-002   5.7482084109710251E-002
  0.90149998664855957        7.8203868832985676E-002   5.2617209481228173E-002
  0.90450000762939453        7.1588510502792357E-002   4.7841588750412632E-002
  0.90750002861022949        6.5022500471317052E-002   4.3157163723503388E-002
  0.91049998998641968        5.8508746399361607E-002   3.8565879039989127E-002
  0.91350001096725464        5.2049932144229469E-002   3.4069369137401620E-002
  0.91649997234344482        4.5649450361932672E-002   2.9669614177797957E-002
  0.91949999332427979        3.9310413272807224E-002   2.5368230364912810E-002
  0.92250001430511475        3.3036551478380000E-002   2.1167061209912554E-002
  0.92549997568130493        2.6831839814543405E-002   1.7067916202450371E-002
  0.92849999666213989        2.0700180258570480E-002   1.3072337290502426E-002
  0.93150001764297485        1.4646131714218613E-002   9.1820672880892889E-003
  0.93449997901916504        8.6745697407228806E-003   5.3988158136443181E-003
  0.93750000000000000        2.7903568758207977E-003   1.7240247846346014E-003
  0.94050002098083496        3.0009287340902993E-003   1.8406824442825066E-003
  0.94349998235702515        8.6933389990053889E-003   5.2937380438492715E-003
  0.94650000333786011        1.4280865650793083E-002   8.6338283128800774E-003
  0.94950002431869507        1.9756769933174743E-002   1.1859492718817958E-002
  0.95249998569488525        2.5113891629181814E-002   1.4969335158000811E-002
  0.95550000667572021        3.0344994001034735E-002   1.7962216413767180E-002
  0.95850002765655518        3.5442082742852959E-002   2.0836873611827504E-002
  0.96149998903274536        4.0396814254015742E-002   2.3592140308144775E-002
  0.96450001001358032        4.5200726091915229E-002   2.6227086270466094E-002
  0.96749997138977051        4.9844635416758674E-002   2.8740657931062882E-002
  0.97049999237060547        5.4319439622579228E-002   3.1132107006825390E-002
  0.97350001335144043        5.8615519733563493E-002   3.3400625583749219E-002
  0.97649997472763062        6.2723074213270683E-002   3.5545541087144784E-002
  0.97949999570846558        6.6632495322381483E-002   3.7566403233482190E-002
  0.98250001668930054        7.0333903534278402E-002   3.9462767102674691E-002
  0.98549997806549072        7.3817587967791712E-002   4.1234331465518512E-002
  0.98849999904632568        7.7074322951589294E-002   4.2881029663299285E-002
  0.99150002002716064        8.0095053623698537E-002   4.4402831655742526E-002
  0.99449998140335083        8.2871324677087257E-002   4.5799873537407686E-002
  0.99750000238418579        8.5395538997168993E-002   4.7072551667704111E-002
   1.0004999637603760        8.7660779997113997E-002   4.8221271450287997E-002
   1.0034999847412109        8.9661408324820377E-002   4.9246793901185255E-002
   1.0065000057220459        9.1392826863887514E-002   5.0149917741508558E-002
   1.0095000267028809        9.2851805387772268E-002   5.0931667764156537E-002
   1.0125000476837158        9.4036630875419080E-002   5.1593307579442395E-002
   1.0154999494552612        9.4947124095334567E-002   5.2136257557314603E-002
   1.0184999704360962        9.5584901355030144E-002   5.2562144576180025E-002
   1.0214999914169312        9.5953049231127907E-002   5.2872855864544800E-002
   1.0245000123977661        9.6056548907810194E-002   5.3070407801310469E-002
   1.0275000333786011        9.5901964856222863E-002   5.3157085844028035E-002
   1.0305000543594360        9.5497532789271547E-002   5.3135386620419750E-002
   1.0334999561309814        9.4853012280598156E-002   5.3008009687354550E-002
   1.0364999771118164        9.3979474471228799E-002   5.2777869995600690E-002
   1.0394999980926514        9.2889313781001390E-002   5.2448112603384535E-002
   1.0425000190734863        9.1596007044460401E-002   5.2022055304578006E-002
   1.0455000400543213        9.0113842202044631E-002   5.1503228110505228E-002
   1.0484999418258667        8.8457865517488785E-002   5.0895423683390444E-002
   1.0514999628067017        8.6643435203336117E-002   5.0202473294910600E-002
   1.0544999837875366        8.4686307139749964E-002   4.9428540130048527E-002
   1.0575000047683716        8.2602346560236239E-002   4.8577847482822768E-002
   1.0605000257492065        8.0407246049924816E-002   4.7654840196934396E-002
   1.0635000467300415        7.8116466946857699E-002   4.6664057862406190E-002
   1.0664999485015869        7.5745148563756776E-002   4.5610204233868225E-002
   1.0694999694824219        7.3307691715633019E-002   4.4497965050121241E-002
   1.0724999904632568        7.0818080869765460E-002   4.3332273471605287E-002
   1.0755000114440918        6.8289521199200565E-002   4.2118093255025989E-002
   1.0785000324249268        6.5734433739578435E-002   4.0860338966222341E-002
   1.0815000534057617        6.3164473557427325E-002   3.9564085286018368E-002
   1.0844999551773071        6.0590554082821796E-002   3.8234399134447823E-002
   1.0874999761581421        5.8022405258615142E-002   3.6876181269427585E-002
   1.0904999971389771        5.5469264961497525E-002   3.5494488750801904E-002
   1.0935000181198120        5.2939385959897778E-002   3.4094232233533091E-002
   1.0965000391006470        5.0440276049834545E-002   3.2680292598093887E-002
   1.0994999408721924        4.7978706566101197E-002   3.1257507539767797E-002
   1.1024999618530273        4.5560476636709389E-002   2.9830428857671967E-002
   1.1054999828338623        4.3190914373627147E-002   2.8403634132109126E-002
   1.1085000038146973        4.0874584309515183E-002   2.6981527258842227E-002
   1.1115000247955322        3.8615512059274312E-002   2.5568383177429769E-002
   1.1145000457763672        3.6417054319958432E-002   2.4168234487442597E-002
   1.1174999475479126        3.4282148643580666E-002   2.2785040503923465E-002
   1.1204999685287476        3.2212997127499039E-002   2.1422361603954092E-002
   1.1234999895095825        3.0211622457685217E-002   2.0083789784864914E-002
   1.1265000104904175        2.8279446857180944E-002   1.8772551786241442E-002
   1.1295000314712524        2.6417659817676964E-002   1.7491711743011409E-002
   1.1325000524520874        2.4627000762676560E-002   1.6244109995929599E-002
   1.1354999542236328        2.2907988745158064E-002   1.5032381304654268E-002
   1.1384999752044678        2.1260689644283313E-002   1.3858839797202687E-002
   1.1414999961853027        1.9685066842053501E-002   1.2725652404088685E-002
   1.1445000171661377        1.8180821787547322E-002   1.1634739843188486E-002
   1.1475000381469727        1.6747476036963249E-002   1.0587770635993279E-002
   1.1505000591278076        1.5384317805440346E-002   9.5862296046652657E-003
   1.1534999608993530        1.4090540632038958E-002   8.6313926475364618E-003
   1.1564999818801880        1.2865053951667670E-002   7.7241858435840288E-003
   1.1595000028610229        1.1706775355457532E-002   6.8654897036229366E-003
   1.1625000238418579        1.0614488182835481E-002   6.0558914956687047E-003
   1.1655000448226929        9.5868420434657500E-003   5.2958321838233839E-003
   1.1684999465942383        8.6224496386668355E-003   4.5855474403498787E-003
   1.1714999675750732        7.7197541956194049E-003   3.9250182893131964E-003
   1.1744999885559082        6.8772274442456278E-003   3.3141661778701842E-003
   1.1775000095367432        6.0932461658942411E-003   2.7526956938801338E-003
   1.1805000305175781        5.3661611346848123E-003   2.2401476881397232E-003
   1.1835000514984131        4.6942707753353909E-003   1.7759495607093492E-003
   1.1864999532699585        4.0758523411678765E-003   1.3593868677397236E-003
   1.1894999742507935        3.5091032923916443E-003   9.8956786203663566E-004
   1.1924999952316284        2.9922812437481812E-003   6.6554945632961427E-004
   1.1955000162124634        2.5235806764065871E-003   3.8624644908439367E-004
   1.1985000371932983        2.1012043460432927E-003   1.5048194703207282E-004
   1.2015000581741333        1.7233355599140440E-003   4.3008994791961831E-005
   1.2044999599456787        1.3881807859860212E-003   1.9557816867509675E-004
   1.2074999809265137        1.0939021856430937E-003   3.0865889923741030E-004
   1.2105000019073486        8.3871024825645066E-004   3.8373851206778705E-004
   1.2135000228881836        6.2080964675489546E-004   4.2236804568824903E-004
   1.2165000438690186        4.3841310551091513E-004   4.2614773276594052E-004
   1.2194999456405640        2.8975536392348834E-004   3.9672258706051702E-004
   1.2224999666213989        1.7306841058694288E-004   3.3577268724098642E-004
   1.2254999876022339        8.6621051683282772E-005   2.4501122136662875E-004
   1.2285000085830688        2.8695453305877554E-005   1.2617355584477509E-004
   1.2315000295639038        2.4035524738299826E-006   1.8987347059011815E-005
   1.2345000505447388        8.3480496360888000E-006   1.8870548563424831E-004
   1.2374999523162842        9.2141462387066438E-006   3.8120015170020323E-004
   1.2404999732971191        4.8664908259023615E-005   5.9471298667412495E-004
   1.2434999942779541        1.0841368789047843E-004   8.2746593775207510E-004
   1.2465000152587891        1.8689727616574280E-004   1.0776968662758297E-003
   1.2495000362396240        2.8258730874880321E-004   1.3436541605337722E-003
   1.2525000572204590        3.9398363656771969E-004   1.6236036784319954E-003
   1.2554999589920044        5.1961533881854480E-004   1.9158205930406421E-003
   1.2584999799728394        6.5806189490768402E-004   2.2186362135735026E-003
   1.2615000009536743        8.0792429901166147E-004   2.5303761056240663E-003
   1.2645000219345093        9.6783859551417828E-004   2.8494102446397791E-003
   1.2675000429153442        1.1364857067069358E-003   3.1741343801480830E-003
   1.2704999446868896        1.3125696226601574E-003   3.5029703512996667E-003
   1.2734999656677246        1.4948602059191775E-003   3.8344223909949592E-003
   1.2764999866485596        1.6821405743275160E-003   4.1669944571449602E-003
   1.2795000076293945        1.8732396509462985E-003   4.4992404198489376E-003
   1.2825000286102295        2.0670343332059179E-003   4.8297627154519646E-003
   1.2855000495910645        2.2624339160797866E-003   5.1572118543197140E-003
   1.2884999513626099        2.4583831322741085E-003   5.4802768874418076E-003
   1.2914999723434448        2.6538928049134772E-003   5.7977290229139422E-003
   1.2944999933242798        2.8479932325728048E-003   6.1083517694761214E-003
   1.2975000143051147        3.0397615144041553E-003   6.4110049671142477E-003
   1.3005000352859497        3.2283214297248158E-003   6.7045863595387133E-003
   1.3035000562667847        3.4128335869006458E-003   6.9880591845141353E-003
   1.3064999580383301        3.5924986310128183E-003   7.2604274161376702E-003
   1.3094999790191650        3.7665805493162963E-003   7.5207842965257119E-003
   1.3125000000000000        3.9343638334515133E-003   7.7682482802006510E-003
   1.3155000209808350        4.0951820319273082E-003   8.0019988020911606E-003
   1.3185000419616699        4.2484190093355365E-003   8.2212865421736926E-003
   1.3214999437332153        4.3934865394164319E-003   8.4254028798178109E-003
   1.3244999647140503        4.5298589815408897E-003   8.6137140524174278E-003
   1.3274999856948853        4.6570363594216520E-003   8.7856366856686827E-003
   1.3305000066757202        4.7745671741175749E-003   8.9406385894149516E-003
   1.3335000276565552        4.8820461113770726E-003   9.0782515660943041E-003
   1.3365000486373901        4.9790966310570735E-003   9.1980654327609296E-003
   1.3394999504089355        5.0653936645782393E-003   9.2997198961743809E-003
   1.3424999713897705        5.1406569088342947E-003   9.3829282076931045E-003
   1.3454999923706055        5.2046363197463209E-003   9.4474366683744166E-003
   1.3485000133514404        5.2571253113888215E-003   9.4930640244620789E-003
   1.3515000343322754        5.2979565638014486E-003   9.5196781398957566E-003
   1.3545000553131104        5.3270032882211374E-003   9.5271970338817579E-003
   1.3574999570846558        5.3441717345649106E-003   9.5155952459573395E-003
   1.3604999780654907        5.3494095896059355E-003   9.4849031268272096E-003
   1.3634999990463257        5.3427022893392110E-003   9.4351907982650647E-003
   1.3665000200271606        5.3240638643012967E-003   9.3665903348985179E-003
   1.3695000410079956        5.2935481682993939E-003   9.2792731842277435E-003
   1.3724999427795410        5.2512447071197893E-003   9.1734713957443564E-003
   1.3754999637603760        5.1972719867533100E-003   9.0494456588234885E-003
   1.3784999847412109        5.1317797746367822E-003   8.9075134988123861E-003
   1.3815000057220459        5.0549511589853329E-003   8.7480312456195194E-003
   1.3845000267028809        4.9670003368083018E-003   8.5713966725096454E-003
   1.3875000476837158        4.8681687058993355E-003   8.3780508043074207E-003
   1.3904999494552612        4.7587281673423382E-003   8.1684838346522924E-003
   1.3934999704360962        4.6389675969261916E-003   7.9431924643940301E-003
   1.3964999914169312        4.5092102921893296E-003   7.7027381210298430E-003
   1.3995000123977661        4.3698018340195995E-003   7.4477053692417619E-003
   1.4025000333786011        4.2211115839654451E-003   7.1787140901196523E-003
   1.4055000543594360        4.0635294780089004E-003   6.8964052156193396E-003
   1.4084999561309814        3.8974703892983311E-003   6.6014724220760726E-003
   1.4114999771118164        3.7233536792881218E-003   6.2945932120821932E-003
   1.4144999980926514        3.5416316420767112E-003   5.9765076957511562E-003
   1.4175000190734863        3.3527681588457429E-003   5.6479619592915342E-003
   1.4205000400543213        3.1572408456118743E-003   5.3097329028145698E-003
   1.4234999418258667        2.9555529760744354E-003   4.9626166610334393E-003
   1.4264999628067017        2.7481924424013950E-003   4.6073961872060273E-003
   1.4294999837875366        2.5356830052829099E-003   4.2449052144635487E-003
   1.4325000047683716        2.3185510481621265E-003   3.8759773337554335E-003
   1.4355000257492065        2.0973297308566558E-003   3.5014560720378284E-003
   1.4385000467300415        1.8725613566620022E-003   3.1221958503367718E-003
   1.4414999485015869        1.6448006227279591E-003   2.7390714505328593E-003
   1.4444999694824219        1.4145798015429579E-003   2.3529158115884467E-003
   1.4474999904632568        1.1824617042361276E-003   1.9646115015150550E-003
   1.4505000114440918        9.4900011678766317E-004   1.5750264106763699E-003
   1.4535000324249268        7.1475004125361532E-004   1.1850265509882215E-003
   1.4565000534057617        4.8026465426882558E-004   7.9547439087398661E-004
   1.4594999551773071        2.4610339093985813E-004   4.0724325716110372E-004
   1.4624999761581421        1.2794243683728752E-005   2.1152415611351900E-005
   1.4654999971389771        2.1911234280955758E-004   3.6194175617192446E-004
   1.4685000181198120        4.4908175243896893E-004   7.4120918286505822E-004
   1.4715000391006470        6.7658726746073637E-004   1.1158329771902200E-003
   1.4744999408721924        9.0110266175622358E-004   1.4849960831935960E-003
   1.4774999618530273        1.1221376722041576E-003   1.8479415693600353E-003
   1.4804999828338623        1.3391874216938946E-003   2.2038871492138269E-003
   1.4835000038146973        1.5517688212864356E-003   2.5520857176848564E-003
   1.4865000247955322        1.7594114574956160E-003   2.8918100039946018E-003
   1.4895000457763672        1.9616601090369458E-003   3.2223560743490170E-003
   1.4924999475479126        2.1580667174421245E-003   3.5430340885444166E-003
   1.4954999685287476        2.3482246167565351E-003   3.8532165957551393E-003
   1.4984999895095825        2.5317195135800704E-003   4.1522628661305894E-003
   1.5015000104904175        2.7081650314424487E-003   4.4395798092964475E-003
   1.5045000314712524        2.8771940433137025E-003   4.7145986596991004E-003
   1.5075000524520874        3.0384562744000289E-003   4.9767832043495983E-003
   1.5104999542236328        3.1916189618221356E-003   5.2256213596119632E-003
   1.5134999752044678        3.3363906723148391E-003   5.4606632231157639E-003
   1.5164999961853027        3.4724794322185792E-003   5.6814628774103180E-003
   1.5195000171661377        3.5996244838974868E-003   5.8876179138575603E-003
   1.5225000381469727        3.7175886815189866E-003   6.0787669855356065E-003
   1.5255000591278076        3.8261566162415728E-003   6.2545789456809357E-003
   1.5284999608993530        3.9251336301940739E-003   6.4147581678179206E-003
   1.5314999818801880        4.0143630810752437E-003   6.5590623122951395E-003
   1.5345000028610229        4.0936973412408406E-003   6.6872746864809181E-003
   1.5375000238418579        4.1630219505342904E-003   6.7992135813193305E-003
   1.5405000448226929        4.2222425342704536E-003   6.8947442019420642E-003
   1.5434999465942383        4.2712932965611695E-003   6.9737659235741753E-003
   1.5464999675750732        4.3101349897470883E-003   7.0362272424899040E-003
   1.5494999885559082        4.3387476279115565E-003   7.0821015197205326E-003
   1.5525000095367432        4.3571428225877978E-003   7.1114105911221932E-003
   1.5555000305175781        4.3653525213279611E-003   7.1242095060731619E-003
   1.5585000514984131        4.3634341449289432E-003   7.1205997474473592E-003
   1.5614999532699585        4.3514723096088814E-003   7.1007135564157293E-003
   1.5644999742507935        4.3295724779927715E-003   7.0647232436141438E-003
   1.5674999952316284        4.2978635413631486E-003   7.0128432265518887E-003
   1.5705000162124634        4.2565020179255713E-003   6.9453140168317202E-003
   1.5735000371932983        4.2056621356979613E-003   6.8624231726929965E-003
   1.5765000581741333        4.1455437495153341E-003   6.7644868958479749E-003
   1.5794999599456787        4.0763713670110991E-003   6.6518630026803785E-003
   1.5824999809265137        3.9983786300793640E-003   6.5249278716557604E-003
   1.5855000019073486        3.9118318362929977E-003   6.3841054305752215E-003
   1.5885000228881836        3.8170125122398810E-003   6.2298430186447660E-003
   1.5915000438690186        3.7142201661404897E-003   6.0626203060999730E-003
   1.5944999456405640        3.6037776727921183E-003   5.8829532066952328E-003
   1.5974999666213989        3.4860129642513807E-003   5.6913637097292628E-003
   1.6004999876022339        3.3612805999159918E-003   5.4884205331709370E-003
   1.6035000085830688        3.2299471370492916E-003   5.2747076311211432E-003
   1.6065000295639038        3.0923963516493336E-003   5.0508351636557565E-003
   1.6095000505447388        2.9490193447422987E-003   4.8174348828935480E-003
   1.6124999523162842        2.8002309847243224E-003   4.5751661472564938E-003
   1.6154999732971191        2.6464359535140025E-003   4.3246797517654855E-003
   1.6184999942779541        2.4880676811744793E-003   4.0666694568525646E-003
   1.6215000152587891        2.3255635968499342E-003   3.8018355522554869E-003
   1.6245000362396240        2.1593659857433939E-003   3.5308918750074783E-003
   1.6275000572204590        1.9899275498630278E-003   3.2545615609702954E-003
   1.6304999589920044        1.8177094017228130E-003   2.9735901881838452E-003
   1.6334999799728394        1.6431584971359832E-003   2.6886962061650208E-003
   1.6365000009536743        1.4667452888644148E-003   2.4006365173431269E-003
   1.6395000219345093        1.2889338389380754E-003   2.1101620810574113E-003
   1.6425000429153442        1.1101896447291604E-003   1.8180246482876674E-003
   1.6454999446868896        9.3098420253680627E-004   1.5249867368793799E-003
   1.6484999656677246        7.5176629608170241E-004   1.2317747116217369E-003
   1.6514999866485596        5.7300232838694445E-004   9.3914636772425618E-004
   1.6545000076293945        3.9514765221622693E-004   6.4784094772358971E-004
   1.6575000286102295        2.1865208776427540E-004   3.5858996897775538E-004
   1.6605000495910645        4.3958921136146656E-005   7.2115797655181852E-005
   1.6634999513626099        1.2848968710558209E-004   2.1085980207491355E-004
   1.6664999723434448        2.9828080983997166E-004   4.8966204602320736E-004
   1.6694999933242798        4.6499091145419503E-004   7.6359724813409322E-004
   1.6725000143051147        6.2821436401493580E-004   1.0320000016054820E-003
   1.6755000352859497        7.8755783644459537E-004   1.2942232072485137E-003
   1.6785000562667847        9.4264052848939950E-004   1.5496401704237909E-003
   1.6814999580383301        1.0930902571012432E-003   1.7976359377299956E-003
   1.6844999790191650        1.2385672871739325E-003   2.0376480044052214E-003
   1.6875000000000000        1.3787299604417138E-003   2.2691093949529072E-003
   1.6905000209808350        1.5132589427805498E-003   2.4914887329301081E-003
   1.6935000419616699        1.6418524164135439E-003   2.7042826472380628E-003
   1.6964999437332153        1.7642227369631593E-003   2.9070076486853963E-003
   1.6994999647140503        1.8801141434085723E-003   3.0992344981271469E-003
   1.7024999856948853        1.9892769934862996E-003   3.2805416584107700E-003
   1.7055000066757202        2.0914859844942163E-003   3.4505460788239409E-003
   1.7085000276565552        2.1865364821245631E-003   3.6088979036009456E-003
   1.7115000486373901        2.2742451528238905E-003   3.7552829741778846E-003
   1.7144999504089355        2.3544475422253310E-003   3.8894121975010295E-003
   1.7174999713897705        2.4270081331249213E-003   4.0110530932078413E-003
   1.7204999923706055        2.4918072467082606E-003   4.1199883172325516E-003
   1.7235000133514404        2.5487490833097405E-003   4.2160426198253279E-003
   1.7265000343322754        2.5977586194956674E-003   4.2990804915677130E-003
   1.7295000553131104        2.6387871705704029E-003   4.3689993730452190E-003
   1.7324999570846558        2.6718043687295038E-003   4.4257333386294156E-003
   1.7354999780654907        2.6968086631617046E-003   4.4692596838244517E-003
   1.7384999990463257        2.7138141616806031E-003   4.4995858326377005E-003
   1.7415000200271606        2.7228615074749605E-003   4.5167578294289853E-003
   1.7445000410079956        2.7240116035540740E-003   4.5208593772101159E-003
   1.7474999427795410        2.7173482594242894E-003   4.5120104230443421E-003
   1.7504999637603760        2.7029764533251974E-003   4.4903633109920748E-003
   1.7534999847412109        2.6810218991036899E-003   4.4561105560253665E-003
   1.7565000057220459        2.6516323779582954E-003   4.4094744007260800E-003
   1.7595000267028809        2.6149740931860756E-003   4.3507141762138450E-003
   1.7625000476837158        2.5712329923711732E-003   4.2801203716210934E-003
   1.7654999494552612        2.5206169604716200E-003   4.1980189504538697E-003
   1.7684999704360962        2.4633456906989104E-003   4.1047580625137008E-003
   1.7714999914169312        2.3996627612454771E-003   4.0007237577034819E-003
   1.7745000123977661        2.3298253883662365E-003   3.8863270580662308E-003
   1.7775000333786011        2.2541072186839490E-003   3.7620081406512808E-003
   1.7805000543594360        2.1727971409903160E-003   3.6282311167951361E-003
   1.7834999561309814        2.0862020020185673E-003   3.4854921899666034E-003
   1.7864999771118164        1.9946298191704779E-003   3.3342904581450442E-003
   1.7894999980926514        1.8984129933119441E-003   3.1751670993430759E-003
   1.7925000190734863        1.7978900537612026E-003   3.0086736468063740E-003
   1.7955000400543213        1.6934103909297764E-003   2.8353816037531687E-003
   1.7984999418258667        1.5853363329074856E-003   2.6558854927906323E-003
   1.8014999628067017        1.4740257950994437E-003   2.4707719166594546E-003
   1.8044999837875366        1.3598545025148743E-003   2.2806629546412299E-003
   1.8075000047683716        1.2432014212193771E-003   2.0861829612011116E-003
   1.8105000257492065        1.1244488380483110E-003   1.8879643994556389E-003
   1.8135000467300415        1.0039825014744751E-003   1.6866486903462674E-003
   1.8164999485015869        8.8219471797179128E-004   1.4828883068192145E-003
   1.8194999694824219        7.5946447839250481E-004   1.2773145678676792E-003
   1.8224999904632568        6.3618465690745295E-004   1.0705850724594659E-003
   1.8255000114440918        5.1274189989060001E-004   8.6334669653372650E-004
   1.8285000324249268        3.8951991394028587E-004   6.5624447605217950E-004
   1.8315000534057617        2.6689866971615461E-004   4.4991730155144487E-004
   1.8344999551773071        1.4525766818283115E-004   2.4500600455734618E-004
   1.8374999761581421        2.4956015047731527E-005   4.2117730859423332E-005
   1.8404999971389771        9.3640148460038186E-005   1.5812655567680917E-004
   1.8435000181198120        2.1017786275892415E-004   3.5512692836373624E-004
   1.8465000391006470        3.2431360141394692E-004   5.4829787022933868E-004
   1.8494999408721924        4.3570995221205318E-004   7.3706248890995421E-004
   1.8524999618530273        5.4405429708830240E-004   9.2088476995945238E-004
   1.8554999828338623        6.4903292931779363E-004   1.0992253400243426E-003
   1.8585000038146973        7.5034997915263320E-004   1.2715736479802491E-003
   1.8615000247955322        8.4772394907617885E-004   1.4374421777706477E-003
   1.8645000457763672        9.4088816524449460E-004   1.5963676945959975E-003
   1.8674999475479126        1.0295881659697307E-003   1.7479062180704055E-003
   1.8704999685287476        1.1135965800189592E-003   1.8916587807743487E-003
   1.8734999895095825        1.1926929128767219E-003   2.0272363803229380E-003
   1.8765000104904175        1.2666775208386755E-003   2.1542855980108216E-003
   1.8795000314712524        1.3353690210964294E-003   2.2724825291231786E-003
   1.8825000524520874        1.3986054421853281E-003   2.3815351013619715E-003
   1.8854999542236328        1.4562412064816851E-003   2.4811789549020165E-003
   1.8884999752044678        1.5081571066996886E-003   2.5711945473403013E-003
   1.8914999961853027        1.5542470743760582E-003   2.6513833278404685E-003
   1.8945000171661377        1.5944278469088042E-003   2.7215840152889303E-003
   1.8975000381469727        1.6286353007206231E-003   2.7816710049076649E-003
   1.9005000591278076        1.6568267580662158E-003   2.8315511964710368E-003
   1.9034999608993530        1.6789787016545457E-003   2.8711653769417445E-003
   1.9064999818801880        1.6950902058210724E-003   2.9004945471265494E-003
   1.9095000028610229        1.7051782307580139E-003   2.9195481766610566E-003
   1.9125000238418579        1.7092812645113792E-003   2.9283721269961834E-003
   1.9155000448226929        1.7074558619206248E-003   2.9270452982241854E-003
   1.9184999465942383        1.6997804205454625E-003   2.9156831546613368E-003
   1.9214999675750732        1.6863500694903639E-003   2.8944302593615478E-003
   1.9244999885559082        1.6672798946086754E-003   2.8634668031593522E-003
   1.9275000095367432        1.6427034622240593E-003   2.8230022021005449E-003
   1.9305000305175781        1.6127709304831861E-003   2.7732787751089056E-003
   1.9335000514984131        1.5776505616931882E-003   2.7145669217510425E-003
   1.9364999532699585        1.5375276309287287E-003   2.6471704554012327E-003
   1.9394999742507935        1.4925985453683253E-003   2.5714110438307906E-003
   1.9424999952316284        1.4430800220887044E-003   2.4876453021133744E-003
   1.9455000162124634        1.3891996409380590E-003   2.3962525050380446E-003
   1.9485000371932983        1.3311992846407939E-003   2.2976348307517411E-003
   1.9515000581741333        1.2693327335780722E-003   2.1922177071260476E-003
   1.9544999599456787        1.2038678240770472E-003   2.0804504570549991E-003
   1.9574999809265137        1.1350741257416027E-003   1.9627877619489286E-003
   1.9605000019073486        1.0632392077918893E-003   1.8397162134197323E-003
   1.9635000228881836        9.8865533560077608E-004   1.7117309508911105E-003
   1.9665000438690186        9.1162250162616428E-004   1.5793433762195566E-003
   1.9694999456405640        8.3244943377735331E-004   1.4430798232224027E-003
   1.9724999666213989        7.5144040144235801E-004   1.3034613769770272E-003
   1.9754999876022339        6.6891268399116625E-004   1.1610324718152553E-003
   1.9785000085830688        5.8518327981165841E-004   1.0163381310977929E-003
   1.9815000295639038        5.0057067924260800E-004   8.6992736173297435E-004
   1.9845000505447388        4.1539312672068138E-004   7.2235122533754613E-004
   1.9874999523162842        3.2997192620311250E-004   5.7416616108980304E-004
   1.9904999732971191        2.4461588121292636E-004   4.2590896319102440E-004
   1.9934999942779541        1.5964098499789646E-004   2.7813023643498365E-004
   1.9965000152587891        7.5355524280699461E-005   1.3136828061719865E-004
   1.9995000362396240        7.9375827511745394E-006   1.3846353831409611E-005
   2.0025000572204590        8.9941826000294230E-005   1.5699310475894015E-004
   2.0055000782012939        1.7036819488316381E-004   2.9756310646264662E-004
   2.0085000991821289        2.4893615169722613E-004   4.3506116599168924E-004
   2.0114998817443848        3.2536869680175224E-004   5.6899683248965403E-004
   2.0144999027252197        3.9941737473522999E-004   6.9892857232473993E-004
   2.0174999237060547        4.7082669160058245E-004   8.2440132102634103E-004
   2.0204999446868896        5.3935957694051522E-004   9.4499126220674097E-004
   2.0234999656677246        6.0479184925687373E-004   1.0602958681512409E-003
   2.0264999866485596        6.6691314903094534E-004   1.1699364095653878E-003
   2.0295000076293945        7.2552753498532872E-004   1.2735577213676956E-003
   2.0325000286102295        7.8045426932434351E-004   1.3708310834360700E-003
   2.0355000495910645        8.3152806799879626E-004   1.4614539237691360E-003
   2.0385000705718994        8.7860007108771102E-004   1.5451518087273223E-003
   2.0415000915527344        9.2153787769306324E-004   1.6216786930399957E-003
   2.0445001125335693        9.6022650759041708E-004   1.6908186377330627E-003
   2.0474998950958252        9.9456548112170431E-004   1.7523804853905838E-003
   2.0504999160766602        1.0244802948326417E-003   1.8062181997666319E-003
   2.0534999370574951        1.0499054860034268E-003   1.8522028916095718E-003
   2.0564999580383301        1.0707969029253015E-003   1.8902406576946351E-003
   2.0594999790191650        1.0871288101400676E-003   1.9202709021513332E-003
   2.0625000000000000        1.0988921823263612E-003   1.9422636684302296E-003
   2.0655000209808350        1.1060969379473339E-003   1.9562213777091567E-003
   2.0685000419616699        1.1087708354672748E-003   1.9621770572402913E-003
   2.0715000629425049        1.1069588947073079E-003   1.9601963198113640E-003
   2.0745000839233398        1.1007234753685877E-003   1.9503740933465177E-003
   2.0775001049041748        1.0901441216368240E-003   1.9328368526971027E-003
   2.0804998874664307        1.0753173469011893E-003   1.9077415813800490E-003
   2.0834999084472656        1.0563532454051826E-003   1.8752695673434575E-003
   2.0864999294281006        1.0333794478565592E-003   1.8356336627037293E-003
   2.0894999504089355        1.0065384182569919E-003   1.7890738986243773E-003
   2.0924999713897705        9.7598650102220027E-004   1.7358548756661615E-003
   2.0954999923706055        9.4189315987136535E-004   1.6762662047584370E-003
   2.0985000133514404        9.0444115984141156E-004   1.6106211823335452E-003
   2.1015000343322754        8.6382433432803543E-004   1.5392542276877225E-003
   2.1045000553131104        8.2024833082600069E-004   1.4625212395545427E-003
   2.1075000762939453        7.7392869499184045E-004   1.3807964573399232E-003
   2.1105000972747803        7.2508973059346880E-004   1.2944714251346176E-003
   2.1135001182556152        6.7396427355249369E-004   1.2039533654863894E-003
   2.1164999008178711        6.2079675017514722E-004   1.1096713729191274E-003
   2.1194999217987061        5.6582457501829712E-004   1.0120431870889474E-003
   2.1224999427795410        5.0930320257194849E-004   9.1151975869368455E-004
   2.1254999637603760        4.5148795958620535E-004   8.0855273812103904E-004
   2.1284999847412109        3.9263693380960606E-004   7.0360013638986151E-004
   2.1315000057220459        3.3301019148764444E-004   5.9712476411553873E-004
   2.1345000267028809        2.7286841455436041E-004   4.8959141073692922E-004
   2.1375000476837158        2.1247215709592574E-004   3.8146587421611215E-004
   2.1405000686645508        1.5208043731056333E-004   2.7321231329256621E-004
   2.1435000896453857        9.1949749106393436E-005   1.6529165939256686E-004
   2.1465001106262207        3.2333059855265991E-005   5.8159540868393330E-005
   2.1494998931884766        2.6516603509103157E-005   4.7727197061784214E-005
   2.1524999141693115        8.4365880847748660E-005   1.5194593987900225E-004
   2.1554999351501465        1.4097396889891774E-004   2.5405956871909873E-004
   2.1584999561309814        1.9611229475371470E-004   3.5365205782187785E-004
   2.1614999771118164        2.4956088190025960E-004   4.5032165311181463E-004
   2.1644999980926514        3.0110900132252822E-004   5.4368247732429736E-004
   2.1675000190734863        3.5055634009922393E-004   6.3336636152260158E-004
   2.1705000400543213        3.9771337368994960E-004   7.1902400872860157E-004
   2.1735000610351562        4.4240253856095316E-004   8.0032642026011227E-004
   2.1765000820159912        4.8445864930613230E-004   8.7696635250676821E-004
   2.1795001029968262        5.2372965541912296E-004   9.4865963935677100E-004
   2.1824998855590820        5.6007417449986489E-004   1.0151409360713542E-003
   2.1854999065399170        5.9337388066424521E-004   1.0761855266844486E-003
   2.1884999275207520        6.2351607620600544E-004   1.1315787368161502E-003
   2.1914999485015869        6.5040598154623682E-004   1.1811378009702637E-003
   2.1944999694824219        6.7396435815146268E-004   1.2247073276672536E-003
   2.1974999904632568        6.9412738748635854E-004   1.2621599258458211E-003
   2.2005000114440918        7.1084674455914622E-004   1.2933965992743721E-003
   2.2035000324249268        7.2409039798774686E-004   1.3183465428989367E-003
   2.2065000534057617        7.3384197225406724E-004   1.3369678348877120E-003
   2.2095000743865967        7.4010086172273835E-004   1.3492473127353808E-003
   2.2125000953674316        7.4288212153672854E-004   1.3552001497944670E-003
   2.2155001163482666        7.4221671376752097E-004   1.3548703104117263E-003
   2.2184998989105225        7.3815071937752773E-004   1.3483303659005512E-003
   2.2214999198913574        7.3074471857653115E-004   1.3356782139311303E-003
   2.2244999408721924        7.2007427667574115E-004   1.3170409086457190E-003
   2.2274999618530273        7.0622934278487975E-004   1.2925703523826160E-003
   2.2304999828338623        6.8931302219582698E-004   1.2624443598910427E-003
   2.2335000038146973        6.6944204560028214E-004   1.2268651939535537E-003
   2.2365000247955322        6.4674512626255879E-004   1.1860581956159972E-003
   2.2395000457763672        6.2136299379906971E-004   1.1402708692416174E-003
   2.2425000667572021        5.9344722783744182E-004   1.0897719234631022E-003
   2.2455000877380371        5.6315989398410097E-004   1.0348490168125438E-003
   2.2485001087188721        5.3067238065955568E-004   9.7580832529338803E-004
   2.2514998912811279        4.9616753130132557E-004   9.1297750876163420E-004
   2.2544999122619629        4.5982744518143723E-004   8.4668409677608259E-004
   2.2574999332427979        4.2184922458469233E-004   7.7728383244892092E-004
   2.2604999542236328        3.8243296786587652E-004   7.0513899428197729E-004
   2.2634999752044678        3.4178377534658903E-004   6.3062177291913824E-004
   2.2664999961853027        3.0011041614733661E-004   5.5411243774430039E-004
   2.2695000171661377        2.5762445530845692E-004   4.7599736182921690E-004
   2.2725000381469727        2.1453932452008236E-004   3.9666697462657774E-004
   2.2755000591278076        1.7106901140900337E-004   3.1651456799950751E-004
   2.2785000801086426        1.2742749265470005E-004   2.3593361564923354E-004
   2.2815001010894775        8.3827205314337291E-005   1.5531646440388510E-004
   2.2844998836517334        4.0481866860471406E-005   7.5058545861530644E-005
   2.2874999046325684        2.4085139502383118E-006   4.4688671938061302E-006
   2.2904999256134033        4.4637801726106232E-005   8.2882173218060755E-005
   2.2934999465942383        8.6008550804082744E-005   1.5981279195265909E-004
   2.2964999675750732        1.2632942431342508E-004   2.3490246242926336E-004
   2.2994999885559082        1.6541611383137745E-004   3.0780502564956599E-004
   2.3025000095367432        2.0309219566961507E-004   3.7818778102367183E-004
   2.3055000305175781        2.3918986266077615E-004   4.4573331311340681E-004
   2.3085000514984131        2.7355074418578066E-004   5.1014083852676513E-004
   2.3115000724792480        3.0602661352060215E-004   5.7112739286077228E-004
   2.3145000934600830        3.3648004426946489E-004   6.2842935843365039E-004
   2.3175001144409180        3.6478500762996405E-004   6.8180364073188685E-004
   2.3204998970031738        3.9082527131126954E-004   7.3102472148684372E-004
   2.3234999179840088        4.1450324078819980E-004   7.7590126003898282E-004
   2.3264999389648438        4.3572792410938809E-004   8.1625333696724303E-004
   2.3294999599456787        4.5442349171916817E-004   8.5192911295002473E-004
   2.3324999809265137        4.7052747084677833E-004   8.8280122329191762E-004
   2.3355000019073486        4.8399142051703842E-004   9.0876775744754684E-004
   2.3385000228881836        4.9478038553997722E-004   9.2975205580591192E-004
   2.3415000438690186        5.0287320097421571E-004   9.4570326649048256E-004
   2.3445000648498535        5.0826289831188386E-004   9.5659653892117438E-004
   2.3475000858306885        5.1095619344880235E-004   9.6243254049227717E-004
   2.3505001068115234        5.1097319635828821E-004   9.6323768420938027E-004
   2.3534998893737793        5.0834824893348748E-004   9.5906432460798668E-004
   2.3564999103546143        5.0312777527545844E-004   9.4998834486991444E-004
   2.3594999313354492        4.9537184672913839E-004   9.3611110145018972E-004
   2.3624999523162842        4.8515269175065424E-004   9.1755717394818100E-004
   2.3654999732971191        4.7255456686642595E-004   8.9447459662432907E-004
   2.3684999942779541        4.5767322033448451E-004   8.6418859918443254E-004
   2.3715000152587891        4.4061528154111827E-004   8.3253358696690715E-004
   2.3745000362396240        4.2149757052383505E-004   7.9694415260367834E-004
   2.3775000572204590        4.0044648776382742E-004   7.5765126055221286E-004
   2.3805000782012939        3.7759724339383940E-004   7.1490313214405484E-004
   2.3835000991821289        3.5309312542540082E-004   6.6896384359422156E-004
   2.3864998817443848        3.2708676445229306E-004   6.2011583714952209E-004
   2.3894999027252197        2.9973087949470423E-004   5.6864260680684268E-004
   2.3924999237060547        2.7119001109317026E-004   5.1485041721355599E-004
   2.3954999446868896        2.4163102494771066E-004   4.5905131637349780E-004
   2.3984999656677246        2.1122478096703232E-004   4.0156519916246624E-004
   2.4014999866485596        1.8014474058218491E-004   3.4271806553937850E-004
   2.4045000076293945        1.4856615540839293E-004   2.8284047754568585E-004
   2.4075000286102295        1.1666527008782227E-004   2.2226477849492012E-004
   2.4105000495910645        8.4618142071098005E-005   1.6132498128034785E-004
   2.4135000705718994        5.2599855878517272E-005   1.0035371133207619E-004
   2.4165000915527344        2.0783518437712706E-005   3.9680794417391854E-005
   2.4195001125335693        1.0660644969058190E-005   2.0368496453290978E-005
   2.4224998950958252        4.1563738906234154E-005   7.9470511225099007E-005
   2.4254999160766602        7.1768869728716517E-005   1.3732362216553137E-004
   2.4284999370574951        1.0111725095427903E-004   1.9362163429898822E-004
   2.4314999580383301        1.2945883560059262E-004   2.4807425236195521E-004
   2.4344999790191650        1.5665070224456847E-004   3.0040384840677428E-004
   2.4375000000000000        1.8255767968887381E-004   3.5034689349516845E-004
   2.4405000209808350        2.0705307377078604E-004   3.9765530679909097E-004
   2.4435000419616699        2.3001933189583065E-004   4.4209771484991306E-004
   2.4465000629425049        2.5134858672369126E-004   4.8346061416304850E-004
   2.4495000839233398        2.7094310177780439E-004   5.2154943099010781E-004
   2.4525001049041748        2.8871588913134981E-004   5.5618947251213587E-004
   2.4554998874664307        3.0458980492138624E-004   5.8722444458076100E-004
   2.4584999084472656        3.1850279363579843E-004   6.1452675189092854E-004
   2.4614999294281006        3.3040064018229325E-004   6.3798327994694221E-004
   2.4644999504089355        3.4024246384706003E-004   6.5750603372525921E-004
   2.4674999713897705        3.4799899874110460E-004   6.7302987093424964E-004
   2.4704999923706055        3.5365361040093785E-004   6.8451271771320145E-004
   2.4735000133514404        3.5720120597143562E-004   6.9193565409092386E-004
   2.4765000343322754        3.5864910562462005E-004   6.9530286893182858E-004
   2.4795000553131104        3.5801621752969376E-004   6.9464148483380610E-004
   2.4825000762939453        3.5533329171463177E-004   6.9000125417843956E-004
   2.4855000972747803        3.5064237504004402E-004   6.8145412826596215E-004
   2.4885001182556152        3.4399655246884688E-004   6.6909370219057679E-004
   2.4914999008178711        3.3546053145328935E-004   6.5303595860405328E-004
   2.4944999217987061        3.2510681431078555E-004   6.3341307310461155E-004
   2.4974999427795410        3.1301981651665897E-004   6.1038018288796529E-004
   2.5004999637603760        2.9929235931969628E-004   5.8410955259797571E-004
   2.5034999847412109        2.8402587724206922E-004   5.5479059285706866E-004
   2.5065000057220459        2.6732958012930783E-004   5.2262865372621414E-004
   2.5095000267028809        2.4931994078614415E-004   4.8784373115315295E-004
   2.5125000476837158        2.3011979150627579E-004   4.5066909405022584E-004
   2.5155000686645508        2.0985771344357202E-004   4.1134984010967815E-004
   2.5185000896453857        1.8866701166992821E-004   3.7014138888477236E-004
   2.5215001106262207        1.6668516812749854E-004   3.2730792103700295E-004
   2.5244998931884766        1.4405458776957537E-004   2.8312433110739562E-004
   2.5274999141693115        1.2091461662474790E-004   2.3786042894310925E-004
   2.5304999351501465        9.7411471563311016E-005   1.9180037679480586E-004
   2.5334999561309814        7.3690126054646451E-005   1.4522704340946645E-004
   2.5364999771118164        4.9895369796166673E-005   9.8423778430872566E-005
   2.5394999980926514        2.6170813482517176E-005   5.1672729683503598E-005
   2.5425000190734863        2.6580941802008549E-006   5.2531748070237963E-006
   2.5455000400543213        2.0503950783822946E-005   4.0560122866998596E-005
   2.5485000610351562        4.3180106140102400E-005   8.5498524443886336E-005
   2.5515000820159912        6.5239563650795854E-005   1.2930108204670170E-004
   2.5545001029968262        8.6556695450065539E-005   1.7171605255213989E-004
   2.5574998855590820        1.0701011451161253E-004   2.1249917898090437E-004
   2.5604999065399170        1.2648984350200124E-004   2.5142791042237652E-004
   2.5634999275207520        1.4488821235278691E-004   2.8828322915998305E-004
   2.5664999485015869        1.6210695929152870E-004   3.2286398402481666E-004
   2.5694999694824219        1.7805610802308237E-004   3.5498470409419530E-004
   2.5724999904632568        1.9265440878963070E-004   3.8447662142005861E-004
   2.5755000114440918        2.0582999605699929E-004   4.1118858754151842E-004
   2.5785000324249268        2.1752038123147403E-004   4.3498787840328638E-004
   2.5815000534057617        2.2767311055904823E-004   4.5576088298342237E-004
   2.5845000743865967        2.3624571611682898E-004   4.7341367164634401E-004
   2.5875000953674316        2.4320605833930468E-004   4.8787244097600873E-004
   2.5905001163482666        2.4853239580510807E-004   4.9908383260516937E-004
   2.5934998989105225        2.5221329790548131E-004   5.0701462480062787E-004
   2.5964999198913574        2.5424839266978606E-004   5.1165405465904612E-004
   2.5994999408721924        2.5464684765362820E-004   5.1300996846756410E-004
   2.6024999618530273        2.5342827938799347E-004   5.1111141161714149E-004
   2.6054999828338623        2.5062230329491293E-004   5.0600754678100334E-004
   2.6085000038146973        2.4626828205035714E-004   4.9776720876414061E-004
   2.6115000247955322        2.4041488150311970E-004   4.8647833811751666E-004
   2.6145000457763672        2.3311977580621731E-004   4.7224729733638318E-004
   2.6175000667572021        2.2444909654264415E-004   4.5519807420239507E-004
   2.6205000877380371        2.1447710548303808E-004   4.3547137754242288E-004
   2.6235001087188721        2.0328545929922335E-004   4.1322363135856737E-004
   2.6264998912811279        1.9096378450046892E-004   3.8862791734054798E-004
   2.6294999122619629        1.7760490937738927E-004   3.6186477693784191E-004
   2.6324999332427979        1.6331020638105253E-004   3.3313269364846585E-004
   2.6354999542236328        1.4818504040245984E-004   3.0263910347446988E-004
   2.6384999752044678        1.3233886116476810E-004   2.7060085512621226E-004
   2.6414999961853027        1.1588462552520571E-004   2.3724275251185857E-004
   2.6445000171661377        9.8937875876318988E-005   2.0279605281113132E-004
   2.6475000381469727        8.1616069074342735E-005   1.6749692990839486E-004
   2.6505000591278076        6.4037765293996655E-005   1.3158491318401752E-004
   2.6535000801086426        4.6321816067880710E-005   9.5301311822260220E-005
   2.6565001010894775        2.8586617107802081E-005   5.8887634887678340E-005
   2.6594998836517334        1.0950717148067788E-005   2.2586891899615876E-005
   2.6624999046325684        6.4735694801605826E-006   1.3369499474505757E-005
   2.6654999256134033        2.3572442215021939E-005   4.8745905423261378E-005
   2.6684999465942383        4.0236974340626199E-005   8.3315542242913749E-005
   2.6714999675750732        5.6362400326166571E-005   1.1685903237307724E-004
   2.6744999885559082        7.1848769757459116E-005   1.4916579759769748E-004
   2.6775000095367432        8.6601586630139844E-005   1.8003538769423467E-004
   2.6805000305175781        1.0053233120182313E-004   2.0927873591327918E-004
   2.6835000514984131        1.1355909152421676E-004   2.3671933315692480E-004
   2.6865000724792480        1.2560692863297003E-004   2.6219431326570048E-004
   2.6895000934600830        1.3660847541383246E-004   2.8555544241678696E-004
   2.6925001144409180        1.4650414036876736E-004   3.0667000627743912E-004
   2.6954998970031738        1.5524192375152872E-004   3.2542019564820959E-004
   2.6984999179840088        1.6278035594787871E-004   3.4170954640084221E-004
   2.7014999389648438        1.6908442475383292E-004   3.5545453548343700E-004
   2.7044999599456787        1.7412876510900871E-004   3.6659116868429867E-004
   2.7074999809265137        1.7789683265269108E-004   3.7507370091835419E-004
   2.7105000019073486        1.8038113981854210E-004   3.8087481729355701E-004
   2.7135000228881836        1.8158299110992206E-004   3.8398568848492569E-004
   2.7165000438690186        1.8151257796494461E-004   3.8441590036380872E-004
   2.7195000648498535        1.8018865910612530E-004   3.8219325868582799E-004
   2.7225000858306885        1.7763850456330269E-004   3.7736347049305481E-004
   2.7255001068115234        1.7389753992336381E-004   3.6998970472826206E-004
   2.7284998893737793        1.6900942339331495E-004   3.6015291265993941E-004
   2.7314999103546143        1.6302406512899226E-004   3.4794783252015078E-004
   2.7344999313354492        1.5599954587801118E-004   3.3348691331822484E-004
   2.7374999523162842        1.4800020801519859E-004   3.1689649394279676E-004
   2.7404999732971191        1.3909636036903741E-004   2.9831651046124513E-004
   2.7434999942779541        1.2936379124249518E-004   2.7789942895918042E-004
   2.7465000152587891        1.1888328028557210E-004   2.5580909664331186E-004
   2.7495000362396240        1.0773976768918367E-004   2.3221951941783617E-004
   2.7525000572204590        9.6021931535684996E-005   2.0731357465323869E-004
   2.7555000782012939        8.3821354200705261E-005   1.8128166831513757E-004
   2.7585000991821289        7.1231921942763244E-005   1.5432034600580658E-004
   2.7614998817443848        5.8350132133979955E-005   1.2663309186650065E-004
   2.7644999027252197        4.5270315685371776E-005   9.8420014430508529E-005
   2.7674999237060547        3.2090054477453750E-005   6.9889607297260678E-005
   2.7704999446868896        1.8905405514533044E-005   4.1248513549645526E-005
   2.7734999656677246        5.8112508181047846E-006   1.2702232642386471E-005
   2.7764999866485596        7.0993932427754036E-006   1.5546331571458667E-005
   2.7795000076293945        1.9736019598176731E-005   4.3298297095553330E-005
   2.7825000286102295        3.2011268949919555E-005   7.0360194238012133E-005
   2.7855000495910645        4.3841525628052439E-005   9.6545310424976690E-005
   2.7885000705718994        5.5147481273736337E-005   1.2167497988659750E-004
   2.7915000915527344        6.5854682037526157E-005   1.4557980912369357E-004
   2.7945001125335693        7.5894027459398459E-005   1.6810082953153596E-004
   2.7974998950958252        8.5201483155868368E-005   1.8908896548943549E-004
   2.8004999160766602        9.3721404334823685E-005   2.0841256944336076E-004
   2.8034999370574951        1.0120070278234620E-004   2.2594828507000174E-004
   2.8064999580383301        1.0807106590857073E-004   2.4158864110537250E-004
   2.8094999790191650        1.1403580097234249E-004   2.5524100015267596E-004
   2.8125000000000000        1.1906377658833798E-004   2.6682812680983866E-004
   2.8155000209808350        1.2313109859735222E-004   2.7628864047078683E-004
   2.8185000419616699        1.2622121462527305E-004   2.8357734982950529E-004
   2.8215000629425049        1.2832496402064472E-004   2.8866546698583668E-004
   2.8245000839233398        1.2944057310323136E-004   2.9154069993842158E-004
   2.8275001049041748        1.2957359605870675E-004   2.9220722314684183E-004
   2.8304998874664307        1.2873690677091070E-004   2.9068573375954200E-004
   2.8334999084472656        1.2695018990918841E-004   2.8701252203045766E-004
   2.8364999294281006        1.2424012610842567E-004   2.8123981309942240E-004
   2.8394999504089355        1.2063993630235724E-004   2.7343495223323727E-004
   2.8424999713897705        1.1618909778011313E-004   2.6367982658180106E-004
   2.8454999923706055        1.1093298780692864E-004   2.5207014730307340E-004
   2.8485000133514404        1.0492248589616491E-004   2.3871463209532292E-004
   2.8515000343322754        9.8213537940834039E-005   2.2373409456297240E-004
   2.8545000553131104        9.0866685687814966E-005   2.0726044753579067E-004
   2.8575000762939453        8.2946565286303554E-005   1.8943562810165104E-004
   2.8605000972747803        7.4521378861971296E-005   1.7041045269586920E-004
   2.8635001182556152        6.5662343258004915E-005   1.5034341111030909E-004
   2.8664999008178711        5.6443865236089659E-005   1.2940110357669460E-004
   2.8694999217987061        4.6939997183882104E-005   1.0775021091646496E-004
   2.8724999427795410        3.7228248690892745E-005   8.5566169815862815E-005
   2.8754999637603760        2.7386079056393127E-005   6.3025215464325147E-005
   2.8784999847412109        1.7491017695978684E-005   4.0304648306129862E-005
   2.8815000057220459        7.6200693541243941E-006   1.7581468018051224E-005
   2.8845000267028809        2.1508719956056321E-006   4.9689829750385112E-006
   2.8875000476837158        1.1747596113178074E-005   2.7174356059365502E-005
   2.8905000686645508        2.1098131985378007E-005   4.8866602843777213E-005
   2.8935000896453857        3.0133281668236740E-005   6.9883241445119697E-005
   2.8965001106262207        3.8787128479807637E-005   9.0068572990496649E-005
   2.8994998931884766        4.6996882444023163E-005   1.0927335534967966E-004
   2.9024999141693115        5.4705901357311196E-005   1.2736192175161166E-004
   2.9054999351501465        6.1860178385806432E-005   1.4420401950657752E-004
   2.9084999561309814        6.8411363213155427E-005   1.5968193645777605E-004
   2.9114999771118164        7.4316419534780151E-005   1.7368977288979991E-004
   2.9144999980926514        7.9537909256330121E-005   1.8613418361887124E-004
   2.9175000190734863        8.4044230510859610E-005   1.9693501759164700E-004
   2.9205000400543213        8.7809807897357438E-005   2.0602585030574520E-004
   2.9235000610351562        9.0815233725492089E-005   2.1335440521529238E-004
   2.9265000820159912        9.3047359442645412E-005   2.1888286116612501E-004
   2.9295001029968262        9.4499336816297310E-005   2.2258804381062247E-004
   2.9324998855590820        9.5170586407317560E-005   2.2446142369851840E-004
   2.9354999065399170        9.5066889534024891E-005   2.2450952234785812E-004
   2.9384999275207520        9.4199960735252296E-005   2.2275285995825391E-004
   2.9414999485015869        9.2587566922405423E-005   2.1922642214695315E-004
   2.9444999694824219        9.0253240504248452E-005   2.1397905129354568E-004
   2.9474999904632568        8.7226032307939183E-005   2.0707295070706425E-004
   2.9505000114440918        8.3540222208148017E-005   1.9858308427157470E-004
   2.9535000324249268        7.9234990045123839E-005   1.8859647675495897E-004
   2.9565000534057617        7.4354049722045640E-005   1.7721142075902651E-004
   2.9595000743865967        6.8945249657528400E-005   1.6453659703471999E-004
   2.9625000953674316        6.3060143028412040E-005   1.5069011557781924E-004
   2.9655001163482666        5.6753531468850832E-005   1.3579848555242727E-004
   2.9684998989105225        5.0083529104070081E-005   1.1999681109265981E-004
   2.9714999198913574        4.3108914622897711E-005   1.0342254707570723E-004
   2.9744999408721924        3.5891807088809656E-005   8.6221861259973048E-005
   2.9774999618530273        2.8495046647187145E-005   6.8543446431396988E-005
   2.9804999828338623        2.0982182815546172E-005   5.0538493982807082E-005
   2.9835000038146973        1.3416944840413978E-005   3.2359432426780405E-005
   2.9865000247955322        5.8627149230976077E-006   1.4158662760677606E-005
   2.9895000457763672        1.6179913652951007E-006   3.9126988858701941E-006
   2.9925000667572021        8.9640332365617666E-006   2.1706060966732160E-005
   2.9955000877380371        1.6116137275155245E-005   3.9076568405944799E-005
   2.9985001087188721        2.3017370480619961E-005   5.5884276709491362E-005
